0.000000000000000000e+00 -2.405533305259637800e+01
4.000000000000000083e-03 -2.803899090472156885e+01
8.000000000000000167e-03 -3.239215256576758151e+01
1.200000000000000025e-02 -3.712057375749866850e+01
1.609999999999999973e-02 -4.222706004024614401e+01
2.009999999999999981e-02 -4.771110982891751462e+01
2.409999999999999989e-02 -5.356914935357416852e+01
2.809999999999999998e-02 -5.979409067996069638e+01
3.209999999999999659e-02 -6.637553566132653771e+01
3.610000000000000014e-02 -7.329977414326177154e+01
4.009999999999999676e-02 -8.054991793714484061e+01
4.410000000000000031e-02 -8.810592984695014707e+01
4.819999999999999979e-02 -9.594492342689659381e+01
5.220000000000000334e-02 -1.040413378669174733e+02
5.619999999999999996e-02 -1.123672762812081771e+02
6.019999999999999657e-02 -1.208928203216390926e+02
6.419999999999999318e-02 -1.295863894250473152e+02
6.819999999999999674e-02 -1.384149549611232715e+02
7.220000000000000029e-02 -1.473445221764973496e+02
7.630000000000000671e-02 -1.563408521685491905e+02
8.029999999999999638e-02 -1.653691019719381075e+02
8.429999999999999993e-02 -1.743949076125134354e+02
8.830000000000000349e-02 -1.833845018598786112e+02
9.229999999999999316e-02 -1.923049225228056400e+02
9.629999999999999671e-02 -2.011245592561140256e+02
1.003000000000000003e-01 -2.098132396926665422e+02
1.043000000000000038e-01 -2.183426093683077056e+02
1.083999999999999964e-01 -2.266863287384020111e+02
1.123999999999999999e-01 -2.348199993846661471e+02
1.164000000000000035e-01 -2.427218645818453240e+02
1.203999999999999931e-01 -2.503716869324774450e+02
1.243999999999999967e-01 -2.577525176101207762e+02
1.283999999999999864e-01 -2.648488422486592526e+02
1.323999999999999899e-01 -2.716480691018188054e+02
1.365000000000000102e-01 -2.781392851720974591e+02
1.405000000000000138e-01 -2.843135056638026867e+02
1.444999999999999896e-01 -2.901638763569997082e+02
1.484999999999999931e-01 -2.956852863446237052e+02
1.524999999999999967e-01 -3.008735533999583822e+02
1.565000000000000002e-01 -3.057263940381681095e+02
1.605000000000000038e-01 -3.102425599950059905e+02
1.645000000000000073e-01 -3.144207832755781737e+02
1.685999999999999999e-01 -3.182618772726387419e+02
1.726000000000000034e-01 -3.217663632819318877e+02
1.766000000000000070e-01 -3.249353579426089595e+02
1.806000000000000105e-01 -3.277705041776825396e+02
1.845999999999999863e-01 -3.302734459930248363e+02
1.885999999999999899e-01 -3.324459573554453868e+02
1.925999999999999934e-01 -3.342904820938857711e+02
1.967000000000000137e-01 -3.358087048582246439e+02
2.006999999999999895e-01 -3.370033620095397282e+02
2.046999999999999931e-01 -3.378768060210563817e+02
2.086999999999999966e-01 -3.384319212937029988e+02
2.127000000000000002e-01 -3.386717827812681776e+02
2.167000000000000037e-01 -3.386000243410331336e+02
2.207000000000000073e-01 -3.382209338060243908e+02
2.247000000000000108e-01 -3.375391550853512399e+02
2.288000000000000034e-01 -3.365603488222737951e+02
2.328000000000000069e-01 -3.352907631597223030e+02
2.368000000000000105e-01 -3.337375115807358270e+02
2.407999999999999863e-01 -3.319088988829231539e+02
2.447999999999999898e-01 -3.298138529056936363e+02
2.487999999999999934e-01 -3.274622004195227873e+02
2.528000000000000247e-01 -3.248653210279125574e+02
2.569000000000000172e-01 -3.220346820771270018e+02
2.609000000000000208e-01 -3.189827312156177186e+02
2.649000000000000243e-01 -3.157225833652447591e+02
2.688999999999999724e-01 -3.122682359456237577e+02
2.728999999999999759e-01 -3.086332000764954842e+02
2.768999999999999795e-01 -3.048317045745467340e+02
2.808999999999999830e-01 -3.008777504979883588e+02
2.848999999999999866e-01 -2.967851289004357795e+02
2.889999999999999791e-01 -2.925665417836921733e+02
2.929999999999999827e-01 -2.882350358952598413e+02
2.969999999999999862e-01 -2.838016109088997041e+02
3.009999999999999898e-01 -2.792767232596456779e+02
3.049999999999999933e-01 -2.746694662888485254e+02
3.089999999999999969e-01 -2.699871724461109466e+02
3.130000000000000004e-01 -2.652359720383167883e+02
3.170999999999999930e-01 -2.604201835321272256e+02
3.210999999999999965e-01 -2.555421954158392168e+02
3.251000000000000001e-01 -2.506031120064066897e+02
3.291000000000000036e-01 -2.456020588280306356e+02
3.331000000000000072e-01 -2.405370101669147118e+02
3.371000000000000107e-01 -2.354040025178516657e+02
3.411000000000000143e-01 -2.301983430669632469e+02
3.452000000000000068e-01 -2.249139142630657489e+02
3.492000000000000104e-01 -2.195443779157585595e+02
3.532000000000000139e-01 -2.140823715164540033e+02
3.572000000000000175e-01 -2.085206029873026807e+02
3.612000000000000210e-01 -2.028520332552856189e+02
3.652000000000000246e-01 -1.970700022236399320e+02
3.691999999999999726e-01 -1.911684977269241301e+02
3.731999999999999762e-01 -1.851430283768101219e+02
3.773000000000000242e-01 -1.789902385595734415e+02
3.812999999999999723e-01 -1.727085068135353367e+02
3.852999999999999758e-01 -1.662983355957256890e+02
3.892999999999999794e-01 -1.597622877332557039e+02
3.932999999999999829e-01 -1.531052046345698159e+02
3.972999999999999865e-01 -1.463346296098175117e+02
4.012999999999999901e-01 -1.394604550592733290e+02
4.053999999999999826e-01 -1.324952379185902203e+02
4.093999999999999861e-01 -1.254539057457441089e+02
4.133999999999999897e-01 -1.183540096855238062e+02
4.173999999999999932e-01 -1.112152286120162898e+02
4.213999999999999968e-01 -1.040592450025998943e+02
4.254000000000000004e-01 -9.690974034690793815e+01
4.294000000000000039e-01 -8.979180728469651740e+01
4.334000000000000075e-01 -8.273174650754995696e+01
4.375000000000000000e-01 -7.575660537929027782e+01
4.415000000000000036e-01 -6.889411807238968777e+01
4.455000000000000071e-01 -6.217171729386920020e+01
4.495000000000000107e-01 -5.561670255659152673e+01
4.535000000000000142e-01 -4.925557105433772875e+01
4.575000000000000178e-01 -4.311357810420411596e+01
4.615000000000000213e-01 -3.721450708200849533e+01
4.656000000000000139e-01 -3.158019938988194397e+01
4.696000000000000174e-01 -2.623045084017548945e+01
4.736000000000000210e-01 -2.118231082611673344e+01
4.776000000000000245e-01 -1.645030811183536557e+01
4.815999999999999726e-01 -1.204602544054175084e+01
4.855999999999999761e-01 -7.977988592721684924e+00
4.895999999999999797e-01 -4.251657351158758757e+00
4.935999999999999832e-01 -8.693425198273740939e-01
4.976999999999999758e-01 2.169750037446496194e+00
5.017000000000000348e-01 4.869348779985166686e+00
5.057000000000000384e-01 7.236164747492831673e+00
5.097000000000000419e-01 9.279526328353078668e+00
5.137000000000000455e-01 1.101123889501141129e+01
5.177000000000000490e-01 1.244531488399641717e+01
5.217000000000000526e-01 1.359768480562155091e+01
5.258000000000000451e-01 1.448587778358668920e+01
5.298000000000000487e-01 1.512866490394771013e+01
5.338000000000000522e-01 1.554580351462420396e+01
5.377999999999999448e-01 1.575758594299760240e+01
5.417999999999999483e-01 1.578459311681488231e+01
5.457999999999999519e-01 1.564729606416026186e+01
5.497999999999999554e-01 1.536583187030761799e+01
5.537999999999999590e-01 1.495964271269811086e+01
5.578999999999999515e-01 1.444726763035283845e+01
5.618999999999999551e-01 1.384612248558158321e+01
5.658999999999999586e-01 1.317228104388436272e+01
5.698999999999999622e-01 1.244036586979533077e+01
5.738999999999999657e-01 1.166341836619527861e+01
5.778999999999999693e-01 1.085284794975179246e+01
5.818999999999999728e-01 1.001840204479178631e+01
5.859999999999999654e-01 9.168156782110658654e+00
5.899999999999999689e-01 8.308620451055917400e+00
5.939999999999999725e-01 7.444745557063257912e+00
5.979999999999999760e-01 6.580091755695232081e+00
6.019999999999999796e-01 5.716953368643724609e+00
6.059999999999999831e-01 4.856501682623012961e+00
6.099999999999999867e-01 3.998978934817032815e+00
6.139999999999999902e-01 3.143871318240918367e+00
6.180999999999999828e-01 2.290099659384233544e+00
6.220999999999999863e-01 1.436241000889319608e+00
6.260999999999999899e-01 5.806574400242751066e-01
6.300999999999999934e-01 -2.782677067262940840e-01
6.340999999999999970e-01 -1.141990481744017183e+00
6.381000000000000005e-01 -2.011653964941243267e+00
6.421000000000000041e-01 -2.887960268910133355e+00
6.461999999999999966e-01 -3.771060034984317078e+00
6.502000000000000002e-01 -4.660460924335763977e+00
6.542000000000000037e-01 -5.555005612547738281e+00
6.582000000000000073e-01 -6.452806781255056023e+00
6.622000000000000108e-01 -7.351255616068826271e+00
6.662000000000000144e-01 -8.247039296728006619e+00
6.702000000000000179e-01 -9.136195988929451062e+00
6.742000000000000215e-01 -1.001417584279604078e+01
6.783000000000000140e-01 -1.087593635168064488e+01
6.823000000000000176e-01 -1.171600552112620974e+01
6.863000000000000211e-01 -1.252866252149908455e+01
6.903000000000000247e-01 -1.330803102080296085e+01
6.943000000000000282e-01 -1.404819003180339188e+01
6.983000000000000318e-01 -1.474335152054400844e+01
7.023000000000000353e-01 -1.538795642855859036e+01
7.064000000000000279e-01 -1.597683432444135754e+01
7.104000000000000314e-01 -1.650528608344425763e+01
7.144000000000000350e-01 -1.696925154870729102e+01
7.184000000000000385e-01 -1.736534787666626301e+01
7.224000000000000421e-01 -1.769097986715732773e+01
7.264000000000000457e-01 -1.794438430776172666e+01
7.304000000000000492e-01 -1.812469896844422479e+01
7.344000000000000528e-01 -1.823194662325456861e+01
7.385000000000000453e-01 -1.826706225790157134e+01
7.425000000000000488e-01 -1.823187198899041661e+01
7.465000000000000524e-01 -1.812905625439818635e+01
7.504999999999999449e-01 -1.796209063234484660e+01
7.544999999999999485e-01 -1.773516793977239914e+01
7.584999999999999520e-01 -1.745310301787738894e+01
7.624999999999999556e-01 -1.712125572751530811e+01
7.665999999999999481e-01 -1.674542461570145591e+01
7.705999999999999517e-01 -1.633168663493478689e+01
7.745999999999999552e-01 -1.588634270327366060e+01
7.785999999999999588e-01 -1.541572915447252967e+01
7.825999999999999623e-01 -1.492615699440354682e+01
7.865999999999999659e-01 -1.442374927106518712e+01
7.905999999999999694e-01 -1.391439104522146764e+01
7.945999999999999730e-01 -1.340355942103929010e+01
7.986999999999999655e-01 -1.289630734732155481e+01
8.026999999999999691e-01 -1.239715743875125931e+01
8.066999999999999726e-01 -1.191002436965747968e+01
8.106999999999999762e-01 -1.143823045318642251e+01
8.146999999999999797e-01 -1.098443585758805163e+01
8.186999999999999833e-01 -1.055064175111232849e+01
8.226999999999999869e-01 -1.013818530328576983e+01
8.267999999999999794e-01 -9.747797237381691460e+00
8.307999999999999829e-01 -9.379600003985929746e+00
8.347999999999999865e-01 -9.033163447652187372e+00
8.387999999999999901e-01 -8.707583122885541371e+00
8.427999999999999936e-01 -8.401526138448486947e+00
8.467999999999999972e-01 -8.113316581912702219e+00
8.508000000000000007e-01 -7.841012521190918072e+00
8.548000000000000043e-01 -7.582483004536920035e+00
8.588999999999999968e-01 -7.335487521487118912e+00
8.629000000000000004e-01 -7.097765692791135450e+00
8.669000000000000039e-01 -6.867087894124994207e+00
8.709000000000000075e-01 -6.641341635186352121e+00
8.749000000000000110e-01 -6.418579873338266850e+00
8.789000000000000146e-01 -6.197076552157002816e+00
8.829000000000000181e-01 -5.975363605772317399e+00
8.870000000000000107e-01 -5.752255572366712144e+00
8.910000000000000142e-01 -5.526875542508451034e+00
8.950000000000000178e-01 -5.298647269378927049e+00
8.990000000000000213e-01 -5.067306064162134582e+00
9.030000000000000249e-01 -4.832877852307254862e+00
9.070000000000000284e-01 -4.595654565901558186e+00
9.110000000000000320e-01 -4.356168143670397619e+00
9.151000000000000245e-01 -4.115153032712512982e+00
9.191000000000000281e-01 -3.873500696929379483e+00
9.231000000000000316e-01 -3.632217602208990925e+00
9.271000000000000352e-01 -3.392390230476145074e+00
9.311000000000000387e-01 -3.155118577901176113e+00
9.351000000000000423e-01 -2.921495646271261570e+00
9.391000000000000458e-01 -2.692560449373197162e+00
9.431000000000000494e-01 -2.469256011716840060e+00
9.472000000000000419e-01 -2.252411011855937062e+00
9.512000000000000455e-01 -2.042722535657294003e+00
9.552000000000000490e-01 -1.840721572570856335e+00
9.592000000000000526e-01 -1.646784513742786116e+00
9.631999999999999451e-01 -1.461122401044090191e+00
9.671999999999999487e-01 -1.283792273792666361e+00
9.711999999999999522e-01 -1.114705169263923379e+00
9.752999999999999448e-01 -9.536441169584006783e-01
9.792999999999999483e-01 -8.002901527109467228e-01
9.832999999999999519e-01 -6.542352889404960958e-01
9.872999999999999554e-01 -5.150195428684261056e-01
9.912999999999999590e-01 -3.821489229200001336e-01
9.952999999999999625e-01 -2.551234306270845353e-01
9.992999999999999661e-01 -1.334560626706360331e-01
1.003300000000000081e+00 -1.669381037007659774e-02
1.007400000000000073e+00 9.557103709160398586e-02
1.011400000000000077e+00 2.036873967936965180e-01
1.015400000000000080e+00 3.079493810176809898e-01
1.019400000000000084e+00 4.085903054988865302e-01
1.023400000000000087e+00 5.057951827475534179e-01
1.027400000000000091e+00 5.997100227208110867e-01
1.031400000000000095e+00 6.904558318014353269e-01
1.035500000000000087e+00 7.781521565854129241e-01
1.039500000000000091e+00 8.629243567741614607e-01
1.043500000000000094e+00 9.449380611772673078e-01
1.047500000000000098e+00 1.024399712730992063e+00
1.051500000000000101e+00 1.101578295606052027e+00
1.055500000000000105e+00 1.176804793973164287e+00
1.059500000000000108e+00 1.250473191747734081e+00
1.063499999999999890e+00 1.323025476674833278e+00
1.067600000000000104e+00 1.394930089869633738e+00
1.071600000000000108e+00 1.466643690625468510e+00
1.075599999999999890e+00 1.538566637265465165e+00
1.079599999999999893e+00 1.610977512673687162e+00
1.083599999999999897e+00 1.683958367146405344e+00
1.087599999999999900e+00 1.757306273447260869e+00
1.091599999999999904e+00 1.830437328849752410e+00
1.095699999999999896e+00 1.902275106558256601e+00
1.099699999999999900e+00 1.971132420049054312e+00
1.103699999999999903e+00 2.034596797196699391e+00
1.107699999999999907e+00 2.089407006913583054e+00
1.111699999999999910e+00 2.131323299149193495e+00
1.115699999999999914e+00 2.155026949384122759e+00
1.119699999999999918e+00 2.154010261183174180e+00
1.123699999999999921e+00 2.120478563131630967e+00
1.127799999999999914e+00 2.045296729118303514e+00
1.131799999999999917e+00 1.917918524581536666e+00
1.135799999999999921e+00 1.726371908145039713e+00
1.139799999999999924e+00 1.457260712110285850e+00
1.143799999999999928e+00 1.095799291104282647e+00
1.147799999999999931e+00 6.258809823928881411e-01
1.151799999999999935e+00 3.017609822148092924e-02
1.155899999999999928e+00 -7.097316928423562654e-01
1.159899999999999931e+00 -1.613153334662837946e+00
1.163899999999999935e+00 -2.700132470282518682e+00
1.167899999999999938e+00 -3.991171370239098959e+00
1.171899999999999942e+00 -5.506983981683198692e+00
1.175899999999999945e+00 -7.268204325039699043e+00
1.179899999999999949e+00 -9.295081498603343206e+00
1.183899999999999952e+00 -1.160716068211309171e+01
1.187999999999999945e+00 -1.422297842659779121e+01
1.191999999999999948e+00 -1.715962021791335701e+01
1.195999999999999952e+00 -2.043259635120028506e+01
1.199999999999999956e+00 -2.405533305259647392e+01
