0.000000000000000000e+00 -5.320279516734693459e+01
1.000000000000000021e-02 -7.166191962755416967e+01
2.000000000000000042e-02 -9.306127772187204528e+01
2.999999999999999889e-02 -1.166641243323316388e+02
4.000000000000000083e-02 -1.414961754057960661e+02
5.000000000000000278e-02 -1.664761519597362565e+02
5.999999999999999778e-02 -1.905579540772050962e+02
7.000000000000000666e-02 -2.128627148864352989e+02
8.000000000000000167e-02 -2.327697735351289907e+02
8.999999999999999667e-02 -2.499558781639232450e+02
1.000000000000000056e-01 -2.643809598808091437e+02
1.100000000000000006e-01 -2.762223977481832549e+02
1.199999999999999956e-01 -2.857832107807026318e+02
1.300000000000000044e-01 -2.933959309517647398e+02
1.400000000000000133e-01 -2.993395242106532805e+02
1.499999999999999944e-01 -3.037908355004049668e+02
1.600000000000000033e-01 -3.068120097758084626e+02
1.700000000000000122e-01 -3.083741560143590732e+02
1.799999999999999933e-01 -3.084030682174960134e+02
1.900000000000000022e-01 -3.068274384079381321e+02
2.000000000000000111e-01 -3.036217046182493391e+02
2.099999999999999922e-01 -2.988258748768995474e+02
2.200000000000000011e-01 -2.925372831996631362e+02
2.300000000000000100e-01 -2.848850265808487734e+02
2.399999999999999911e-01 -2.759867419964710962e+02
2.500000000000000000e-01 -2.659117704080335898e+02
2.600000000000000089e-01 -2.546519367777162586e+02
2.700000000000000178e-01 -2.421229130777784064e+02
2.800000000000000266e-01 -2.281845133050679522e+02
2.899999999999999800e-01 -2.126902044847406330e+02
2.999999999999999889e-01 -1.955441066723221581e+02
3.099999999999999978e-01 -1.767621449462889132e+02
3.200000000000000067e-01 -1.565182623966167625e+02
3.300000000000000155e-01 -1.351675751092028008e+02
3.400000000000000244e-01 -1.132381591513418329e+02
3.499999999999999778e-01 -9.139359355956938202e+01
3.599999999999999867e-01 -7.037102433084459108e+01
3.699999999999999956e-01 -5.090147442348285978e+01
3.800000000000000044e-01 -3.363203175945076140e+01
3.900000000000000133e-01 -1.905265823712745643e+01
4.000000000000000222e-01 -7.448694743724875167e+00
4.099999999999999756e-01 1.121624829496512987e+00
4.199999999999999845e-01 6.819021573277889381e+00
4.299999999999999933e-01 9.986930550055525657e+00
4.400000000000000022e-01 1.109450678829077219e+01
4.500000000000000111e-01 1.066821428257880733e+01
4.600000000000000200e-01 9.223633998624373831e+00
4.699999999999999734e-01 7.207290882780055696e+00
4.799999999999999822e-01 4.957686873932599880e+00
4.899999999999999911e-01 2.690267915035155610e+00
5.000000000000000000e-01 5.056119632300788425e-01
5.100000000000000089e-01 -1.582000004507372104e+00
5.200000000000000178e-01 -3.604648990253109364e+00
5.300000000000000266e-01 -5.598595979047655824e+00
5.400000000000000355e-01 -7.569979946144950844e+00
5.500000000000000444e-01 -9.475111866697126572e+00
5.600000000000000533e-01 -1.122026972400203171e+01
5.699999999999999512e-01 -1.267810051588294051e+01
5.799999999999999600e-01 -1.371686825631451079e+01
5.899999999999999689e-01 -1.423297597286316574e+01
5.999999999999999778e-01 -1.417833370013405059e+01
6.099999999999999867e-01 -1.357453147136212124e+01
6.199999999999999956e-01 -1.251008031040843882e+01
6.300000000000000044e-01 -1.112153722639112630e+01
6.400000000000000133e-01 -9.563819212032571571e+00
6.500000000000000222e-01 -7.977189246898949371e+00
6.600000000000000311e-01 -6.460765303827600725e+00
6.700000000000000400e-01 -5.058971357154197435e+00
6.800000000000000488e-01 -3.764554389978434834e+00
6.899999999999999467e-01 -2.536231398574099849e+00
6.999999999999999556e-01 -1.325216392576304303e+00
7.099999999999999645e-01 -1.021243908202219691e-01
7.199999999999999734e-01 1.124503585775611381e+00
7.299999999999999822e-01 2.304005522093294012e+00
7.399999999999999911e-01 3.355278414967805212e+00
7.500000000000000000e-01 4.190846275544505950e+00
7.600000000000000089e-01 4.745675126924621345e+00
7.700000000000000178e-01 5.001246997702591734e+00
7.800000000000000266e-01 4.996620913158354327e+00
7.900000000000000355e-01 4.821758886906513553e+00
8.000000000000000444e-01 4.594036915742318428e+00
8.100000000000000533e-01 4.424377979453936405e+00
8.199999999999999512e-01 4.383007046017202590e+00
8.299999999999999600e-01 4.475666080938706770e+00
8.399999999999999689e-01 4.638642057986968936e+00
8.499999999999999778e-01 4.755402967900345779e+00
8.599999999999999867e-01 4.690767822077974714e+00
8.699999999999999956e-01 4.332508649502166520e+00
8.800000000000000044e-01 3.626755487103292985e+00
8.900000000000000133e-01 2.594000365756319315e+00
9.000000000000000222e-01 1.316904295886493381e+00
9.100000000000000311e-01 -1.008797431133328093e-01
9.200000000000000400e-01 -1.597192805713494312e+00
9.300000000000000488e-01 -3.219555973477954414e+00
9.399999999999999467e-01 -5.179725339147325691e+00
9.499999999999999556e-01 -7.876196984635196685e+00
9.599999999999999645e-01 -1.187240595803518062e+01
9.699999999999999734e-01 -1.782862725516267588e+01
9.799999999999999822e-01 -2.639670981080375611e+01
9.899999999999999911e-01 -3.809718950189012787e+01
1.000000000000000000e+00 -5.320279516734694880e+01
