0.000000000000000000e+00 -5.209779458775502547e+01
4.000000000000000083e-03 -5.897739813091523331e+01
8.000000000000000167e-03 -6.637167196087219168e+01
1.200000000000000025e-02 -7.425116621179441267e+01
1.609999999999999973e-02 -8.257855675142050700e+01
2.009999999999999981e-02 -9.130823620779686678e+01
2.409999999999999989e-02 -1.003879430851263095e+02
2.809999999999999998e-02 -1.097578863744270876e+02
3.209999999999999659e-02 -1.193547530022266869e+02
3.610000000000000014e-02 -1.291110243124464887e+02
4.019999999999999962e-02 -1.389576665949539347e+02
4.420000000000000318e-02 -1.488228796368276790e+02
4.819999999999999979e-02 -1.586417986354176151e+02
5.220000000000000334e-02 -1.683439605059568294e+02
5.619999999999999996e-02 -1.778690043593032328e+02
6.019999999999999657e-02 -1.871603282108916630e+02
6.429999999999999605e-02 -1.961642194907263672e+02
6.829999999999999960e-02 -2.048363284319844126e+02
7.230000000000000315e-02 -2.131411436053260502e+02
7.630000000000000671e-02 -2.210462604002925673e+02
8.029999999999999638e-02 -2.285334047150013816e+02
8.429999999999999993e-02 -2.355856894546879232e+02
8.840000000000000635e-02 -2.421980315416114138e+02
9.239999999999999603e-02 -2.483694406842271576e+02
9.639999999999999958e-02 -2.541079899205006711e+02
1.004000000000000031e-01 -2.594217796144229737e+02
1.044000000000000067e-01 -2.643279286925589986e+02
1.083999999999999964e-01 -2.688468755193641755e+02
1.123999999999999999e-01 -2.729936643888281651e+02
1.165000000000000063e-01 -2.767971930813944255e+02
1.204999999999999960e-01 -2.802709513868323938e+02
1.244999999999999996e-01 -2.834436607721693235e+02
1.285000000000000031e-01 -2.863290352050904062e+02
1.325000000000000067e-01 -2.889443698854789204e+02
1.365000000000000102e-01 -2.913097915625879750e+02
1.406000000000000028e-01 -2.934317043313448607e+02
1.446000000000000063e-01 -2.953188917336933059e+02
1.486000000000000099e-01 -2.969802483044973656e+02
1.526000000000000134e-01 -2.984161765278708458e+02
1.565999999999999892e-01 -2.996244115535908463e+02
1.605999999999999928e-01 -3.006095629102196654e+02
1.647000000000000131e-01 -3.013626949913815452e+02
1.686999999999999889e-01 -3.018796941047288556e+02
1.726999999999999924e-01 -3.021559914857926401e+02
1.766999999999999960e-01 -3.021866567752533683e+02
1.806999999999999995e-01 -3.019675163823992534e+02
1.847000000000000031e-01 -3.014949898357739926e+02
1.887999999999999956e-01 -3.007640221197270876e+02
1.927999999999999992e-01 -2.997737774553229428e+02
1.968000000000000027e-01 -2.985252008266350572e+02
2.008000000000000063e-01 -2.970237828411499095e+02
2.048000000000000098e-01 -2.952709587171732437e+02
2.088000000000000134e-01 -2.932724730233297805e+02
2.129000000000000059e-01 -2.910352194278307252e+02
2.169000000000000095e-01 -2.885701719799678813e+02
2.209000000000000130e-01 -2.858799040021971791e+02
2.248999999999999888e-01 -2.829787686403061002e+02
2.288999999999999924e-01 -2.798693941962157510e+02
2.328999999999999959e-01 -2.765649033125078518e+02
2.368999999999999995e-01 -2.730661307728952352e+02
2.409999999999999920e-01 -2.693807336189993293e+02
2.449999999999999956e-01 -2.655121078694289167e+02
2.489999999999999991e-01 -2.614587227038310857e+02
2.530000000000000027e-01 -2.572198991345102286e+02
2.570000000000000062e-01 -2.527931465464191092e+02
2.610000000000000098e-01 -2.481688865779529181e+02
2.651000000000000023e-01 -2.433435607905475422e+02
2.691000000000000059e-01 -2.383104646983810539e+02
2.731000000000000094e-01 -2.330539262784150480e+02
2.771000000000000130e-01 -2.275686101683391485e+02
2.811000000000000165e-01 -2.218441363139170051e+02
2.851000000000000201e-01 -2.158695771476481582e+02
2.892000000000000126e-01 -2.096398161457599656e+02
2.932000000000000162e-01 -2.031480534467976042e+02
2.972000000000000197e-01 -1.963921583466347158e+02
3.012000000000000233e-01 -1.893737550491476611e+02
3.052000000000000268e-01 -1.820969584784973847e+02
3.091999999999999749e-01 -1.745708616754047000e+02
3.133000000000000229e-01 -1.668086017858426260e+02
3.173000000000000265e-01 -1.588285177115837428e+02
3.212999999999999745e-01 -1.506533216982849410e+02
3.252999999999999781e-01 -1.423105928755588536e+02
3.292999999999999816e-01 -1.338323825679540846e+02
3.332999999999999852e-01 -1.252544997885203770e+02
3.372999999999999887e-01 -1.166169891694853078e+02
3.413999999999999813e-01 -1.079622698689389324e+02
3.453999999999999848e-01 -9.933603628177796452e+01
3.493999999999999884e-01 -9.078465860558144129e+01
3.533999999999999919e-01 -8.235582414927461059e+01
3.573999999999999955e-01 -7.409734667911691020e+01
3.613999999999999990e-01 -6.605603099809466983e+01
3.654999999999999916e-01 -5.827681662897037285e+01
3.694999999999999951e-01 -5.080283301313367872e+01
3.734999999999999987e-01 -4.367306120750855314e+01
3.775000000000000022e-01 -3.692298731167178971e+01
3.815000000000000058e-01 -3.058350285876333885e+01
3.855000000000000093e-01 -2.468042088677098889e+01
3.896000000000000019e-01 -1.923392718134974544e+01
3.936000000000000054e-01 -1.425890111086203049e+01
3.976000000000000090e-01 -9.763753500741621849e+00
4.016000000000000125e-01 -5.751324720172956262e+00
4.056000000000000161e-01 -2.218639308811544364e+00
4.096000000000000196e-01 8.429072580850194285e-01
4.137000000000000122e-01 3.447207309183659252e+00
4.177000000000000157e-01 5.612503748669317005e+00
4.217000000000000193e-01 7.362108264211685515e+00
4.257000000000000228e-01 8.722189932320295824e+00
4.297000000000000264e-01 9.722229160382779511e+00
4.336999999999999744e-01 1.039393717546887608e+01
4.378000000000000225e-01 1.077044415198322369e+01
4.418000000000000260e-01 1.088557762412843388e+01
4.457999999999999741e-01 1.077357319111266243e+01
4.497999999999999776e-01 1.046768131758493503e+01
4.537999999999999812e-01 1.000022075008404698e+01
4.577999999999999847e-01 9.401474108098312854e+00
4.617999999999999883e-01 8.699503157402666886e+00
4.658999999999999808e-01 7.919745850971718681e+00
4.698999999999999844e-01 7.084694942506536641e+00
4.738999999999999879e-01 6.213675514509985121e+00
4.778999999999999915e-01 5.322718355602107820e+00
4.818999999999999950e-01 4.424792887462533741e+00
4.858999999999999986e-01 3.529660660566722896e+00
4.899999999999999911e-01 2.644170806384262384e+00
4.939999999999999947e-01 1.773063566187324414e+00
4.979999999999999982e-01 9.174892025826266728e-01
5.020000000000000018e-01 7.841308528379775655e-02
5.060000000000000053e-01 -7.455559245298837290e-01
5.100000000000000089e-01 -1.556582213090644373e+00
5.141000000000000014e-01 -2.357348907800371762e+00
5.181000000000000050e-01 -3.150561359961070451e+00
5.221000000000000085e-01 -3.938672426570164475e+00
5.261000000000000121e-01 -4.723405111406706602e+00
5.301000000000000156e-01 -5.505538177705247449e+00
5.341000000000000192e-01 -6.284626598589840185e+00
5.382000000000000117e-01 -7.058966401889110287e+00
5.422000000000000153e-01 -7.825308723373186837e+00
5.462000000000000188e-01 -8.579190644627319173e+00
5.502000000000000224e-01 -9.314750215251928367e+00
5.542000000000000259e-01 -1.002506528991070311e+01
5.582000000000000295e-01 -1.070231458334099983e+01
5.622000000000000330e-01 -1.133801961788146784e+01
5.663000000000000256e-01 -1.192355587156366248e+01
5.703000000000000291e-01 -1.245022530701586483e+01
5.743000000000000327e-01 -1.290984462848971503e+01
5.783000000000000362e-01 -1.329496786026112432e+01
5.823000000000000398e-01 -1.359917719377848755e+01
5.863000000000000433e-01 -1.381750547544458385e+01
5.904000000000000359e-01 -1.394647402325456298e+01
5.944000000000000394e-01 -1.398440789675723472e+01
5.984000000000000430e-01 -1.393151111226141303e+01
6.024000000000000465e-01 -1.378975575677447374e+01
6.064000000000000501e-01 -1.356302131575285408e+01
6.104000000000000536e-01 -1.325679351236875014e+01
6.145000000000000462e-01 -1.287807279178281306e+01
6.185000000000000497e-01 -1.243513319935398265e+01
6.225000000000000533e-01 -1.193710998119097866e+01
6.264999999999999458e-01 -1.139383495179935757e+01
6.304999999999999494e-01 -1.081531296807264830e+01
6.344999999999999529e-01 -1.021150006896761120e+01
6.385999999999999455e-01 -9.591884601971376156e+00
6.425999999999999490e-01 -8.965282185452741359e+00
6.465999999999999526e-01 -8.339400597921143188e+00
6.505999999999999561e-01 -7.720768829935028776e+00
6.545999999999999597e-01 -7.114516984209314998e+00
6.585999999999999632e-01 -6.524325213546189772e+00
6.626999999999999558e-01 -5.952404587422564397e+00
6.666999999999999593e-01 -5.399584508616453782e+00
6.706999999999999629e-01 -4.865341730487451777e+00
6.746999999999999664e-01 -4.348123196589774864e+00
6.786999999999999700e-01 -3.845483607350133060e+00
6.826999999999999735e-01 -3.354409414348967999e+00
6.866999999999999771e-01 -2.871589853711969287e+00
6.907999999999999696e-01 -2.393727641125180217e+00
6.947999999999999732e-01 -1.917863335367155475e+00
6.987999999999999767e-01 -1.441562676437595503e+00
7.027999999999999803e-01 -9.632083102365571747e-01
7.067999999999999838e-01 -4.821714433181212289e-01
7.107999999999999874e-01 1.085791701978533474e-03
7.148999999999999799e-01 4.849736817362575447e-01
7.188999999999999835e-01 9.667649524545254280e-01
7.228999999999999870e-01 1.442583710744932191e+00
7.268999999999999906e-01 1.907979999790175407e+00
7.308999999999999941e-01 2.357582559768762742e+00
7.348999999999999977e-01 2.785687654632643451e+00
7.389999999999999902e-01 3.186464162645537446e+00
7.429999999999999938e-01 3.554283584967438347e+00
7.469999999999999973e-01 3.884095811440784196e+00
7.510000000000000009e-01 4.171562480419971131e+00
7.550000000000000044e-01 4.413469703849798087e+00
7.590000000000000080e-01 4.607832504631029558e+00
7.631000000000000005e-01 4.754193507642714422e+00
7.671000000000000041e-01 4.853522057696300074e+00
7.711000000000000076e-01 4.908357432027687040e+00
7.751000000000000112e-01 4.922738592028563787e+00
7.791000000000000147e-01 4.901970533568470678e+00
7.831000000000000183e-01 4.852460380517746863e+00
7.871000000000000218e-01 4.781422491282347309e+00
7.912000000000000144e-01 4.696544842166026079e+00
7.952000000000000179e-01 4.605620293417706179e+00
7.992000000000000215e-01 4.516199092118323932e+00
8.032000000000000250e-01 4.435110463108229872e+00
8.072000000000000286e-01 4.368310099658809342e+00
8.112000000000000322e-01 4.320231212609876081e+00
8.153000000000000247e-01 4.293920394030550369e+00
8.193000000000000282e-01 4.290548666550714429e+00
8.233000000000000318e-01 4.309455953943868600e+00
8.273000000000000353e-01 4.348113253573115955e+00
8.313000000000000389e-01 4.402306904279067012e+00
8.353000000000000425e-01 4.466095279883911751e+00
8.394000000000000350e-01 4.532368594911927673e+00
8.434000000000000385e-01 4.592864905887791060e+00
8.474000000000000421e-01 4.638998331350018489e+00
8.514000000000000457e-01 4.661803883514870961e+00
8.554000000000000492e-01 4.652800178379963292e+00
8.594000000000000528e-01 4.604193668960535391e+00
8.635000000000000453e-01 4.509332605595522736e+00
8.675000000000000488e-01 4.363126273218662199e+00
8.715000000000000524e-01 4.162269722730611576e+00
8.754999999999999449e-01 3.905413245541148992e+00
8.794999999999999485e-01 3.593174276224407659e+00
8.834999999999999520e-01 3.228104277180781523e+00
8.875999999999999446e-01 2.814525813698772083e+00
8.915999999999999481e-01 2.358121890997992409e+00
8.955999999999999517e-01 1.865504671300870054e+00
8.995999999999999552e-01 1.343718856935478323e+00
9.035999999999999588e-01 7.995056832324706209e-01
9.075999999999999623e-01 2.387168577738790765e-01
9.115999999999999659e-01 -3.346171708847206494e-01
9.156999999999999584e-01 -9.187808985174681364e-01
9.196999999999999620e-01 -1.515182822249081962e+00
9.236999999999999655e-01 -2.129049942510749638e+00
9.276999999999999691e-01 -2.769816550477337103e+00
9.316999999999999726e-01 -3.451592937305946407e+00
9.356999999999999762e-01 -4.193331253432307726e+00
9.397999999999999687e-01 -5.018953570973778255e+00
9.437999999999999723e-01 -5.957057090077829464e+00
9.477999999999999758e-01 -7.040751332042489707e+00
9.517999999999999794e-01 -8.306911241949295643e+00
9.557999999999999829e-01 -9.795523359161849797e+00
9.597999999999999865e-01 -1.154880890756975553e+01
9.638999999999999790e-01 -1.360989017408981105e+01
9.678999999999999826e-01 -1.602207597169629594e+01
9.718999999999999861e-01 -1.882694777775834893e+01
9.758999999999999897e-01 -2.206378432539034407e+01
9.798999999999999932e-01 -2.576788181381709819e+01
9.838999999999999968e-01 -2.996882878189909505e+01
9.879999999999999893e-01 -3.469044844991427112e+01
9.919999999999999929e-01 -3.994832039069477503e+01
9.959999999999999964e-01 -4.575082645464085829e+01
1.000000000000000000e+00 -5.209779458775507521e+01
