0.000000000000000000e+00 -5.299206124763660597e+01
1.000000000000000021e-03 -5.468455941006042309e+01
2.000000000000000042e-03 -5.641038857115389504e+01
3.000000000000000062e-03 -5.816927573067335544e+01
4.000000000000000083e-03 -5.996089788989557690e+01
5.000000000000000104e-03 -6.178519404601365039e+01
6.000000000000000125e-03 -6.364152719853053952e+01
7.000000000000000146e-03 -6.552915835175889470e+01
8.000000000000000167e-03 -6.744823350280411489e+01
8.999999999999999320e-03 -6.939830464721713099e+01
1.000000000000000021e-02 -7.137801079205407007e+01
1.099999999999999936e-02 -7.338743893318263645e+01
1.200000000000000025e-02 -7.542582807110473198e+01
1.299999999999999940e-02 -7.749252020586907008e+01
1.400000000000000029e-02 -7.958686733906428401e+01
1.499999999999999944e-02 -8.170854746384375744e+01
1.600000000000000033e-02 -8.385583359033853412e+01
1.700000000000000122e-02 -8.602907770869529713e+01
1.799999999999999864e-02 -8.822660982524416795e+01
1.899999999999999953e-02 -9.044805893859631851e+01
2.000000000000000042e-02 -9.269276904539418638e+01
2.100000000000000130e-02 -9.495939514908306478e+01
2.199999999999999872e-02 -9.724729924911714818e+01
2.299999999999999961e-02 -9.955573134279676140e+01
2.400000000000000050e-02 -1.018833874333576262e+02
2.500000000000000139e-02 -1.042296275170084954e+02
2.599999999999999881e-02 -1.065930335989927897e+02
2.699999999999999969e-02 -1.089732636730096260e+02
2.800000000000000058e-02 -1.113686827437371534e+02
2.900000000000000147e-02 -1.137786158094161948e+02
2.999999999999999889e-02 -1.162020268684971285e+02
3.099999999999999978e-02 -1.186375619243813304e+02
3.200000000000000067e-02 -1.210845649738135847e+02
3.300000000000000155e-02 -1.235417120178611441e+02
3.400000000000000244e-02 -1.260078980578640397e+02
3.500000000000000333e-02 -1.284822930900895699e+02
3.599999999999999728e-02 -1.309633011201319448e+02
3.699999999999999817e-02 -1.334504741426698047e+02
3.799999999999999906e-02 -1.359422721596232009e+02
3.899999999999999994e-02 -1.384375491725075449e+02
4.000000000000000083e-02 -1.409354701805870889e+02
4.100000000000000172e-02 -1.434350491806601724e+02
4.200000000000000261e-02 -1.459346431792079954e+02
4.299999999999999656e-02 -1.484339391675126762e+02
4.399999999999999745e-02 -1.509308351561097084e+02
4.499999999999999833e-02 -1.534253911347364863e+02
4.599999999999999922e-02 -1.559155611116625835e+02
4.700000000000000011e-02 -1.584009960820392564e+02
4.800000000000000100e-02 -1.608803520460371317e+02
4.900000000000000189e-02 -1.633523200080711604e+02
5.000000000000000278e-02 -1.658164969639846333e+02
5.099999999999999672e-02 -1.682716269147131527e+02
5.199999999999999761e-02 -1.707166458620013145e+02
5.299999999999999850e-02 -1.731508478011319880e+02
5.399999999999999939e-02 -1.755725587403601082e+02
5.500000000000000028e-02 -1.779817986730339783e+02
5.600000000000000117e-02 -1.803772226008591417e+02
5.700000000000000205e-02 -1.827578355252683195e+02
5.800000000000000294e-02 -1.851229364462419937e+02
5.899999999999999689e-02 -1.874718203625131423e+02
5.999999999999999778e-02 -1.898035222754754727e+02
6.099999999999999867e-02 -1.921173631831944704e+02
6.199999999999999956e-02 -1.944122670899290597e+02
6.300000000000000044e-02 -1.966880319912399386e+02
6.400000000000000133e-02 -1.989435448909622153e+02
6.500000000000000222e-02 -2.011784797860112235e+02
6.600000000000000311e-02 -2.033918776791012419e+02
6.700000000000000400e-02 -2.055833365690140511e+02
6.800000000000000488e-02 -2.077522044573772178e+02
6.900000000000000577e-02 -2.098981633405164757e+02
7.000000000000000666e-02 -2.120201412239334786e+02
7.099999999999999367e-02 -2.141181951023702652e+02
7.199999999999999456e-02 -2.161913029825613251e+02
7.299999999999999545e-02 -2.182398248575576929e+02
7.399999999999999634e-02 -2.202626947329098073e+02
7.499999999999999722e-02 -2.222599856044365652e+02
7.599999999999999811e-02 -2.242309124763970658e+02
7.699999999999999900e-02 -2.261755643451559195e+02
7.799999999999999989e-02 -2.280932842150648412e+02
7.900000000000000078e-02 -2.299843080821619878e+02
8.000000000000000167e-02 -2.318480589492786237e+02
8.100000000000000255e-02 -2.336845408160590409e+02
8.200000000000000344e-02 -2.354936846812118461e+02
8.300000000000000433e-02 -2.372751565448686506e+02
8.400000000000000522e-02 -2.390286494118342091e+02
8.500000000000000611e-02 -2.407548422736977045e+02
8.599999999999999312e-02 -2.424526881392793314e+02
8.699999999999999400e-02 -2.441229500026632309e+02
8.799999999999999489e-02 -2.457651768679671136e+02
8.899999999999999578e-02 -2.473797627333781861e+02
8.999999999999999667e-02 -2.489667295967961991e+02
9.099999999999999756e-02 -2.505256684620806027e+02
9.199999999999999845e-02 -2.520569623307468703e+02
9.299999999999999933e-02 -2.535613051964454598e+02
9.400000000000000022e-02 -2.550380880628360387e+02
9.500000000000000111e-02 -2.564874529315022755e+02
9.600000000000000200e-02 -2.579098668016353599e+02
9.700000000000000289e-02 -2.593056306719146846e+02
9.800000000000000377e-02 -2.606747745440310382e+02
9.900000000000000466e-02 -2.620176754170002482e+02
1.000000000000000056e-01 -2.633345082910853421e+02
1.010000000000000064e-01 -2.646255021658039936e+02
1.019999999999999934e-01 -2.658907870427008788e+02
1.029999999999999943e-01 -2.671308099211619833e+02
1.039999999999999952e-01 -2.683458917996425726e+02
1.049999999999999961e-01 -2.695360366828061842e+02
1.059999999999999970e-01 -2.707022055645468868e+02
1.069999999999999979e-01 -2.718441064479785609e+02
1.079999999999999988e-01 -2.729620863362978866e+02
1.089999999999999997e-01 -2.740571482212060346e+02
1.100000000000000006e-01 -2.751285921128584846e+02
1.110000000000000014e-01 -2.761778020030149605e+02
1.120000000000000023e-01 -2.772044708941509157e+02
1.130000000000000032e-01 -2.782087997891512146e+02
1.140000000000000041e-01 -2.791915816856231345e+02
1.150000000000000050e-01 -2.801531185821535814e+02
1.160000000000000059e-01 -2.810934224819976066e+02
1.170000000000000068e-01 -2.820131733832890291e+02
1.179999999999999938e-01 -2.829126682845365508e+02
1.189999999999999947e-01 -2.837918981896484070e+02
1.199999999999999956e-01 -2.846516560959590834e+02
1.209999999999999964e-01 -2.854921880020552862e+02
1.219999999999999973e-01 -2.863134499101494725e+02
1.229999999999999982e-01 -2.871158518214160154e+02
1.239999999999999991e-01 -2.879000447328238010e+02
1.250000000000000000e-01 -2.886660576458153855e+02
1.260000000000000009e-01 -2.894142155602397111e+02
1.270000000000000018e-01 -2.901448124764572754e+02
1.280000000000000027e-01 -2.908582163925627242e+02
1.290000000000000036e-01 -2.915544043122011431e+02
1.300000000000000044e-01 -2.922341012297539464e+02
1.310000000000000053e-01 -2.928968791529838427e+02
1.320000000000000062e-01 -2.935439030722470761e+02
1.330000000000000071e-01 -2.941743589951163358e+02
1.340000000000000080e-01 -2.947889869194670496e+02
1.350000000000000089e-01 -2.953880908440369808e+02
1.360000000000000098e-01 -2.959717157683389814e+02
1.370000000000000107e-01 -2.965398066944342190e+02
1.380000000000000115e-01 -2.970927316220693228e+02
1.390000000000000124e-01 -2.976308065498360520e+02
1.400000000000000133e-01 -2.981540584759458739e+02
1.409999999999999865e-01 -2.986621474066461701e+02
1.419999999999999873e-01 -2.991560153347296023e+02
1.429999999999999882e-01 -2.996351252640459393e+02
1.439999999999999891e-01 -3.000997301933476820e+02
1.449999999999999900e-01 -3.005498271242915962e+02
1.459999999999999909e-01 -3.009857530551087734e+02
1.469999999999999918e-01 -3.014074819863841412e+02
1.479999999999999927e-01 -3.018151079157881895e+02
1.489999999999999936e-01 -3.022082468465225134e+02
1.499999999999999944e-01 -3.025871717779830306e+02
1.509999999999999953e-01 -3.029520317084640055e+02
1.519999999999999962e-01 -3.033026256412060775e+02
1.529999999999999971e-01 -3.036394175707027330e+02
1.539999999999999980e-01 -3.039617415015930533e+02
1.549999999999999989e-01 -3.042698834327611621e+02
1.559999999999999998e-01 -3.045639003619654090e+02
1.570000000000000007e-01 -3.048433892930311799e+02
1.580000000000000016e-01 -3.051087322239117157e+02
1.590000000000000024e-01 -3.053598911515614986e+02
1.600000000000000033e-01 -3.055962030826613613e+02
1.610000000000000042e-01 -3.058183760107740454e+02
1.620000000000000051e-01 -3.060257969396225803e+02
1.630000000000000060e-01 -3.062186168688755288e+02
1.640000000000000069e-01 -3.063969187969005361e+02
1.650000000000000078e-01 -3.065604507229616615e+02
1.660000000000000087e-01 -3.067088096506113288e+02
1.670000000000000095e-01 -3.068423215783586215e+02
1.680000000000000104e-01 -3.069610065042978704e+02
1.690000000000000113e-01 -3.070644934305831839e+02
1.700000000000000122e-01 -3.071528533548461724e+02
1.710000000000000131e-01 -3.072256712809803503e+02
1.719999999999999862e-01 -3.072833312053700183e+02
1.729999999999999871e-01 -3.073254751298376846e+02
1.739999999999999880e-01 -3.073521190540178623e+02
1.749999999999999889e-01 -3.073632039770332653e+02
1.759999999999999898e-01 -3.073584909014034565e+02
1.769999999999999907e-01 -3.073382578225964039e+02
1.779999999999999916e-01 -3.073018527451976638e+02
1.789999999999999925e-01 -3.072495646682180563e+02
1.799999999999999933e-01 -3.071814795909167515e+02
1.809999999999999942e-01 -3.070975315120512050e+02
1.819999999999999951e-01 -3.069973994316312087e+02
1.829999999999999960e-01 -3.068807643543201493e+02
1.839999999999999969e-01 -3.067482642752646029e+02
1.849999999999999978e-01 -3.065995411967742257e+02
1.859999999999999987e-01 -3.064347111178551017e+02
1.869999999999999996e-01 -3.062536860370842646e+02
1.880000000000000004e-01 -3.060560859585695539e+02
1.890000000000000013e-01 -3.058423738792411086e+02
1.900000000000000022e-01 -3.056123827991086159e+02
1.910000000000000031e-01 -3.053659477202527910e+02
1.920000000000000040e-01 -3.051033306412654724e+02
1.930000000000000049e-01 -3.048245045605627297e+02
1.940000000000000058e-01 -3.045291174837877861e+02
1.950000000000000067e-01 -3.042179754047322149e+02
1.960000000000000075e-01 -3.038906103242244399e+02
1.970000000000000084e-01 -3.035467242469816256e+02
1.980000000000000093e-01 -3.031869871696803784e+02
1.990000000000000102e-01 -3.028113870908246099e+02
2.000000000000000111e-01 -3.024196050138254463e+02
2.010000000000000120e-01 -3.020120219364851550e+02
2.020000000000000129e-01 -3.015885678592667318e+02
2.030000000000000138e-01 -3.011492677836515099e+02
2.039999999999999869e-01 -3.006944507081337861e+02
2.049999999999999878e-01 -3.002241366325137051e+02
2.059999999999999887e-01 -2.997383045570350077e+02
2.069999999999999896e-01 -2.992369834846505796e+02
2.079999999999999905e-01 -2.987208084089720614e+02
2.089999999999999913e-01 -2.981891033369190041e+02
2.099999999999999922e-01 -2.976426122627511290e+02
2.109999999999999931e-01 -2.970809011922282821e+02
2.119999999999999940e-01 -2.965047181214812895e+02
2.129999999999999949e-01 -2.959140170493551523e+02
2.139999999999999958e-01 -2.953085149804842899e+02
2.149999999999999967e-01 -2.946888799110870991e+02
2.159999999999999976e-01 -2.940550038406811950e+02
2.169999999999999984e-01 -2.934066797733891576e+02
2.179999999999999993e-01 -2.927445467074859948e+02
2.190000000000000002e-01 -2.920688896385565840e+02
2.200000000000000011e-01 -2.913790875729847585e+02
2.210000000000000020e-01 -2.906758295069353721e+02
2.220000000000000029e-01 -2.899590174429960143e+02
2.230000000000000038e-01 -2.892290843791979569e+02
2.240000000000000047e-01 -2.884860593147079726e+02
2.250000000000000056e-01 -2.877298002508855461e+02
2.260000000000000064e-01 -2.869604441898992491e+02
2.270000000000000073e-01 -2.861785731277873310e+02
2.280000000000000082e-01 -2.853839560666012289e+02
2.290000000000000091e-01 -2.845767830061510040e+02
2.300000000000000100e-01 -2.837572049451354133e+02
2.310000000000000109e-01 -2.829251058844707813e+02
2.320000000000000118e-01 -2.820805578270612841e+02
2.330000000000000127e-01 -2.812242287660506577e+02
2.340000000000000135e-01 -2.803553797102249519e+02
2.349999999999999867e-01 -2.794750746495992075e+02
2.359999999999999876e-01 -2.785823285937637479e+02
2.369999999999999885e-01 -2.776781245345804905e+02
2.379999999999999893e-01 -2.767617754785598549e+02
2.389999999999999902e-01 -2.758339304210236946e+02
2.399999999999999911e-01 -2.748942783637457978e+02
2.409999999999999920e-01 -2.739428723077300560e+02
2.419999999999999929e-01 -2.729799712518799311e+02
2.429999999999999938e-01 -2.720056091943827141e+02
2.439999999999999947e-01 -2.710194481369635469e+02
2.449999999999999956e-01 -2.700215040827751523e+02
2.459999999999999964e-01 -2.690124400233336246e+02
2.469999999999999973e-01 -2.679911779695009955e+02
2.479999999999999982e-01 -2.669588689118868388e+02
2.489999999999999991e-01 -2.659147368542775780e+02
2.500000000000000000e-01 -2.648587827966927080e+02
2.510000000000000009e-01 -2.637910117410131647e+02
2.520000000000000018e-01 -2.627118146818639843e+02
2.530000000000000027e-01 -2.616204796242157613e+02
2.540000000000000036e-01 -2.605173145669525070e+02
2.550000000000000044e-01 -2.594023985059320694e+02
2.560000000000000053e-01 -2.582749604485616146e+02
2.570000000000000062e-01 -2.571357493875168529e+02
2.580000000000000071e-01 -2.559840113271591804e+02
2.590000000000000080e-01 -2.548198872678151190e+02
2.600000000000000089e-01 -2.536435852055715543e+02
2.610000000000000098e-01 -2.524545101429674503e+02
2.620000000000000107e-01 -2.512525880804022620e+02
2.630000000000000115e-01 -2.500378270181392679e+02
2.640000000000000124e-01 -2.488102889538831448e+02
2.650000000000000133e-01 -2.475695648880822546e+02
2.660000000000000142e-01 -2.463153378242598706e+02
2.670000000000000151e-01 -2.450480137586295655e+02
2.680000000000000160e-01 -2.437672216895588519e+02
2.690000000000000169e-01 -2.424722556236751529e+02
2.700000000000000178e-01 -2.411637695546288569e+02
2.710000000000000187e-01 -2.398411144860844217e+02
2.720000000000000195e-01 -2.385043934149963150e+02
2.730000000000000204e-01 -2.371530843459987068e+02
2.740000000000000213e-01 -2.357876162723814559e+02
2.750000000000000222e-01 -2.344070412030183945e+02
2.760000000000000231e-01 -2.330122321277637809e+02
2.770000000000000240e-01 -2.316019800550675711e+02
2.780000000000000249e-01 -2.301768099813967012e+02
2.790000000000000258e-01 -2.287365219043244338e+02
2.800000000000000266e-01 -2.272804178301906575e+02
2.810000000000000275e-01 -2.258091007547216691e+02
2.819999999999999729e-01 -2.243222966756611925e+02
2.829999999999999738e-01 -2.228192685986328172e+02
2.839999999999999747e-01 -2.213004335215069602e+02
2.849999999999999756e-01 -2.197657714406922196e+02
2.859999999999999765e-01 -2.182145253635224833e+02
2.869999999999999774e-01 -2.166474432832437742e+02
2.879999999999999782e-01 -2.150638872041930938e+02
2.889999999999999791e-01 -2.134641091222428884e+02
2.899999999999999800e-01 -2.118475140430849990e+02
2.909999999999999809e-01 -2.102146749611835617e+02
2.919999999999999818e-01 -2.085650288790335765e+02
2.929999999999999827e-01 -2.068985248000998070e+02
2.939999999999999836e-01 -2.052158227181399184e+02
2.949999999999999845e-01 -2.035163016374421261e+02
2.959999999999999853e-01 -2.018002205552044188e+02
2.969999999999999862e-01 -2.000672634748867438e+02
2.979999999999999871e-01 -1.983178243943887367e+02
2.989999999999999880e-01 -1.965518663137786461e+02
2.999999999999999889e-01 -1.947693662330613620e+02
3.009999999999999898e-01 -1.929703021546831394e+02
3.019999999999999907e-01 -1.911551540755057204e+02
3.029999999999999916e-01 -1.893237579965963278e+02
3.039999999999999925e-01 -1.874761689179257473e+02
3.049999999999999933e-01 -1.856124358420376552e+02
3.059999999999999942e-01 -1.837331297670169477e+02
3.069999999999999951e-01 -1.818384286892624857e+02
3.079999999999999960e-01 -1.799277716172533417e+02
3.089999999999999969e-01 -1.780023375433046908e+02
3.099999999999999978e-01 -1.760617284727087508e+02
3.109999999999999987e-01 -1.741066324019325009e+02
3.119999999999999996e-01 -1.721370123312147200e+02
3.130000000000000004e-01 -1.701528802657842334e+02
3.140000000000000013e-01 -1.681553211997640460e+02
3.150000000000000022e-01 -1.661442141357516107e+02
3.160000000000000031e-01 -1.641199710718658480e+02
3.170000000000000040e-01 -1.620826180125217775e+02
3.180000000000000049e-01 -1.600330869534993212e+02
3.190000000000000058e-01 -1.579714438976102429e+02
3.200000000000000067e-01 -1.558983318417114390e+02
3.210000000000000075e-01 -1.538137487906076899e+02
3.220000000000000084e-01 -1.517186787402105779e+02
3.230000000000000093e-01 -1.496132666936972555e+02
3.240000000000000102e-01 -1.474983096478418076e+02
3.250000000000000111e-01 -1.453739426052318038e+02
3.260000000000000120e-01 -1.432408315657990272e+02
3.270000000000000129e-01 -1.410996285277989273e+02
3.280000000000000138e-01 -1.389506274935170040e+02
3.290000000000000147e-01 -1.367945914621052736e+02
3.300000000000000155e-01 -1.346321094342313813e+02
3.310000000000000164e-01 -1.324639074064062640e+02
3.320000000000000173e-01 -1.302899953867629677e+02
3.330000000000000182e-01 -1.281120523653897578e+02
3.340000000000000191e-01 -1.259297233486410619e+02
3.350000000000000200e-01 -1.237439573374671369e+02
3.360000000000000209e-01 -1.215558983257230778e+02
3.370000000000000218e-01 -1.193654293209767303e+02
3.380000000000000226e-01 -1.171739863162742239e+02
3.390000000000000235e-01 -1.149815783173706620e+02
3.400000000000000244e-01 -1.127893953224873655e+02
3.410000000000000253e-01 -1.105982623276674417e+02
3.420000000000000262e-01 -1.084081923388949491e+02
3.430000000000000271e-01 -1.062204263554925774e+02
3.439999999999999725e-01 -1.040360663718563075e+02
3.449999999999999734e-01 -1.018550643931271793e+02
3.459999999999999742e-01 -9.967842741957325359e+01
3.469999999999999751e-01 -9.750721744750561015e+01
3.479999999999999760e-01 -9.534173948002352006e+01
3.489999999999999769e-01 -9.318293451649346082e+01
3.499999999999999778e-01 -9.103161355601392302e+01
3.509999999999999787e-01 -8.888840260019793504e+01
3.519999999999999796e-01 -8.675425864788564922e+01
3.529999999999999805e-01 -8.462990069881395527e+01
3.539999999999999813e-01 -8.251599375135523928e+01
3.549999999999999822e-01 -8.041286881224407068e+01
3.559999999999999831e-01 -7.832223887114956540e+01
3.569999999999999840e-01 -7.624369693867062381e+01
3.579999999999999849e-01 -7.417901100600650466e+01
3.589999999999999858e-01 -7.212814307837624028e+01
3.599999999999999867e-01 -7.009212615564827331e+01
3.609999999999999876e-01 -6.807196623277901892e+01
3.619999999999999885e-01 -6.606763431642012563e+01
3.629999999999999893e-01 -6.408046640192276300e+01
3.639999999999999902e-01 -6.211084449244464167e+01
3.649999999999999911e-01 -6.015979858257666990e+01
3.659999999999999920e-01 -5.822724867974540075e+01
3.669999999999999929e-01 -5.631463877653402506e+01
3.679999999999999938e-01 -5.442189087997437724e+01
3.689999999999999947e-01 -5.255036998363888046e+01
3.699999999999999956e-01 -5.070012209038316087e+01
3.709999999999999964e-01 -4.887177920205897408e+01
3.719999999999999973e-01 -4.706635331370554809e+01
3.729999999999999982e-01 -4.528383843058578151e+01
3.739999999999999991e-01 -4.352530854707130459e+01
3.750000000000000000e-01 -4.179068266871251325e+01
3.760000000000000009e-01 -4.008101879182051164e+01
3.770000000000000018e-01 -3.839661791514292588e+01
3.780000000000000027e-01 -3.673752404490264922e+01
3.790000000000000036e-01 -3.510505817289345032e+01
3.800000000000000044e-01 -3.349885730466087352e+01
3.810000000000000053e-01 -3.191969643790482181e+01
3.820000000000000062e-01 -3.036787857294693538e+01
3.830000000000000071e-01 -2.884377270981157082e+01
3.840000000000000080e-01 -2.734775284813812490e+01
3.850000000000000089e-01 -2.588011898780476727e+01
3.860000000000000098e-01 -2.444114612873353209e+01
3.870000000000000107e-01 -2.303109327119730665e+01
3.880000000000000115e-01 -2.165027541479650708e+01
3.890000000000000124e-01 -2.029892555904869411e+01
3.900000000000000133e-01 -1.897717770444604923e+01
3.910000000000000142e-01 -1.768526685047202562e+01
3.920000000000000151e-01 -1.642332199736541298e+01
3.930000000000000160e-01 -1.519152114476559490e+01
3.940000000000000169e-01 -1.398996829259947816e+01
3.950000000000000178e-01 -1.281875244063802910e+01
3.960000000000000187e-01 -1.167791558913951988e+01
3.970000000000000195e-01 -1.056755273753380564e+01
3.980000000000000204e-01 -9.487641885879360970e+00
3.990000000000000213e-01 -8.438173034380852755e+00
4.000000000000000222e-01 -7.419178182589961423e+00
4.010000000000000231e-01 -6.430597330292272318e+00
4.020000000000000240e-01 -5.472326477653468579e+00
4.030000000000000249e-01 -4.544295624371422981e+00
4.040000000000000258e-01 -3.646372770723897538e+00
4.050000000000000266e-01 -2.778482916077396059e+00
4.060000000000000275e-01 -1.940421060651205121e+00
4.069999999999999729e-01 -1.132027204260149578e+00
4.079999999999999738e-01 -3.531033468360061378e-01
4.089999999999999747e-01 3.965625117381783027e-01
4.099999999999999756e-01 1.117206371564738010e+00
4.109999999999999765e-01 1.809085232692403622e+00
4.119999999999999774e-01 2.472466095238127881e+00
4.129999999999999782e-01 3.107639959323738488e+00
4.139999999999999791e-01 3.714922824856646155e+00
4.149999999999999800e-01 4.294611692280299486e+00
4.159999999999999809e-01 4.847094561331553031e+00
4.169999999999999818e-01 5.372705432034772244e+00
4.179999999999999827e-01 5.871783304867517650e+00
4.189999999999999836e-01 6.344765179532530830e+00
4.199999999999999845e-01 6.792027056292957887e+00
4.209999999999999853e-01 7.213998935046465277e+00
4.219999999999999862e-01 7.611089816095181426e+00
4.229999999999999871e-01 7.983770699127231474e+00
4.239999999999999880e-01 8.332448584454491325e+00
4.249999999999999889e-01 8.657594472223150817e+00
4.259999999999999898e-01 8.959709362174937297e+00
4.269999999999999907e-01 9.239241254699701145e+00
4.279999999999999916e-01 9.496718149373480244e+00
4.289999999999999925e-01 9.732581046742058817e+00
4.299999999999999933e-01 9.947382946493561917e+00
4.309999999999999942e-01 1.014161284874006874e+01
4.319999999999999951e-01 1.031578275360340768e+01
4.329999999999999960e-01 1.047042966094713101e+01
4.339999999999999969e-01 1.060606257093692406e+01
4.349999999999999978e-01 1.072322448350943525e+01
4.359999999999999987e-01 1.082244539857695287e+01
4.369999999999999996e-01 1.090423731643185690e+01
4.380000000000000004e-01 1.096917223673790787e+01
4.390000000000000013e-01 1.101775315970464675e+01
4.400000000000000022e-01 1.105052608526872326e+01
4.410000000000000031e-01 1.106802401362993571e+01
4.420000000000000040e-01 1.107082094447640586e+01
4.430000000000000049e-01 1.105942687776427569e+01
4.440000000000000058e-01 1.103434281367872494e+01
4.450000000000000067e-01 1.099610775208817692e+01
4.460000000000000075e-01 1.094523369325577811e+01
4.470000000000000084e-01 1.088228663675269914e+01
4.480000000000000093e-01 1.080774458284696138e+01
4.490000000000000102e-01 1.072214053129003375e+01
4.500000000000000111e-01 1.062595648197471299e+01
4.510000000000000120e-01 1.051965243532982619e+01
4.520000000000000129e-01 1.040377639095578211e+01
4.530000000000000138e-01 1.027879434873075759e+01
4.540000000000000147e-01 1.014514730883505322e+01
4.550000000000000155e-01 1.000331327135150872e+01
4.560000000000000164e-01 9.853787235695362412e+00
4.570000000000000173e-01 9.696944202363662058e+00
4.580000000000000182e-01 9.533261171146870439e+00
4.590000000000000191e-01 9.363172141893917555e+00
4.600000000000000200e-01 9.187080114463487490e+00
4.610000000000000209e-01 9.005359089147965790e+00
4.620000000000000218e-01 8.818443065669583802e+00
4.630000000000000226e-01 8.626709043794438259e+00
4.640000000000000235e-01 8.430486023956229147e+00
4.650000000000000244e-01 8.230192005526333787e+00
4.660000000000000253e-01 8.026115988763022457e+00
4.670000000000000262e-01 7.818599973822235150e+00
4.680000000000000271e-01 7.608017960031488336e+00
4.689999999999999725e-01 7.394605947873214902e+00
4.699999999999999734e-01 7.178698937171985150e+00
4.709999999999999742e-01 6.960595927494097168e+00
4.719999999999999751e-01 6.740506919443809863e+00
4.729999999999999760e-01 6.518765912202449719e+00
4.739999999999999769e-01 6.295538906476608965e+00
4.749999999999999778e-01 6.071136901520711504e+00
4.759999999999999787e-01 5.845717897602774826e+00
4.769999999999999796e-01 5.619494894951832187e+00
4.779999999999999805e-01 5.392727892661496547e+00
4.789999999999999813e-01 5.165490891672266827e+00
4.799999999999999822e-01 4.938050891350644456e+00
4.809999999999999831e-01 4.710544891516328825e+00
4.819999999999999840e-01 4.483072892500685747e+00
4.829999999999999849e-01 4.255802894142905579e+00
4.839999999999999858e-01 4.028869896272430751e+00
4.849999999999999867e-01 3.802373898899007898e+00
4.859999999999999876e-01 3.576416901900809631e+00
4.869999999999999885e-01 3.351075905414282907e+00
4.879999999999999893e-01 3.126455909205519745e+00
4.889999999999999902e-01 2.902613913342743768e+00
4.899999999999999911e-01 2.679620917684636616e+00
4.909999999999999920e-01 2.457518922299420261e+00
4.919999999999999929e-01 2.236363927031157051e+00
4.929999999999999938e-01 2.016179931933450575e+00
4.939999999999999947e-01 1.797001936918586118e+00
4.949999999999999956e-01 1.578846941981691065e+00
4.959999999999999964e-01 1.361730947030176386e+00
4.969999999999999973e-01 1.145650952117646115e+00
4.979999999999999982e-01 9.306149571661317399e-01
4.989999999999999991e-01 7.166149621220291310e-01
5.000000000000000000e-01 5.036319670389420855e-01
5.010000000000000009e-01 2.916579718242942598e-01
5.020000000000000018e-01 8.066597648293524769e-02
5.030000000000000027e-01 -1.293700189997424033e-01
5.040000000000000036e-01 -3.384790146481039264e-01
5.050000000000000044e-01 -5.466950104670224020e-01
5.060000000000000053e-01 -7.540530064613707451e-01
5.070000000000000062e-01 -9.605890026847528906e-01
5.080000000000000071e-01 -1.166349999103057256e+00
5.090000000000000080e-01 -1.371375995696791472e+00
5.100000000000000089e-01 -1.575702992548797532e+00
5.110000000000000098e-01 -1.779383989605472172e+00
5.120000000000000107e-01 -1.982460986861942054e+00
5.130000000000000115e-01 -2.184974984332826331e+00
5.140000000000000124e-01 -2.386969982013252167e+00
5.150000000000000133e-01 -2.588488979912964894e+00
5.160000000000000142e-01 -2.789576977992981099e+00
5.170000000000000151e-01 -2.990270976243554646e+00
5.180000000000000160e-01 -3.190605974669557643e+00
5.190000000000000169e-01 -3.390617973275863672e+00
5.200000000000000178e-01 -3.590343971965011427e+00
5.210000000000000187e-01 -3.789800970970908178e+00
5.220000000000000195e-01 -3.989053969825740342e+00
5.230000000000000204e-01 -4.188071968841382997e+00
5.240000000000000213e-01 -4.386887968178647235e+00
5.250000000000000222e-01 -4.585567967199163597e+00
5.260000000000000231e-01 -4.784046966531555256e+00
5.270000000000000240e-01 -4.982388965717754914e+00
5.280000000000000249e-01 -5.180563964889335793e+00
5.290000000000000258e-01 -5.378568964246091433e+00
5.300000000000000266e-01 -5.576441963256861811e+00
5.310000000000000275e-01 -5.774111962092201900e+00
5.320000000000000284e-01 -5.971542961278401229e+00
5.330000000000000293e-01 -6.168806959801865553e+00
5.340000000000000302e-01 -6.365767958491013623e+00
5.350000000000000311e-01 -6.562459957014477041e+00
5.360000000000000320e-01 -6.758848955050636320e+00
5.370000000000000329e-01 -6.954834952891872923e+00
5.380000000000000338e-01 -7.150377950596663368e+00
5.390000000000000346e-01 -7.345449947999325602e+00
5.400000000000000355e-01 -7.539988944822093586e+00
5.410000000000000364e-01 -7.733875941737449189e+00
5.420000000000000373e-01 -7.927129937785401204e+00
5.430000000000000382e-01 -8.119572933677414284e+00
5.440000000000000391e-01 -8.311172929077249805e+00
5.450000000000000400e-01 -8.501828923975160990e+00
5.460000000000000409e-01 -8.691437918580689370e+00
5.470000000000000417e-01 -8.879939912664800872e+00
5.480000000000000426e-01 -9.067227905900999474e+00
5.490000000000000435e-01 -9.253127899000752166e+00
5.500000000000000444e-01 -9.437611891325691005e+00
5.510000000000000453e-01 -9.620520883060990514e+00
5.520000000000000462e-01 -9.801733874367458910e+00
5.530000000000000471e-01 -9.981162864996571571e+00
5.540000000000000480e-01 -1.015866885484599891e+01
5.550000000000000488e-01 -1.033409184430070660e+01
5.560000000000000497e-01 -1.050735083295623440e+01
5.570000000000000506e-01 -1.067828182097339074e+01
5.580000000000000515e-01 -1.084675380849836834e+01
5.590000000000000524e-01 -1.101266579515594302e+01
5.600000000000000533e-01 -1.117583978123362343e+01
5.610000000000000542e-01 -1.133615676675090356e+01
5.620000000000000551e-01 -1.149350175133255547e+01
5.629999999999999449e-01 -1.164768273553898226e+01
5.639999999999999458e-01 -1.179862271877079927e+01
5.649999999999999467e-01 -1.194612170170048593e+01
5.659999999999999476e-01 -1.209011768360195660e+01
5.669999999999999485e-01 -1.223039966507947440e+01
5.679999999999999494e-01 -1.236688064582603275e+01
5.689999999999999503e-01 -1.249941062612914244e+01
5.699999999999999512e-01 -1.262789860559895949e+01
5.709999999999999520e-01 -1.275217358455223504e+01
5.719999999999999529e-01 -1.287212956286226451e+01
5.729999999999999538e-01 -1.298763454068499001e+01
5.739999999999999547e-01 -1.309858851786447076e+01
5.749999999999999556e-01 -1.320485949469309261e+01
5.759999999999999565e-01 -1.330637547067867388e+01
5.769999999999999574e-01 -1.340296344656192318e+01
5.779999999999999583e-01 -1.349460242173858049e+01
5.789999999999999591e-01 -1.358114739660823211e+01
5.799999999999999600e-01 -1.366253537096621606e+01
5.809999999999999609e-01 -1.373866134502206826e+01
5.819999999999999618e-01 -1.380946331856624987e+01
5.829999999999999627e-01 -1.387483629212505321e+01
5.839999999999999636e-01 -1.393478326501137232e+01
5.849999999999999645e-01 -1.398916623788307412e+01
5.859999999999999654e-01 -1.403798221045751582e+01
5.869999999999999662e-01 -1.408117018285653188e+01
5.879999999999999671e-01 -1.411869415493392310e+01
5.889999999999999680e-01 -1.415048812716725379e+01
5.899999999999999689e-01 -1.417658409923002694e+01
5.909999999999999698e-01 -1.419694707113198895e+01
5.919999999999999707e-01 -1.421154404302420637e+01
5.929999999999999716e-01 -1.422037301498464501e+01
5.939999999999999725e-01 -1.422344798700355994e+01
5.949999999999999734e-01 -1.422078095909557405e+01
5.959999999999999742e-01 -1.421238693134839437e+01
5.969999999999999751e-01 -1.419829890370842485e+01
5.979999999999999760e-01 -1.417853887627799736e+01
5.989999999999999769e-01 -1.415314984901812423e+01
5.999999999999999778e-01 -1.412216682223093756e+01
6.009999999999999787e-01 -1.408568679545837199e+01
6.019999999999999796e-01 -1.404371276916823952e+01
6.029999999999999805e-01 -1.399634374337028397e+01
6.039999999999999813e-01 -1.394368071758694683e+01
6.049999999999999822e-01 -1.388572669260279113e+01
6.059999999999999831e-01 -1.382264566795487859e+01
6.069999999999999840e-01 -1.375450664382838006e+01
6.079999999999999849e-01 -1.368141661997477421e+01
6.089999999999999858e-01 -1.360343159699344540e+01
6.099999999999999867e-01 -1.352073057449454829e+01
6.109999999999999876e-01 -1.343341255245371890e+01
6.119999999999999885e-01 -1.334157153109998895e+01
6.129999999999999893e-01 -1.324534851039924988e+01
6.139999999999999902e-01 -1.314487749021505536e+01
6.149999999999999911e-01 -1.304026447099572472e+01
6.159999999999999920e-01 -1.293170745221984319e+01
6.169999999999999929e-01 -1.281929743415055256e+01
6.179999999999999938e-01 -1.270317941694379371e+01
6.189999999999999947e-01 -1.258353040033642145e+01
6.199999999999999956e-01 -1.246047338471340460e+01
6.209999999999999964e-01 -1.233421036944124971e+01
6.219999999999999973e-01 -1.220481335530451616e+01
6.229999999999999982e-01 -1.207251534168432627e+01
6.239999999999999991e-01 -1.193742232901925604e+01
6.250000000000000000e-01 -1.179973031687072726e+01
6.260000000000000009e-01 -1.165954530585762328e+01
6.270000000000000018e-01 -1.151710029533669655e+01
6.280000000000000027e-01 -1.137249628565880677e+01
6.290000000000000036e-01 -1.122590627661441687e+01
6.300000000000000044e-01 -1.107746026873955891e+01
6.310000000000000053e-01 -1.092739826117170487e+01
6.320000000000000062e-01 -1.077578325458820707e+01
6.330000000000000071e-01 -1.062281724852612719e+01
6.340000000000000080e-01 -1.046860724344352889e+01
6.350000000000000089e-01 -1.031335423881412616e+01
6.360000000000000098e-01 -1.015715123505700035e+01
6.370000000000000107e-01 -1.000017723209418286e+01
6.380000000000000115e-01 -9.842595229287303127e+00
6.390000000000000124e-01 -9.684437227669448589e+00
6.400000000000000133e-01 -9.525947226353723707e+00
6.410000000000000142e-01 -9.367187225837181330e+00
6.420000000000000151e-01 -9.208321225496067797e+00
6.430000000000000160e-01 -9.049385226188039866e+00
6.440000000000000169e-01 -8.890591227177269573e+00
6.450000000000000178e-01 -8.732000228785379292e+00
6.460000000000000187e-01 -8.573739230642013709e+00
6.470000000000000195e-01 -8.415859233239352477e+00
6.480000000000000204e-01 -8.258512235865929085e+00
6.490000000000000213e-01 -8.101704239316052991e+00
6.500000000000000222e-01 -7.945604242922112093e+00
6.510000000000000231e-01 -7.790244246883906598e+00
6.520000000000000240e-01 -7.635697251142956610e+00
6.530000000000000249e-01 -7.482024255757740328e+00
6.540000000000000258e-01 -7.329298260528461562e+00
6.550000000000000266e-01 -7.177551265611058717e+00
6.560000000000000275e-01 -7.026847271029896369e+00
6.570000000000000284e-01 -6.877255276283049668e+00
6.580000000000000293e-01 -6.728741281857824497e+00
6.590000000000000302e-01 -6.581371287632395983e+00
6.600000000000000311e-01 -6.435186293226663246e+00
6.610000000000000320e-01 -6.290149299274125028e+00
6.620000000000000329e-01 -6.146353305053568583e+00
6.630000000000000338e-01 -6.003743310940220290e+00
6.640000000000000346e-01 -5.862341316865855134e+00
6.650000000000000355e-01 -5.722155322786617759e+00
6.660000000000000364e-01 -5.583184328522204254e+00
6.670000000000000373e-01 -5.445390334121344544e+00
6.680000000000000382e-01 -5.308745339861803636e+00
6.690000000000000391e-01 -5.173278345295260650e+00
6.700000000000000400e-01 -5.038926350714097779e+00
6.710000000000000409e-01 -4.905686355806441412e+00
6.720000000000000417e-01 -4.773491360898783675e+00
6.730000000000000426e-01 -4.642341365664631958e+00
6.740000000000000435e-01 -4.512169370420734182e+00
6.750000000000000444e-01 -4.382973374874707062e+00
6.760000000000000453e-01 -4.254691378968074034e+00
6.770000000000000462e-01 -4.127249382905501918e+00
6.780000000000000471e-01 -4.000615386701611875e+00
6.790000000000000480e-01 -3.874760390307673052e+00
6.800000000000000488e-01 -3.749645393431301432e+00
6.810000000000000497e-01 -3.625171396384373246e+00
6.820000000000000506e-01 -3.501303399171761033e+00
6.830000000000000515e-01 -3.378007401593669190e+00
6.840000000000000524e-01 -3.255208403810909701e+00
6.850000000000000533e-01 -3.132864405784496764e+00
6.860000000000000542e-01 -3.010925407475447457e+00
6.870000000000000551e-01 -2.889333408937363679e+00
6.879999999999999449e-01 -2.768041410155627879e+00
6.889999999999999458e-01 -2.646999411139984826e+00
6.899999999999999467e-01 -2.526159411875816385e+00
6.909999999999999476e-01 -2.405470412436217842e+00
6.919999999999999485e-01 -2.284896412782204678e+00
6.929999999999999494e-01 -2.164393412933269367e+00
6.939999999999999503e-01 -2.043921412894284639e+00
6.949999999999999512e-01 -1.923441412718855048e+00
6.959999999999999520e-01 -1.802925412372867964e+00
6.969999999999999529e-01 -1.682338411929420019e+00
6.979999999999999538e-01 -1.561660411330034082e+00
6.989999999999999547e-01 -1.440859410667298723e+00
6.999999999999999556e-01 -1.319922409926594264e+00
7.009999999999999565e-01 -1.198833409112793902e+00
7.019999999999999574e-01 -1.077577408298993733e+00
7.029999999999999583e-01 -9.561544074267167570e-01
7.039999999999999591e-01 -8.345524065885512321e-01
7.049999999999999600e-01 -7.127784057650049521e-01
7.059999999999999609e-01 -5.908354050096813470e-01
7.069999999999999618e-01 -4.687374043079613473e-01
7.079999999999999627e-01 -3.464954037037025203e-01
7.089999999999999636e-01 -2.241294032212699794e-01
7.099999999999999645e-01 -1.016644028704100089e-01
7.109999999999999654e-01 2.087259731476610175e-02
7.119999999999999662e-01 1.434475973293852513e-01
7.129999999999999671e-01 2.660255971295900079e-01
7.139999999999999680e-01 3.885625967105072465e-01
7.149999999999999689e-01 5.110135960575178382e-01
7.159999999999999698e-01 6.333305951365102437e-01
7.169999999999999707e-01 7.554585939377386206e-01
7.179999999999999716e-01 8.773405924124724198e-01
7.189999999999999725e-01 9.989095905996957514e-01
7.199999999999999734e-01 1.120106588450678453e+00
7.209999999999999742e-01 1.240862585921562511e+00
7.219999999999999751e-01 1.361099583061079032e+00
7.229999999999999760e-01 1.480749579791258874e+00
7.239999999999999769e-01 1.599728576160832638e+00
7.249999999999999778e-01 1.717962572101577434e+00
7.259999999999999787e-01 1.835363567632985804e+00
7.269999999999999796e-01 1.951847562740438136e+00
7.279999999999999805e-01 2.067327557428807694e+00
7.289999999999999813e-01 2.181717551678602263e+00
7.299999999999999822e-01 2.294927545489821696e+00
7.309999999999999831e-01 2.406867538833228348e+00
7.319999999999999840e-01 2.517441531752678596e+00
7.329999999999999849e-01 2.626562524228681195e+00
7.339999999999999858e-01 2.734139516222251043e+00
7.349999999999999867e-01 2.840073507816230247e+00
7.359999999999999876e-01 2.944282498927777159e+00
7.369999999999999885e-01 3.046667489644606874e+00
7.379999999999999893e-01 3.147147479903368961e+00
7.389999999999999902e-01 3.245628469743048861e+00
7.399999999999999911e-01 3.342024459251360380e+00
7.409999999999999920e-01 3.436267448194397556e+00
7.419999999999999929e-01 3.528241436854797630e+00
7.429999999999999938e-01 3.617888425193576563e+00
7.439999999999999947e-01 3.705142413035302784e+00
7.449999999999999956e-01 3.789901400711345847e+00
7.459999999999999964e-01 3.872131387890337173e+00
7.469999999999999973e-01 3.951730374923136502e+00
7.479999999999999982e-01 4.028668361609948789e+00
7.489999999999999991e-01 4.102874347970266733e+00
7.500000000000000000e-01 4.174281334169774205e+00
7.510000000000000009e-01 4.242856320052532659e+00
7.520000000000000018e-01 4.308534305910925788e+00
7.530000000000000027e-01 4.371310291623127675e+00
7.540000000000000036e-01 4.431154276999088815e+00
7.550000000000000044e-01 4.487997262379922248e+00
7.560000000000000053e-01 4.541840247590198665e+00
7.570000000000000062e-01 4.592648232805348840e+00
7.580000000000000071e-01 4.640422218176436964e+00
7.590000000000000080e-01 4.685194203225902854e+00
7.600000000000000089e-01 4.726898188445925797e+00
7.610000000000000098e-01 4.765569173821886828e+00
7.620000000000000107e-01 4.801239159197846718e+00
7.630000000000000115e-01 4.833908144754111014e+00
7.640000000000000124e-01 4.863613130446820421e+00
7.650000000000000133e-01 4.890382116159021741e+00
7.660000000000000142e-01 4.914219102183098542e+00
7.670000000000000151e-01 4.935188088558035702e+00
7.680000000000000160e-01 4.953361075074291797e+00
7.690000000000000169e-01 4.968767061946279817e+00
7.700000000000000178e-01 4.981479048954715161e+00
7.710000000000000187e-01 4.991525036645376723e+00
7.720000000000000195e-01 4.999045024467610787e+00
7.730000000000000204e-01 5.004066012650452144e+00
7.740000000000000213e-01 5.006662001486282598e+00
7.750000000000000222e-01 5.006966990458558087e+00
7.760000000000000231e-01 5.005008980127680474e+00
7.770000000000000240e-01 5.000930970264615638e+00
7.780000000000000249e-01 4.994828960732919931e+00
7.790000000000000258e-01 4.986770951863959134e+00
7.800000000000000266e-01 4.976892943482303266e+00
7.810000000000000275e-01 4.965294935607445836e+00
7.820000000000000284e-01 4.952080928351466405e+00
7.830000000000000293e-01 4.937377921636396216e+00
7.840000000000000302e-01 4.921296915549949524e+00
7.850000000000000311e-01 4.903966909980047362e+00
7.860000000000000320e-01 4.885493905038768681e+00
7.870000000000000329e-01 4.866006900760226017e+00
7.880000000000000338e-01 4.845641896978735375e+00
7.890000000000000346e-01 4.824500893879472230e+00
7.900000000000000355e-01 4.802723891238277254e+00
7.910000000000000364e-01 4.780404889420626802e+00
7.920000000000000373e-01 4.757712887958709835e+00
7.930000000000000382e-01 4.734720887295974734e+00
7.940000000000000391e-01 4.711592887130290563e+00
7.950000000000000400e-01 4.688430887291101357e+00
7.960000000000000409e-01 4.665301888446014900e+00
7.970000000000000417e-01 4.642409889756867969e+00
7.980000000000000426e-01 4.619786891905884652e+00
7.990000000000000435e-01 4.597604894181601232e+00
8.000000000000000444e-01 4.575889897319849631e+00
8.010000000000000453e-01 4.554818900765099876e+00
8.020000000000000462e-01 4.534454904712275081e+00
8.030000000000000471e-01 4.514900908981071659e+00
8.040000000000000480e-01 4.496222913746919403e+00
8.050000000000000488e-01 4.478522918673577990e+00
8.060000000000000497e-01 4.461833924258099771e+00
8.070000000000000506e-01 4.446290930022924748e+00
8.080000000000000515e-01 4.431930935914447645e+00
8.090000000000000524e-01 4.418779942332262678e+00
8.100000000000000533e-01 4.406945948735456753e+00
8.110000000000000542e-01 4.396425955314081868e+00
8.120000000000000551e-01 4.387255962384885244e+00
8.129999999999999449e-01 4.379536969114575129e+00
8.139999999999999458e-01 4.373198976336442279e+00
8.149999999999999467e-01 4.368342983241563005e+00
8.159999999999999476e-01 4.364903990468303796e+00
8.169999999999999485e-01 4.362947997539107448e+00
8.179999999999999494e-01 4.362443004600164542e+00
8.189999999999999503e-01 4.363387011324981302e+00
8.199999999999999512e-01 4.365711018244719632e+00
8.209999999999999520e-01 4.369455024974409518e+00
8.219999999999999529e-01 4.374580031382476974e+00
8.229999999999999538e-01 4.381020037449431470e+00
8.239999999999999547e-01 4.388705043384812043e+00
8.249999999999999556e-01 4.397608049120398377e+00
8.259999999999999565e-01 4.407688054217614670e+00
8.269999999999999574e-01 4.418814059309957187e+00
8.279999999999999583e-01 4.430985063759056430e+00
8.289999999999999591e-01 4.444069067842677079e+00
8.299999999999999600e-01 4.457991071468230260e+00
8.309999999999999609e-01 4.472657074752669715e+00
8.319999999999999618e-01 4.487997077218436104e+00
8.329999999999999627e-01 4.503843079513645264e+00
8.339999999999999636e-01 4.520160080834243033e+00
8.349999999999999645e-01 4.536748081984284475e+00
8.359999999999999654e-01 4.553572082305906044e+00
8.369999999999999662e-01 4.570462081984284275e+00
8.379999999999999671e-01 4.587286081321548359e+00
8.389999999999999680e-01 4.603974079689074905e+00
8.399999999999999689e-01 4.620327077379246639e+00
8.409999999999999698e-01 4.636206074762415419e+00
8.419999999999999707e-01 4.651548071131990092e+00
8.429999999999999716e-01 4.666145067028876880e+00
8.439999999999999725e-01 4.679900062267901895e+00
8.449999999999999734e-01 4.692678056527442187e+00
8.459999999999999742e-01 4.704278050431250691e+00
8.469999999999999751e-01 4.714627043540749796e+00
8.479999999999999760e-01 4.723562035812084225e+00
8.489999999999999769e-01 4.730911027605858798e+00
8.499999999999999778e-01 4.736576018887962647e+00
8.509999999999999787e-01 4.740452009195456284e+00
8.519999999999999796e-01 4.742338999025388802e+00
8.529999999999999805e-01 4.742138988163348223e+00
8.539999999999999813e-01 4.739709977004051389e+00
8.549999999999999822e-01 4.734990964840905647e+00
8.559999999999999831e-01 4.727775952356137346e+00
8.569999999999999840e-01 4.717998939374317580e+00
8.579999999999999849e-01 4.705557925739508818e+00
8.589999999999999858e-01 4.690318911597901597e+00
8.599999999999999867e-01 4.672177897329595098e+00
8.609999999999999876e-01 4.651108882193885741e+00
8.619999999999999885e-01 4.626933867092287045e+00
8.629999999999999893e-01 4.599659851308460112e+00
8.639999999999999902e-01 4.569146835373569360e+00
8.649999999999999911e-01 4.535363818951372750e+00
8.659999999999999920e-01 4.498210802524303276e+00
8.669999999999999929e-01 4.457686785756119541e+00
8.679999999999999938e-01 4.413721768841743831e+00
8.689999999999999947e-01 4.366285751751938449e+00
8.699999999999999956e-01 4.315342734667006575e+00
8.709999999999999964e-01 4.260893717255579638e+00
8.719999999999999973e-01 4.202871700000089916e+00
8.729999999999999982e-01 4.141308682910284311e+00
8.739999999999999991e-01 4.076238665503731262e+00
8.750000000000000000e-01 4.007596648569863085e+00
8.760000000000000009e-01 3.935479631324120486e+00
8.770000000000000018e-01 3.859823614736240138e+00
8.780000000000000027e-01 3.780763597972929269e+00
8.790000000000000036e-01 3.698263581545859324e+00
8.800000000000000044e-01 3.612392565440411207e+00
8.810000000000000053e-01 3.523216549671203790e+00
8.820000000000000062e-01 3.430804534116411286e+00
8.830000000000000071e-01 3.335200518966082051e+00
8.840000000000000080e-01 3.236487504195851184e+00
8.850000000000000089e-01 3.134743489864195265e+00
8.860000000000000098e-01 3.030058475956495023e+00
8.870000000000000107e-01 2.922519462511735000e+00
8.880000000000000115e-01 2.812221449549408003e+00
8.890000000000000124e-01 2.699263437098751162e+00
8.900000000000000133e-01 2.583750425120781014e+00
8.910000000000000142e-01 2.465779413703212075e+00
8.920000000000000151e-01 2.345465402792441090e+00
8.930000000000000160e-01 2.222912392442071727e+00
8.940000000000000169e-01 2.098235382617991807e+00
8.950000000000000178e-01 1.971542373349440380e+00
8.960000000000000187e-01 1.842947364631544183e+00
8.970000000000000195e-01 1.712563356410699678e+00
8.980000000000000204e-01 1.580492348745383469e+00
8.990000000000000213e-01 1.446848341591738363e+00
9.000000000000000222e-01 1.311736334905906132e+00
9.010000000000000231e-01 1.175252328731745122e+00
9.020000000000000240e-01 1.037501322976666529e+00
9.030000000000000249e-01 8.985693176894015144e-01
9.040000000000000258e-01 7.585523127627425977e-01
9.050000000000000266e-01 6.175243082064356681e-01
9.060000000000000275e-01 4.755613039863697544e-01
9.070000000000000284e-01 3.327323000440679523e-01
9.080000000000000293e-01 1.890942963405458366e-01
9.090000000000000302e-01 4.469629283681898768e-02
9.100000000000000311e-01 -1.004207105304622955e-01
9.110000000000000320e-01 -2.462287138100285877e-01
9.120000000000000329e-01 -3.927097170554834649e-01
9.130000000000000338e-01 -5.398567203301767314e-01
9.140000000000000346e-01 -6.876757237120771915e-01
9.150000000000000355e-01 -8.361887272450423403e-01
9.160000000000000364e-01 -9.854267310070411456e-01
9.170000000000000373e-01 -1.135436735085788351e+00
9.180000000000000382e-01 -1.286283739530015069e+00
9.190000000000000391e-01 -1.438042744432308728e+00
9.200000000000000400e-01 -1.590807749885257749e+00
9.210000000000000409e-01 -1.744691755947338718e+00
9.220000000000000417e-01 -1.899819762696520309e+00
9.230000000000000426e-01 -2.056332770274121202e+00
9.240000000000000435e-01 -2.214400778699634476e+00
9.250000000000000444e-01 -2.374197788119250419e+00
9.260000000000000453e-01 -2.535927798562208402e+00
9.270000000000000462e-01 -2.699800810199064482e+00
9.280000000000000471e-01 -2.866061823024946609e+00
9.290000000000000480e-01 -3.034954837244522086e+00
9.300000000000000488e-01 -3.206765852877283773e+00
9.310000000000000497e-01 -3.381784869937850768e+00
9.320000000000000506e-01 -3.560304888830686298e+00
9.330000000000000515e-01 -3.742701909195184751e+00
9.340000000000000524e-01 -3.929277931547889846e+00
9.350000000000000533e-01 -4.120440955854690834e+00
9.360000000000000542e-01 -4.316591981813456158e+00
9.370000000000000551e-01 -4.518070010242861478e+00
9.379999999999999449e-01 -4.725382040640980996e+00
9.389999999999999458e-01 -4.938932073319691085e+00
9.399999999999999467e-01 -5.159188108488532265e+00
9.409999999999999476e-01 -5.386661145782024818e+00
9.419999999999999485e-01 -5.621787185882397786e+00
9.429999999999999494e-01 -5.865142228575236594e+00
9.439999999999999503e-01 -6.117258273612014463e+00
9.449999999999999512e-01 -6.378616321738308947e+00
9.459999999999999520e-01 -6.649850372515546226e+00
9.469999999999999529e-01 -6.931504426226363869e+00
9.479999999999999538e-01 -7.224180482909743795e+00
9.489999999999999547e-01 -7.528488542385384896e+00
9.499999999999999556e-01 -7.845001605150338619e+00
9.509999999999999565e-01 -8.174394671024302284e+00
9.519999999999999574e-01 -8.517305739865953740e+00
9.529999999999999583e-01 -8.874343811996920905e+00
9.539999999999999591e-01 -9.246183887251515188e+00
9.549999999999999600e-01 -9.633466965922121261e+00
9.559999999999999609e-01 -1.003689404775046867e+01
9.569999999999999618e-01 -1.045711313301431922e+01
9.579999999999999627e-01 -1.089482922159671929e+01
9.589999999999999636e-01 -1.135072331324427353e+01
9.599999999999999645e-01 -1.182542440854174437e+01
9.609999999999999654e-01 -1.231968150695797171e+01
9.619999999999999662e-01 -1.283413460865376443e+01
9.629999999999999671e-01 -1.336945671396049207e+01
9.639999999999999680e-01 -1.392638882223491059e+01
9.649999999999999689e-01 -1.450553993395457830e+01
9.659999999999999698e-01 -1.510761704879300105e+01
9.669999999999999707e-01 -1.573326016676967321e+01
9.679999999999999716e-01 -1.638311328798692657e+01
9.689999999999999725e-01 -1.705784141237166551e+01
9.699999999999999734e-01 -1.775809453953404571e+01
9.709999999999999742e-01 -1.848444266984929385e+01
9.719999999999999751e-01 -1.923753280305913549e+01
9.729999999999999760e-01 -2.001795893893454092e+01
9.739999999999999769e-01 -2.082626807777275957e+01
9.749999999999999778e-01 -2.166306821904263558e+01
9.759999999999999787e-01 -2.252885836297807387e+01
9.769999999999999796e-01 -2.342418550920872278e+01
9.779999999999999805e-01 -2.434952065805619981e+01
9.789999999999999813e-01 -2.530540080884802379e+01
9.799999999999999822e-01 -2.629222496199841075e+01
9.809999999999999831e-01 -2.731047711707365266e+01
9.819999999999999840e-01 -2.836055227382035326e+01
9.829999999999999849e-01 -2.944279343252114955e+01
9.839999999999999858e-01 -3.055760159271797249e+01
9.849999999999999867e-01 -3.170528375455214132e+01
9.859999999999999876e-01 -3.288617591686874420e+01
9.869999999999999885e-01 -3.410037708214329655e+01
9.879999999999999893e-01 -3.534849424644323079e+01
9.889999999999999902e-01 -3.663032741231716471e+01
9.899999999999999911e-01 -3.794619958003798388e+01
9.909999999999999920e-01 -3.929648974752976898e+01
9.919999999999999929e-01 -4.068115091342319545e+01
9.929999999999999938e-01 -4.209985508270339238e+01
9.939999999999999947e-01 -4.355329724864067487e+01
9.949999999999999956e-01 -4.504079141776981032e+01
9.959999999999999964e-01 -4.656299258387764439e+01
9.969999999999999973e-01 -4.811928075142304095e+01
9.979999999999999982e-01 -4.970995091725311710e+01
9.989999999999999991e-01 -5.133465107665075777e+01
1.000000000000000000e+00 -5.299206124763652070e+01
