0.000000000000000000e+00 -1.841904805359353503e+01
2.860000000000000042e-02 -1.549274329445999498e+01
5.720000000000000084e-02 -1.545719106915802854e+01
8.580000000000000127e-02 -1.810869614699932839e+01
1.144000000000000017e-01 -2.113022427608298059e+01
1.429999999999999882e-01 -2.462845899717024523e+01
1.716000000000000025e-01 -3.040833175810814026e+01
2.001999999999999891e-01 -3.776111757338739494e+01
2.288000000000000034e-01 -4.401376556243577909e+01
2.574000000000000177e-01 -4.822584597075652368e+01
2.859999999999999765e-01 -5.127076829095982191e+01
3.145999999999999908e-01 -5.352549604536822869e+01
3.432000000000000051e-01 -5.478230834054645015e+01
3.718000000000000194e-01 -5.526070080795536654e+01
4.003999999999999782e-01 -5.518458973008351620e+01
4.289999999999999925e-01 -5.435495845806171644e+01
4.576000000000000068e-01 -5.293056647775962631e+01
4.862000000000000210e-01 -5.163998801589095677e+01
5.148000000000000353e-01 -5.079423944796905488e+01
5.433999999999999941e-01 -5.008878892776639447e+01
5.719999999999999529e-01 -4.963602833847264151e+01
6.006000000000000227e-01 -5.005391075800479683e+01
6.291999999999999815e-01 -5.128236942986828240e+01
6.578000000000000513e-01 -5.262063558641318650e+01
6.864000000000000101e-01 -5.409577782093600007e+01
7.149999999999999689e-01 -5.618976632456366360e+01
7.436000000000000387e-01 -5.825126514732860983e+01
7.721999999999999975e-01 -5.914601680643705350e+01
8.007999999999999563e-01 -5.918505740225618439e+01
8.294000000000000261e-01 -5.928337948506070632e+01
8.579999999999999849e-01 -5.900699933823820231e+01
8.866000000000000547e-01 -5.759008419566320214e+01
9.152000000000000135e-01 -5.548192193362690006e+01
9.437999999999999723e-01 -5.298954952741274838e+01
9.724000000000000421e-01 -4.944608817801617562e+01
1.000999999999999890e+00 -4.520982580278337792e+01
1.029600000000000071e+00 -4.202039169525278339e+01
1.058200000000000029e+00 -4.062492520410235386e+01
1.086799999999999988e+00 -4.066103342076821292e+01
1.115399999999999947e+00 -4.248251415356524774e+01
1.143999999999999906e+00 -4.615355004937178762e+01
1.172600000000000087e+00 -4.974640322672686921e+01
1.201200000000000045e+00 -5.141011823812048931e+01
1.229800000000000004e+00 -5.158709204958187655e+01
1.258399999999999963e+00 -5.125815912278654451e+01
1.286999999999999922e+00 -5.020006159662127487e+01
1.315600000000000103e+00 -4.824527056370430245e+01
1.344200000000000061e+00 -4.588332764862951052e+01
1.372800000000000020e+00 -4.308471514087479903e+01
1.401399999999999979e+00 -3.963387663270468408e+01
1.429999999999999938e+00 -3.623689706638373309e+01
1.458599999999999897e+00 -3.353985066107191670e+01
1.487200000000000077e+00 -3.116375942936092258e+01
1.515800000000000036e+00 -2.899561998912198391e+01
1.544399999999999995e+00 -2.779133779376272884e+01
1.572999999999999954e+00 -2.766231451956167930e+01
1.601599999999999913e+00 -2.782466072444606553e+01
1.630200000000000093e+00 -2.820423727560142524e+01
1.658800000000000052e+00 -2.934793055448405852e+01
1.687400000000000011e+00 -3.076485259846553078e+01
1.715999999999999970e+00 -3.131177002285326694e+01
1.744599999999999929e+00 -3.102634662072562932e+01
1.773200000000000109e+00 -3.076424779170949364e+01
1.801800000000000068e+00 -3.041711593301091909e+01
1.830400000000000027e+00 -2.923268845010603201e+01
1.858999999999999986e+00 -2.731631122404500545e+01
1.887599999999999945e+00 -2.509927709272037077e+01
1.916199999999999903e+00 -2.218442714382072367e+01
1.944800000000000084e+00 -1.851675946347641855e+01
1.973400000000000043e+00 -1.554370914539807913e+01
2.001999999999999780e+00 -1.443691240461684622e+01
2.030600000000000183e+00 -1.471668791201917337e+01
2.059200000000000141e+00 -1.613029998264705611e+01
2.087800000000000100e+00 -1.950478742044489167e+01
2.116400000000000059e+00 -2.424932536236529756e+01
2.145000000000000018e+00 -2.790486111383255263e+01
2.173599999999999977e+00 -2.944365776597140538e+01
2.202199999999999935e+00 -3.006092423929179347e+01
2.230799999999999894e+00 -3.029703836379897908e+01
2.259399999999999853e+00 -2.954416758396215670e+01
2.287999999999999812e+00 -2.802745994569618304e+01
2.316600000000000215e+00 -2.631407457381121873e+01
2.345200000000000173e+00 -2.399994553683468368e+01
2.373800000000000132e+00 -2.110001749101131452e+01
2.402400000000000091e+00 -1.872050497523045465e+01
2.431000000000000050e+00 -1.706535515427528082e+01
2.459600000000000009e+00 -1.541185472113099131e+01
2.488199999999999967e+00 -1.422967295880092564e+01
2.516799999999999926e+00 -1.440099240832579497e+01
2.545399999999999885e+00 -1.525253899219516995e+01
2.573999999999999844e+00 -1.604939317089203499e+01
2.602599999999999802e+00 -1.751013012913270117e+01
2.631200000000000205e+00 -1.977258450640879417e+01
2.659800000000000164e+00 -2.151952306298693074e+01
2.688400000000000123e+00 -2.230582723524469202e+01
2.717000000000000082e+00 -2.289982300472211207e+01
2.745600000000000041e+00 -2.333040156355565742e+01
2.774199999999999999e+00 -2.320933537638433464e+01
2.802799999999999958e+00 -2.271971734515650709e+01
2.831399999999999917e+00 -2.138017713672243758e+01
2.859999999999999876e+00 -1.841904805359355635e+01
