0.000000000000000000e+00 -1.240179705578300506e+01
4.000000000000000192e-04 -1.291009266467737149e+01
8.000000000000000383e-04 -1.342116522382599619e+01
1.299999999999999940e-03 -1.395415901668735970e+01
1.699999999999999905e-03 -1.448985353559484501e+01
2.099999999999999870e-03 -1.503463394860902369e+01
2.500000000000000052e-03 -1.558844834223186027e+01
2.899999999999999800e-03 -1.615123504035404167e+01
3.299999999999999982e-03 -1.671592716751137075e+01
3.799999999999999992e-03 -1.730362563793028841e+01
4.199999999999999740e-03 -1.789308937407608724e+01
4.599999999999999922e-03 -1.849134590813093837e+01
5.000000000000000104e-03 -1.909832325600127234e+01
5.400000000000000286e-03 -1.971391888625376509e+01
5.799999999999999600e-03 -2.033053184813706693e+01
6.300000000000000044e-03 -2.097081542413785726e+01
6.700000000000000226e-03 -2.161201359476028117e+01
7.100000000000000408e-03 -2.226143645815751171e+01
7.499999999999999722e-03 -2.291924934018701521e+01
7.900000000000000772e-03 -2.358521214813607259e+01
8.300000000000000086e-03 -2.425089094205393181e+01
8.800000000000000530e-03 -2.494128510307223223e+01
9.199999999999999845e-03 -2.563098486602784831e+01
9.599999999999999159e-03 -2.632862118253397909e+01
1.000000000000000021e-02 -2.703384297381754209e+01
1.039999999999999952e-02 -2.774678770965292784e+01
1.080000000000000057e-02 -2.845822657175191495e+01
1.129999999999999928e-02 -2.919471929342777372e+01
1.170000000000000033e-02 -2.992966412121682396e+01
1.209999999999999964e-02 -3.067153909913355747e+01
1.250000000000000069e-02 -3.142016873180148551e+01
1.290000000000000001e-02 -3.217586692074577570e+01
1.329999999999999932e-02 -3.292873818813158238e+01
1.379999999999999977e-02 -3.370702180173972806e+01
1.420000000000000082e-02 -3.448223153181300660e+01
1.460000000000000013e-02 -3.526374140928813716e+01
1.499999999999999944e-02 -3.605150071154420743e+01
1.540000000000000049e-02 -3.684494408166997204e+01
1.580000000000000154e-02 -3.763447268402303791e+01
1.629999999999999852e-02 -3.844923925291320899e+01
1.669999999999999957e-02 -3.925967133717190904e+01
1.710000000000000062e-02 -4.007570537143412537e+01
1.750000000000000167e-02 -4.089661014967535380e+01
1.789999999999999925e-02 -4.172253556251736484e+01
1.830000000000000029e-02 -4.254327030226670558e+01
1.880000000000000074e-02 -4.338880770632997042e+01
1.919999999999999832e-02 -4.422876017855372055e+01
1.959999999999999937e-02 -4.507309271440318810e+01
2.000000000000000042e-02 -4.592159670760553070e+01
2.040000000000000147e-02 -4.677389211741128605e+01
2.079999999999999905e-02 -4.761947614451189281e+01
2.129999999999999949e-02 -4.848958502897644962e+01
2.170000000000000054e-02 -4.935273669055922596e+01
2.210000000000000159e-02 -5.021905318807466756e+01
2.249999999999999917e-02 -5.108831262196439127e+01
2.290000000000000022e-02 -5.196066367303034639e+01
2.330000000000000127e-02 -5.282487274840271141e+01
2.380000000000000171e-02 -5.371293296679846918e+01
2.419999999999999929e-02 -5.459260618935022791e+01
2.460000000000000034e-02 -5.547418280017745218e+01
2.500000000000000139e-02 -5.635781411195703328e+01
2.539999999999999897e-02 -5.723231358988986273e+01
2.589999999999999941e-02 -5.812988626619044652e+01
2.630000000000000046e-02 -5.901797221181175246e+01
2.670000000000000151e-02 -5.990736790534562317e+01
2.709999999999999909e-02 -6.079730858449119779e+01
2.750000000000000014e-02 -6.168837407244921422e+01
2.790000000000000119e-02 -6.256888895818708818e+01
2.840000000000000163e-02 -6.347126095216760433e+01
2.879999999999999921e-02 -6.436324475007666024e+01
2.920000000000000026e-02 -6.525513719773385901e+01
2.960000000000000131e-02 -6.614659766478241920e+01
2.999999999999999889e-02 -6.703767290686374736e+01
3.039999999999999994e-02 -6.791728596260374218e+01
3.090000000000000038e-02 -6.881784806561762480e+01
3.130000000000000143e-02 -6.970634577474753257e+01
3.169999999999999901e-02 -7.059382254674406454e+01
3.209999999999999659e-02 -7.147979011316475351e+01
3.250000000000000111e-02 -7.236407580138518369e+01
3.289999999999999869e-02 -7.323592033662966116e+01
3.339999999999999913e-02 -7.412693276864109748e+01
3.379999999999999671e-02 -7.500527892391005480e+01
3.420000000000000123e-02 -7.588152191359357346e+01
3.459999999999999881e-02 -7.675486407082931350e+01
3.500000000000000333e-02 -7.762563626608867651e+01
3.540000000000000091e-02 -7.848311019143716294e+01
3.590000000000000135e-02 -7.935852998094675570e+01
3.629999999999999893e-02 -8.021998949857868411e+01
3.670000000000000345e-02 -8.107812601817738596e+01
3.710000000000000103e-02 -8.193247712814250860e+01
3.749999999999999861e-02 -8.278325638126548824e+01
3.790000000000000313e-02 -8.361977248920977956e+01
3.839999999999999664e-02 -8.447266072344410759e+01
3.880000000000000115e-02 -8.531119527954830062e+01
3.919999999999999873e-02 -8.614512483565249568e+01
3.960000000000000325e-02 -8.697444933085682806e+01
4.000000000000000083e-02 -8.779914121281849759e+01
4.039999999999999841e-02 -8.860887339156491294e+01
4.089999999999999886e-02 -8.943358305703301880e+01
4.130000000000000338e-02 -9.024319759222774451e+01
4.170000000000000095e-02 -9.104749033148020487e+01
4.209999999999999853e-02 -9.184606774139027152e+01
4.250000000000000305e-02 -9.263920665985743597e+01
4.290000000000000063e-02 -9.341697597034030309e+01
4.340000000000000108e-02 -9.420792172372570406e+01
4.379999999999999866e-02 -9.498325625740230294e+01
4.420000000000000318e-02 -9.575264937992719183e+01
4.460000000000000075e-02 -9.651575550245206614e+01
4.499999999999999833e-02 -9.727254813353401630e+01
4.540000000000000285e-02 -9.801357189422674310e+01
4.590000000000000330e-02 -9.876621503029871008e+01
4.630000000000000088e-02 -9.950285094724773671e+01
4.669999999999999846e-02 -1.002329891291543476e+02
4.710000000000000298e-02 -1.009561978231029542e+02
4.750000000000000056e-02 -1.016721891233244008e+02
4.789999999999999813e-02 -1.023726046825120619e+02
4.839999999999999858e-02 -1.030831185880279151e+02
4.880000000000000310e-02 -1.037775590957920002e+02
4.920000000000000068e-02 -1.044646476450646162e+02
4.959999999999999826e-02 -1.051443314158195079e+02
5.000000000000000278e-02 -1.058086058482727623e+02
5.050000000000000322e-02 -1.064812963875619687e+02
5.090000000000000080e-02 -1.071381085450742177e+02
5.129999999999999838e-02 -1.077872281137381520e+02
5.170000000000000290e-02 -1.084289475168166632e+02
5.210000000000000048e-02 -1.090624622666620951e+02
5.249999999999999806e-02 -1.096805023038001536e+02
5.299999999999999850e-02 -1.103060359719288215e+02
5.340000000000000302e-02 -1.109158195770982616e+02
5.380000000000000060e-02 -1.115174703304286083e+02
5.419999999999999818e-02 -1.121112540158892585e+02
5.460000000000000270e-02 -1.126969454189677577e+02
5.500000000000000028e-02 -1.132674894376107630e+02
5.550000000000000072e-02 -1.138439376521829018e+02
5.589999999999999830e-02 -1.144052879943615295e+02
5.630000000000000282e-02 -1.149584061309642919e+02
5.670000000000000040e-02 -1.155031458808097256e+02
5.709999999999999798e-02 -1.160399021620884810e+02
5.750000000000000250e-02 -1.165620996780393170e+02
5.800000000000000294e-02 -1.170888686373849765e+02
5.840000000000000052e-02 -1.176006885928062644e+02
5.879999999999999810e-02 -1.181046979958847629e+02
5.920000000000000262e-02 -1.186004914792544724e+02
5.960000000000000020e-02 -1.190881206961484509e+02
5.999999999999999778e-02 -1.195616843412820458e+02
6.049999999999999822e-02 -1.200386988490723752e+02
6.090000000000000274e-02 -1.205018245989178070e+02
6.130000000000000032e-02 -1.209569670019963183e+02
6.169999999999999790e-02 -1.214039045691421421e+02
6.210000000000000242e-02 -1.218428715625870353e+02
6.250000000000000000e-02 -1.222687157037862988e+02
6.300000000000000044e-02 -1.226969172069538985e+02
6.339999999999999802e-02 -1.231121557512234830e+02
6.379999999999999560e-02 -1.235192759731205001e+02
6.419999999999999318e-02 -1.239187789250568841e+02
6.460000000000000464e-02 -1.243103968839630795e+02
6.500000000000000222e-02 -1.246897671593137034e+02
6.550000000000000266e-02 -1.250708384045634176e+02
6.590000000000000024e-02 -1.254395569538360320e+02
6.629999999999999782e-02 -1.258008482525393532e+02
6.669999999999999540e-02 -1.261545066800122186e+02
6.710000000000000686e-02 -1.265007655760517764e+02
6.750000000000000444e-02 -1.268358094287254403e+02
6.800000000000000488e-02 -1.271716598960792908e+02
6.840000000000000246e-02 -1.274960820170860529e+02
6.880000000000000004e-02 -1.278135820543166830e+02
6.919999999999999762e-02 -1.281239849503562311e+02
6.959999999999999520e-02 -1.284272534596384503e+02
7.000000000000000666e-02 -1.287202629751365350e+02
7.049999999999999323e-02 -1.290136071508272835e+02
7.090000000000000469e-02 -1.292965442733521684e+02
7.130000000000000226e-02 -1.295731565770585121e+02
7.169999999999999984e-02 -1.298429099051592459e+02
7.209999999999999742e-02 -1.301065224753413645e+02
7.249999999999999500e-02 -1.303603901940337551e+02
7.299999999999999545e-02 -1.306142732533425601e+02
7.340000000000000691e-02 -1.308589893952587602e+02
7.380000000000000449e-02 -1.310975030507350994e+02
7.420000000000000207e-02 -1.313300997062114277e+02
7.459999999999999964e-02 -1.315540926665360644e+02
7.510000000000000009e-02 -1.317777075888982381e+02
7.549999999999999767e-02 -1.319930594464655371e+02
7.589999999999999525e-02 -1.322026010010515904e+02
7.630000000000000671e-02 -1.324068717174277765e+02
7.670000000000000429e-02 -1.326052837405805178e+02
7.710000000000000187e-02 -1.327964058257406350e+02
7.760000000000000231e-02 -1.329868504436039700e+02
7.799999999999999989e-02 -1.331701696514231230e+02
7.839999999999999747e-02 -1.333480500019514636e+02
7.879999999999999505e-02 -1.335211594397408135e+02
7.920000000000000651e-02 -1.336897363182175695e+02
7.960000000000000409e-02 -1.338512686283787900e+02
8.010000000000000453e-02 -1.340124114339108701e+02
8.050000000000000211e-02 -1.341667954205581452e+02
8.089999999999999969e-02 -1.343169820984620628e+02
8.129999999999999727e-02 -1.344626034124848957e+02
8.169999999999999485e-02 -1.346042284600320329e+02
8.210000000000000631e-02 -1.347400629011706314e+02
8.260000000000000675e-02 -1.348750968022106633e+02
8.300000000000000433e-02 -1.350043577674997834e+02
8.340000000000000191e-02 -1.351298933514832754e+02
8.379999999999999949e-02 -1.352517298675970494e+02
8.419999999999999707e-02 -1.353696995908048564e+02
8.459999999999999465e-02 -1.354831607753699814e+02
8.509999999999999509e-02 -1.355954739538929346e+02
8.550000000000000655e-02 -1.357028187449704149e+02
8.590000000000000413e-02 -1.358072498134270063e+02
8.630000000000000171e-02 -1.359082348640103817e+02
8.669999999999999929e-02 -1.360062710577516327e+02
8.709999999999999687e-02 -1.360998508917884351e+02
8.759999999999999731e-02 -1.361927518579039429e+02
8.799999999999999489e-02 -1.362817065202118556e+02
8.840000000000000635e-02 -1.363675787957624550e+02
8.880000000000000393e-02 -1.364507861356977969e+02
8.920000000000000151e-02 -1.365314262700572954e+02
8.959999999999999909e-02 -1.366084088260936369e+02
9.009999999999999953e-02 -1.366844999464430828e+02
9.049999999999999711e-02 -1.367571955528541991e+02
9.089999999999999469e-02 -1.368275283807475660e+02
9.130000000000000615e-02 -1.368956057815827876e+02
9.170000000000000373e-02 -1.369611434682850586e+02
9.210000000000000131e-02 -1.370236334214296789e+02
9.260000000000000175e-02 -1.370853356985317930e+02
9.299999999999999933e-02 -1.371444024461339666e+02
9.339999999999999691e-02 -1.372011886048878466e+02
9.379999999999999449e-02 -1.372560173524900335e+02
9.420000000000000595e-02 -1.373085809189107067e+02
9.460000000000000353e-02 -1.373588441567835332e+02
9.510000000000000397e-02 -1.374082430688661987e+02
9.550000000000000155e-02 -1.374548947764779712e+02
9.589999999999999913e-02 -1.374999128743320114e+02
9.629999999999999671e-02 -1.375430148255432243e+02
9.669999999999999429e-02 -1.375844869842971150e+02
9.710000000000000575e-02 -1.376235591603727357e+02
9.760000000000000620e-02 -1.376615278312713997e+02
9.800000000000000377e-02 -1.376974808662587577e+02
9.840000000000000135e-02 -1.377319791662037289e+02
9.879999999999999893e-02 -1.377646107706480336e+02
9.919999999999999651e-02 -1.377950445853957433e+02
9.969999999999999696e-02 -1.378246729034893860e+02
1.000999999999999945e-01 -1.378520965342948728e+02
1.005000000000000060e-01 -1.378779402799302432e+02
1.009000000000000036e-01 -1.379020232768939991e+02
1.013000000000000012e-01 -1.379248166792473569e+02
1.016999999999999987e-01 -1.379454591965344434e+02
1.021999999999999992e-01 -1.379648898729885786e+02
1.025999999999999968e-01 -1.379824199079759524e+02
1.029999999999999943e-01 -1.379984911276296771e+02
1.034000000000000058e-01 -1.380126591017171620e+02
1.038000000000000034e-01 -1.380253673822708151e+02
1.042000000000000010e-01 -1.380360458076730765e+02
1.047000000000000014e-01 -1.380452717172030930e+02
1.050999999999999990e-01 -1.380527519368568505e+02
1.054999999999999966e-01 -1.380583249524528924e+02
1.058999999999999941e-01 -1.380623699250222387e+02
1.063000000000000056e-01 -1.380643805329514464e+02
1.067000000000000032e-01 -1.380646494635292072e+02
1.072000000000000036e-01 -1.380629112546411079e+02
1.076000000000000012e-01 -1.380594468210617833e+02
1.079999999999999988e-01 -1.380542626904637018e+02
1.083999999999999964e-01 -1.380468151959845216e+02
1.087999999999999939e-01 -1.380376470044865584e+02
1.092000000000000054e-01 -1.380263607305923301e+02
1.097000000000000058e-01 -1.380128094403091268e+02
1.101000000000000034e-01 -1.379973673325872596e+02
1.105000000000000010e-01 -1.379797982822803988e+02
1.108999999999999986e-01 -1.379600092998431933e+02
1.112999999999999962e-01 -1.379381766971935122e+02
1.116999999999999937e-01 -1.379140332332500805e+02
1.121999999999999942e-01 -1.378871763370738108e+02
1.126000000000000056e-01 -1.378582619399999771e+02
1.130000000000000032e-01 -1.378268796301871930e+02
1.134000000000000008e-01 -1.377932790275375226e+02
1.137999999999999984e-01 -1.377570194477640655e+02
1.141999999999999960e-01 -1.377187501986779807e+02
1.146999999999999964e-01 -1.376765963297257258e+02
1.150999999999999940e-01 -1.376327740564184410e+02
1.155000000000000054e-01 -1.375859783928688671e+02
1.159000000000000030e-01 -1.375365074054286652e+02
1.163000000000000006e-01 -1.374842833951121577e+02
1.166999999999999982e-01 -1.374298380974438771e+02
1.171999999999999986e-01 -1.373709960699798103e+02
1.175999999999999962e-01 -1.373099938575724082e+02
1.179999999999999938e-01 -1.372459772340132247e+02
1.184000000000000052e-01 -1.371786381247732720e+02
1.188000000000000028e-01 -1.371085217033050583e+02
1.192000000000000004e-01 -1.370360514333778212e+02
1.197000000000000008e-01 -1.369585293572632736e+02
1.200999999999999984e-01 -1.368785766728042290e+02
1.204999999999999960e-01 -1.367952628665454711e+02
1.208999999999999936e-01 -1.367085860602867058e+02
1.213000000000000050e-01 -1.366185351093519671e+02
1.217000000000000026e-01 -1.365261276424745631e+02
1.222000000000000031e-01 -1.364279740662913980e+02
1.226000000000000006e-01 -1.363272169935568741e+02
1.229999999999999982e-01 -1.362228965131556038e+02
1.233999999999999958e-01 -1.361148017677967061e+02
1.237999999999999934e-01 -1.360047051601075054e+02
1.242999999999999938e-01 -1.358877258450177123e+02
1.247000000000000053e-01 -1.357684533611315203e+02
1.250999999999999890e-01 -1.356452720025299641e+02
1.255000000000000004e-01 -1.355182762362616131e+02
1.259000000000000119e-01 -1.353872366914755503e+02
1.262999999999999956e-01 -1.352539654531186102e+02
1.267999999999999960e-01 -1.351133161554539015e+02
1.272000000000000075e-01 -1.349701364085768773e+02
1.275999999999999912e-01 -1.348229707834996134e+02
1.280000000000000027e-01 -1.346718100746462028e+02
1.283999999999999864e-01 -1.345164789810022512e+02
1.287999999999999978e-01 -1.343589175489729257e+02
1.292999999999999983e-01 -1.341934167902294064e+02
1.297000000000000097e-01 -1.340252722260520102e+02
1.300999999999999934e-01 -1.338531179877320483e+02
1.305000000000000049e-01 -1.336765692408550308e+02
1.308999999999999886e-01 -1.334959857131831029e+02
1.313000000000000000e-01 -1.333129634113721238e+02
1.318000000000000005e-01 -1.331212648691772245e+02
1.322000000000000119e-01 -1.329275846343421961e+02
1.325999999999999956e-01 -1.327295914569221225e+02
1.330000000000000071e-01 -1.325271711542173705e+02
1.333999999999999908e-01 -1.323202432661492765e+02
1.338000000000000023e-01 -1.321118506578027905e+02
1.343000000000000027e-01 -1.318936227251246009e+02
1.346999999999999864e-01 -1.316736716923805091e+02
1.350999999999999979e-01 -1.314494725149604335e+02
1.355000000000000093e-01 -1.312208573569317025e+02
1.358999999999999930e-01 -1.309878953241876332e+02
1.363000000000000045e-01 -1.307536248686941462e+02
1.368000000000000049e-01 -1.305090691943146624e+02
1.371999999999999886e-01 -1.302632688341949745e+02
1.376000000000000001e-01 -1.300130457785746216e+02
1.380000000000000115e-01 -1.297584197652218734e+02
1.383999999999999952e-01 -1.294996301207532667e+02
1.388000000000000067e-01 -1.292400233214597165e+02
1.393000000000000071e-01 -1.289695700711715176e+02
1.396999999999999909e-01 -1.286982073658030288e+02
1.401000000000000023e-01 -1.284227864133501384e+02
1.405000000000000138e-01 -1.281432068491727136e+02
1.408999999999999975e-01 -1.278596328967198303e+02
1.413000000000000089e-01 -1.275754594304946323e+02
1.418000000000000094e-01 -1.272803645662740593e+02
1.421999999999999931e-01 -1.269846123488635783e+02
1.426000000000000045e-01 -1.266851249293621606e+02
1.429999999999999882e-01 -1.263818263651847502e+02
1.433999999999999997e-01 -1.260745712315503937e+02
1.438000000000000111e-01 -1.257675811957988543e+02
1.443000000000000116e-01 -1.254491508002143405e+02
1.446999999999999953e-01 -1.251309959516879928e+02
1.451000000000000068e-01 -1.248092347571537601e+02
1.454999999999999905e-01 -1.244839350117948840e+02
1.459000000000000019e-01 -1.241552620608601245e+02
1.463000000000000134e-01 -1.238271391011208777e+02
1.468000000000000138e-01 -1.234875009169092834e+02
1.471999999999999975e-01 -1.231488324989259837e+02
1.476000000000000090e-01 -1.228069990429190739e+02
1.479999999999999927e-01 -1.224621516214508574e+02
1.484000000000000041e-01 -1.221183056297949463e+02
1.489000000000000046e-01 -1.217629365018943872e+02
1.492999999999999883e-01 -1.214091492894869475e+02
1.496999999999999997e-01 -1.210524007706133887e+02
1.501000000000000112e-01 -1.206931531070638215e+02
1.504999999999999949e-01 -1.203312372449082375e+02
1.509000000000000064e-01 -1.199711642650869550e+02
1.514000000000000068e-01 -1.195995013289608551e+02
1.517999999999999905e-01 -1.192300173430387389e+02
1.522000000000000020e-01 -1.188583927023654496e+02
1.526000000000000134e-01 -1.184843275123856046e+02
1.529999999999999971e-01 -1.181085419969969479e+02
1.534000000000000086e-01 -1.177350323218127386e+02
1.539000000000000090e-01 -1.173502479851623264e+02
1.542999999999999927e-01 -1.169685622622310319e+02
1.547000000000000042e-01 -1.165848619733277189e+02
1.550999999999999879e-01 -1.161996517224480101e+02
1.554999999999999993e-01 -1.158127735553444211e+02
1.559000000000000108e-01 -1.154291615496789802e+02
1.564000000000000112e-01 -1.150348626288040492e+02
1.567999999999999949e-01 -1.146437660105583518e+02
1.572000000000000064e-01 -1.142514964982059524e+02
1.575999999999999901e-01 -1.138581212302120917e+02
1.580000000000000016e-01 -1.134639259393419763e+02
1.584000000000000130e-01 -1.130735766217931513e+02
1.589000000000000135e-01 -1.126728155666625355e+02
1.592999999999999972e-01 -1.122759788731286648e+02
1.597000000000000086e-01 -1.118786349519017449e+02
1.600999999999999923e-01 -1.114807484639437263e+02
1.605000000000000038e-01 -1.110825277863162768e+02
1.608999999999999875e-01 -1.106886355133122350e+02
1.613999999999999879e-01 -1.102848381121737447e+02
1.617999999999999994e-01 -1.098856602339734962e+02
1.622000000000000108e-01 -1.094864841730736202e+02
1.625999999999999945e-01 -1.090873071121737468e+02
1.630000000000000060e-01 -1.086881445198405629e+02
1.633999999999999897e-01 -1.082940964422336094e+02
1.638999999999999901e-01 -1.078906870527920034e+02
1.643000000000000016e-01 -1.074921740737014773e+02
1.647000000000000131e-01 -1.070943427513289237e+02
1.650999999999999968e-01 -1.066970727113385209e+02
1.655000000000000082e-01 -1.063004723660897071e+02
1.658999999999999919e-01 -1.059090902253401367e+02
1.663999999999999924e-01 -1.055089457387691567e+02
1.668000000000000038e-01 -1.051144400490306197e+02
1.671999999999999875e-01 -1.047209795191154171e+02
1.675999999999999990e-01 -1.043283924826099280e+02
1.680000000000000104e-01 -1.039366516497135251e+02
1.683999999999999941e-01 -1.035511192499066908e+02
1.688999999999999946e-01 -1.031571139021113481e+02
1.693000000000000060e-01 -1.027691463950724113e+02
1.696999999999999897e-01 -1.023822717483605089e+02
1.701000000000000012e-01 -1.019969822607129117e+02
1.705000000000000127e-01 -1.016128629607679557e+02
1.708999999999999964e-01 -1.012352058117030964e+02
1.713999999999999968e-01 -1.008493689101845803e+02
1.718000000000000083e-01 -1.004700387320393418e+02
1.721999999999999920e-01 -1.000925281032006779e+02
1.726000000000000034e-01 -9.971613921092252042e+01
1.729999999999999871e-01 -9.934638326688157406e+01
1.734999999999999876e-01 -9.896922895628141248e+01
1.738999999999999990e-01 -9.859831774011257721e+01
1.743000000000000105e-01 -9.822942184631628493e+01
1.746999999999999942e-01 -9.786205995403813063e+01
1.751000000000000056e-01 -9.749679138761744923e+01
1.754999999999999893e-01 -9.713763525011175659e+01
1.759999999999999898e-01 -9.677178403557098818e+01
1.764000000000000012e-01 -9.641236259095003902e+01
1.768000000000000127e-01 -9.605465151597228157e+01
1.771999999999999964e-01 -9.569904641811827162e+01
1.776000000000000079e-01 -9.534539540752528808e+01
1.779999999999999916e-01 -9.499820517544389986e+01
1.784999999999999920e-01 -9.464419882702672737e+01
1.789000000000000035e-01 -9.429657381294882157e+01
1.792999999999999872e-01 -9.395105139120413185e+01
1.796999999999999986e-01 -9.360740949892597484e+01
1.801000000000000101e-01 -9.326587201628140633e+01
1.804999999999999938e-01 -9.293032680176281701e+01
1.809999999999999942e-01 -9.258864743578284617e+01
1.814000000000000057e-01 -9.225278528051387639e+01
1.817999999999999894e-01 -9.191897026295106343e+01
1.822000000000000008e-01 -9.158715690559115785e+01
1.826000000000000123e-01 -9.125730621737073989e+01
1.829999999999999960e-01 -9.093312589561338655e+01
1.834999999999999964e-01 -9.060291643129629335e+01
1.839000000000000079e-01 -9.027837727254241429e+01
1.842999999999999916e-01 -8.995576452690703206e+01
1.847000000000000031e-01 -8.963491673203424170e+01
1.850999999999999868e-01 -8.931543033316580704e+01
1.854999999999999982e-01 -8.900179728447471916e+01
1.859999999999999987e-01 -8.868180793384870242e+01
1.864000000000000101e-01 -8.836750177357669145e+01
1.867999999999999938e-01 -8.805452512686480304e+01
1.872000000000000053e-01 -8.774314076450184530e+01
1.875999999999999890e-01 -8.743300266512970609e+01
1.880000000000000004e-01 -8.712792880155366504e+01
1.885000000000000009e-01 -8.681677626429447514e+01
1.889000000000000123e-01 -8.651049700433992484e+01
1.892999999999999960e-01 -8.620538837550124356e+01
1.897000000000000075e-01 -8.590134807403815387e+01
1.900999999999999912e-01 -8.559851721674735359e+01
1.905000000000000027e-01 -8.530005613907307804e+01
1.910000000000000031e-01 -8.499507679500266022e+01
1.913999999999999868e-01 -8.469479867472104218e+01
1.917999999999999983e-01 -8.439514249353956643e+01
1.922000000000000097e-01 -8.409611157534891390e+01
1.925999999999999934e-01 -8.379773676153342876e+01
1.930000000000000049e-01 -8.350314809297520924e+01
1.935000000000000053e-01 -8.320213812920984253e+01
1.938999999999999890e-01 -8.290483433827060367e+01
1.943000000000000005e-01 -8.260781560126142153e+01
1.947000000000000119e-01 -8.231086254036155481e+01
1.950999999999999956e-01 -8.201390866216128472e+01
1.955000000000000071e-01 -8.172058234803003529e+01
1.960000000000000075e-01 -8.142015898801875551e+01
1.963999999999999913e-01 -8.112276892711888365e+01
1.968000000000000027e-01 -8.082534431039131562e+01
1.971999999999999864e-01 -8.052737037325796621e+01
1.975999999999999979e-01 -8.023253320801224220e+01
1.980999999999999983e-01 -7.992995573562092204e+01
1.985000000000000098e-01 -7.963022473410279645e+01
1.988999999999999935e-01 -7.932984342384133924e+01
1.993000000000000049e-01 -7.902840988937175837e+01
1.996999999999999886e-01 -7.872600092936215788e+01
2.001000000000000001e-01 -7.842656325852675536e+01
2.006000000000000005e-01 -7.811824147138845831e+01
2.010000000000000120e-01 -7.781259609870902239e+01
2.013999999999999957e-01 -7.750531454833301837e+01
2.018000000000000071e-01 -7.719702496659279234e+01
2.021999999999999909e-01 -7.688680026805587886e+01
2.026000000000000023e-01 -7.657910337977504867e+01
2.031000000000000028e-01 -7.626179211503017541e+01
2.034999999999999865e-01 -7.594667147587500722e+01
2.038999999999999979e-01 -7.562968057372901853e+01
2.043000000000000094e-01 -7.531073150403078387e+01
2.046999999999999931e-01 -7.498950880397575247e+01
2.051000000000000045e-01 -7.467035439254242135e+01
2.056000000000000050e-01 -7.434098350475592554e+01
2.059999999999999887e-01 -7.401341876091517236e+01
2.064000000000000001e-01 -7.368313112024186751e+01
2.068000000000000116e-01 -7.335036505054362976e+01
2.071999999999999953e-01 -7.301527200220353109e+01
2.076000000000000068e-01 -7.268159127371110628e+01
2.081000000000000072e-01 -7.233704433182238347e+01
2.084999999999999909e-01 -7.199371826060603041e+01
2.089000000000000024e-01 -7.164747921226592098e+01
2.093000000000000138e-01 -7.129847493547370618e+01
2.096999999999999975e-01 -7.094635845659054496e+01
2.101000000000000090e-01 -7.059544110829934027e+01
2.106000000000000094e-01 -7.023286272379139916e+01
2.109999999999999931e-01 -6.987146938609932079e+01
2.114000000000000046e-01 -6.950695170164030401e+01
2.117999999999999883e-01 -6.913905754861460196e+01
2.121999999999999997e-01 -6.876757921092251991e+01
2.126000000000000112e-01 -6.839756851055042830e+01
2.131000000000000116e-01 -6.801481445372900225e+01
2.134999999999999953e-01 -6.763328723980343682e+01
2.139000000000000068e-01 -6.724813708329283202e+01
2.142999999999999905e-01 -6.685927927703406226e+01
2.147000000000000020e-01 -6.646704312400837011e+01
2.151000000000000134e-01 -6.607604922271811176e+01
2.156000000000000139e-01 -6.567159354799633775e+01
2.159999999999999976e-01 -6.526821239497064653e+01
2.164000000000000090e-01 -6.486121325785136094e+01
2.167999999999999927e-01 -6.445054902453446743e+01
2.172000000000000042e-01 -6.403618854064825427e+01
2.175999999999999879e-01 -6.362305709691746358e+01
2.180999999999999883e-01 -6.319584976254527930e+01
2.184999999999999998e-01 -6.276999675071066065e+01
2.189000000000000112e-01 -6.234055904185725439e+01
2.192999999999999949e-01 -6.190700417469862771e+01
2.197000000000000064e-01 -6.147004328663052775e+01
2.200999999999999901e-01 -6.103446551448858770e+01
2.205999999999999905e-01 -6.058440003799409368e+01
2.210000000000000020e-01 -6.013604949320801296e+01
2.214000000000000135e-01 -5.968381154575817504e+01
2.217999999999999972e-01 -5.922811324457158122e+01
2.222000000000000086e-01 -5.877415917579691751e+01
2.227000000000000091e-01 -5.830531407971125901e+01
2.230999999999999928e-01 -5.783855180140091079e+01
2.235000000000000042e-01 -5.736808705952692833e+01
2.238999999999999879e-01 -5.689433591543783564e+01
2.242999999999999994e-01 -5.641673315765743268e+01
2.247000000000000108e-01 -5.594180748329961261e+01
2.252000000000000113e-01 -5.545153997416483094e+01
2.255999999999999950e-01 -5.496381365510502803e+01
2.260000000000000064e-01 -5.447273233604521891e+01
2.263999999999999901e-01 -5.397832135133082687e+01
2.268000000000000016e-01 -5.348095717694700824e+01
2.272000000000000131e-01 -5.298655628676519314e+01
2.277000000000000135e-01 -5.247677941854577455e+01
2.280999999999999972e-01 -5.197017162622665865e+01
2.285000000000000087e-01 -5.146065821521318639e+01
2.288999999999999924e-01 -5.094821183677164100e+01
2.293000000000000038e-01 -5.043303364102969510e+01
2.296999999999999875e-01 -4.992148587754684996e+01
2.301999999999999880e-01 -4.939492858389122176e+01
2.305999999999999994e-01 -4.887200447889522081e+01
2.310000000000000109e-01 -4.834676507909554743e+01
2.313999999999999946e-01 -4.781923503499942285e+01
2.318000000000000060e-01 -4.728941475154778828e+01
2.321999999999999897e-01 -4.676417974035922498e+01
2.326999999999999902e-01 -4.622368049186972172e+01
2.331000000000000016e-01 -4.568798841671979005e+01
2.335000000000000131e-01 -4.515040526203772231e+01
2.338999999999999968e-01 -4.461117194753229143e+01
2.343000000000000083e-01 -4.407045599842608397e+01
2.346999999999999920e-01 -4.353488603185117256e+01
2.351999999999999924e-01 -4.298465289888177665e+01
2.356000000000000039e-01 -4.243978670769422479e+01
2.359999999999999876e-01 -4.189405261543014802e+01
2.363999999999999990e-01 -4.134729445954035754e+01
2.368000000000000105e-01 -4.079969703444898954e+01
2.371999999999999942e-01 -4.025797988824516693e+01
2.376999999999999946e-01 -3.970243290961300175e+01
2.381000000000000061e-01 -3.915280669161561633e+01
2.384999999999999898e-01 -3.860314865904370407e+01
2.389000000000000012e-01 -3.805327680917138622e+01
2.393000000000000127e-01 -3.750322014624265421e+01
2.396999999999999964e-01 -3.696007591481344434e+01
2.401999999999999968e-01 -3.640374194218492221e+01
2.406000000000000083e-01 -3.585436687310751580e+01
2.409999999999999920e-01 -3.530557315624873382e+01
2.414000000000000035e-01 -3.475725076403970348e+01
2.417999999999999872e-01 -3.420975961543015131e+01
2.421999999999999986e-01 -3.366976303799307146e+01
2.426999999999999991e-01 -3.311754429412706457e+01
2.431000000000000105e-01 -3.257322335806319558e+01
2.434999999999999942e-01 -3.203016573346848617e+01
2.439000000000000057e-01 -3.148860319264989727e+01
2.442999999999999894e-01 -3.094870811342816452e+01
2.447000000000000008e-01 -3.041704886878394376e+01
2.452000000000000013e-01 -2.987421376683339247e+01
2.456000000000000127e-01 -2.933981738463043953e+01
2.459999999999999964e-01 -2.880771763975412725e+01
2.464000000000000079e-01 -2.827774959462244198e+01
2.467999999999999916e-01 -2.775670318311617635e+01
2.472999999999999921e-01 -2.722538640270974497e+01
2.477000000000000035e-01 -2.670336684750285627e+01
2.480999999999999872e-01 -2.618374688766542491e+01
2.484999999999999987e-01 -2.566744923505318354e+01
2.489000000000000101e-01 -2.515428298586376599e+01
2.492999999999999938e-01 -2.465030269853824407e+01
2.497999999999999943e-01 -2.413768816935635542e+01
2.501999999999999780e-01 -2.363444227738858316e+01
2.505999999999999894e-01 -2.313478653706665611e+01
2.510000000000000009e-01 -2.263909576417280434e+01
2.514000000000000123e-01 -2.214718415534628448e+01
2.518000000000000238e-01 -2.166519042215817592e+01
2.523000000000000242e-01 -2.117558109206489547e+01
2.526999999999999802e-01 -2.069594470199481862e+01
2.530999999999999917e-01 -2.022066311680361395e+01
2.535000000000000031e-01 -1.974989179460322575e+01
2.539000000000000146e-01 -1.928370030909457000e+01
2.543000000000000260e-01 -1.882772488741057160e+01
2.548000000000000265e-01 -1.836543139352543008e+01
2.551999999999999824e-01 -1.791357352747019860e+01
2.555999999999999939e-01 -1.746671526420290022e+01
2.560000000000000053e-01 -1.702494866462339473e+01
2.564000000000000168e-01 -1.658836642423234053e+01
2.567999999999999727e-01 -1.616225038834001637e+01
2.572999999999999732e-01 -1.573114399541350217e+01
2.576999999999999846e-01 -1.531065901528742046e+01
2.580999999999999961e-01 -1.489571375974900391e+01
2.585000000000000075e-01 -1.448640143709996053e+01
2.589000000000000190e-01 -1.408280146394369758e+01
2.592999999999999750e-01 -1.368974889534197636e+01
2.597999999999999754e-01 -1.329298364640074226e+01
2.601999999999999869e-01 -1.290691954871889813e+01
2.605999999999999983e-01 -1.252682072372354050e+01
2.610000000000000098e-01 -1.215278670012214768e+01
2.614000000000000212e-01 -1.178486213811760130e+01
2.617999999999999772e-01 -1.142741180983806260e+01
2.622999999999999776e-01 -1.106753919408227915e+01
2.626999999999999891e-01 -1.071822305565097011e+01
2.631000000000000005e-01 -1.037524346531848174e+01
2.635000000000000120e-01 -1.003860917948533604e+01
2.639000000000000234e-01 -9.708332018936838281e+00
2.642999999999999794e-01 -9.388390814872984436e+00
2.647999999999999798e-01 -9.067154992643521538e+00
2.651999999999999913e-01 -8.756253572589123735e+00
2.656000000000000028e-01 -8.451864517933936227e+00
2.660000000000000142e-01 -8.153996873671401246e+00
2.664000000000000257e-01 -7.862700184415424509e+00
2.667999999999999816e-01 -7.581325683478324251e+00
2.672999999999999821e-01 -7.299772591391013421e+00
2.676999999999999935e-01 -7.028147774124541947e+00
2.681000000000000050e-01 -6.763124094564238575e+00
2.685000000000000164e-01 -6.504660216397896377e+00
2.688999999999999724e-01 -6.252796171438381734e+00
2.692999999999999838e-01 -6.010396880701411426e+00
2.697999999999999843e-01 -5.768737812317772828e+00
2.701999999999999957e-01 -5.536536087764028835e+00
2.706000000000000072e-01 -5.310842642107528988e+00
2.710000000000000187e-01 -5.091673359759294470e+00
2.713999999999999746e-01 -4.881485715769165346e+00
2.718999999999999750e-01 -4.672723932768996669e+00
2.722999999999999865e-01 -4.472898813729028866e+00
2.726999999999999980e-01 -4.279471918897195692e+00
2.731000000000000094e-01 -4.092383501568642501e+00
2.735000000000000209e-01 -3.911608927142581127e+00
2.738999999999999768e-01 -3.739178366584239299e+00
2.743999999999999773e-01 -3.568830111117752946e+00
2.747999999999999887e-01 -3.406725183713997573e+00
2.752000000000000002e-01 -3.250742663217983885e+00
2.756000000000000116e-01 -3.100824280428135626e+00
2.760000000000000231e-01 -2.956919929451145013e+00
2.763999999999999790e-01 -2.820550170459954487e+00
2.768999999999999795e-01 -2.686865442009631177e+00
2.772999999999999909e-01 -2.560620520057570015e+00
2.777000000000000024e-01 -2.440104796711544122e+00
2.781000000000000139e-01 -2.325270140476146441e+00
2.785000000000000253e-01 -2.216036464849406862e+00
2.788999999999999813e-01 -2.113538020985482380e+00
2.793999999999999817e-01 -2.014101497627419413e+00
2.797999999999999932e-01 -1.921230206032169985e+00
2.802000000000000046e-01 -1.833652677048204005e+00
2.806000000000000161e-01 -1.751282849775652295e+00
2.810000000000000275e-01 -1.674033785114384054e+00
2.813999999999999835e-01 -1.602642094132149975e+00
2.818999999999999839e-01 -1.534547151927405206e+00
2.822999999999999954e-01 -1.472130157102612191e+00
2.827000000000000068e-01 -1.414469863989233689e+00
2.831000000000000183e-01 -1.361478541788843977e+00
2.834999999999999742e-01 -1.313057190501444316e+00
2.838999999999999857e-01 -1.269592242981206986e+00
2.843999999999999861e-01 -1.229532887864562385e+00
2.847999999999999976e-01 -1.194235388416261090e+00
2.852000000000000091e-01 -1.163110859880948977e+00
2.856000000000000205e-01 -1.136060180458888347e+00
2.859999999999999765e-01 -1.112981984750866848e+00
2.863999999999999879e-01 -1.093960413085087513e+00
2.868999999999999884e-01 -1.078319836175234414e+00
2.872999999999999998e-01 -1.066530639708148431e+00
2.877000000000000113e-01 -1.058295231454445373e+00
2.881000000000000227e-01 -1.053511063315305751e+00
2.884999999999999787e-01 -1.052067378890205074e+00
2.888999999999999901e-01 -1.053799834862684692e+00
2.893999999999999906e-01 -1.058780070180807886e+00
2.898000000000000020e-01 -1.066726080497298890e+00
2.902000000000000135e-01 -1.077588635427697117e+00
2.906000000000000250e-01 -1.091261795871872220e+00
2.909999999999999809e-01 -1.107640561829823511e+00
2.913999999999999924e-01 -1.126359805601975683e+00
2.918999999999999928e-01 -1.148087544887842704e+00
2.923000000000000043e-01 -1.171946883787648108e+00
2.927000000000000157e-01 -1.198088010900836275e+00
2.931000000000000272e-01 -1.226408621728063419e+00
2.934999999999999831e-01 -1.256802325268016940e+00
2.938999999999999946e-01 -1.288755810017607750e+00
2.943999999999999950e-01 -1.323409731588860216e+00
2.948000000000000065e-01 -1.359418799768962405e+00
2.952000000000000179e-01 -1.397097777962185594e+00
2.955999999999999739e-01 -1.436346787968265648e+00
2.959999999999999853e-01 -1.476556258709343705e+00
2.964999999999999858e-01 -1.519167390617951030e+00
2.968999999999999972e-01 -1.562546922361687241e+00
2.973000000000000087e-01 -1.607112034017100566e+00
2.977000000000000202e-01 -1.652773238385240928e+00
2.980999999999999761e-01 -1.699434144464795349e+00
2.984999999999999876e-01 -1.746418801804611842e+00
2.989999999999999880e-01 -1.795407061758149014e+00
2.993999999999999995e-01 -1.844544951172210512e+00
2.998000000000000109e-01 -1.894332907696899548e+00
3.002000000000000224e-01 -1.944690235831560310e+00
3.005999999999999783e-01 -1.995539413079472135e+00
3.009999999999999898e-01 -2.046154874746211050e+00
3.014999999999999902e-01 -2.098376440199699822e+00
3.019000000000000017e-01 -2.150217158576608334e+00
3.023000000000000131e-01 -2.202230710160339111e+00
3.027000000000000246e-01 -2.254363450654435219e+00
3.030999999999999805e-01 -2.306536989057583753e+00
3.034999999999999920e-01 -2.358047724376983290e+00
3.039999999999999925e-01 -2.410719764090384576e+00
3.044000000000000039e-01 -2.462607853318199869e+00
3.048000000000000154e-01 -2.514280349453756003e+00
3.052000000000000268e-01 -2.565676608200596398e+00
3.055999999999999828e-01 -2.616714648950059452e+00
3.059999999999999942e-01 -2.666759833686336290e+00
3.064999999999999947e-01 -2.717585255671554290e+00
3.069000000000000061e-01 -2.767310187042798297e+00
3.073000000000000176e-01 -2.816490535017453389e+00
3.076999999999999735e-01 -2.865095793005228764e+00
3.080999999999999850e-01 -2.913034365188018615e+00
3.084999999999999964e-01 -2.959767931747457670e+00
3.089999999999999969e-01 -3.006904060378264187e+00
3.094000000000000083e-01 -3.052750426985195276e+00
3.098000000000000198e-01 -3.097782707090158905e+00
3.101999999999999758e-01 -3.142012673000107448e+00
3.105999999999999872e-01 -3.185402020215697849e+00
3.109999999999999987e-01 -3.227402596505241306e+00
3.114999999999999991e-01 -3.269533035052652359e+00
3.119000000000000106e-01 -3.310231484676640079e+00
3.123000000000000220e-01 -3.349983777203121349e+00
3.126999999999999780e-01 -3.388770729932487846e+00
3.130999999999999894e-01 -3.426572839759362221e+00
3.135000000000000009e-01 -3.462968459593082748e+00
3.140000000000000013e-01 -3.499232187423606533e+00
3.144000000000000128e-01 -3.534049521458615839e+00
3.148000000000000242e-01 -3.567838038193230865e+00
3.151999999999999802e-01 -3.600600250428501958e+00
3.155999999999999917e-01 -3.632331645363379824e+00
3.160000000000000031e-01 -3.662672783518710506e+00
3.165000000000000036e-01 -3.692709435233135107e+00
3.169000000000000150e-01 -3.721355612170636817e+00
3.173000000000000265e-01 -3.748957443100266129e+00
3.176999999999999824e-01 -3.775567620037767913e+00
3.180999999999999939e-01 -3.801134668964773589e+00
3.185000000000000053e-01 -3.825443322957411851e+00
3.190000000000000058e-01 -3.849323356426131326e+00
3.194000000000000172e-01 -3.871930648952612408e+00
3.197999999999999732e-01 -3.893574976776862151e+00
3.201999999999999846e-01 -3.914273705298094708e+00
3.205999999999999961e-01 -3.933818341935042096e+00
3.210999999999999965e-01 -3.952904563037542118e+00
3.215000000000000080e-01 -3.970859407147753206e+00
3.219000000000000195e-01 -3.987971876163081575e+00
3.222999999999999754e-01 -4.004210156268045218e+00
3.226999999999999869e-01 -4.019648619072614615e+00
3.230999999999999983e-01 -4.034120962941536881e+00
3.235999999999999988e-01 -4.048140320473618381e+00
3.240000000000000102e-01 -4.061254959767035544e+00
3.244000000000000217e-01 -4.073659974155336982e+00
3.247999999999999776e-01 -4.085392110343374128e+00
3.251999999999999891e-01 -4.096457022323277464e+00
3.256000000000000005e-01 -4.106792596162438969e+00
3.261000000000000010e-01 -4.116764743874687049e+00
3.265000000000000124e-01 -4.126070614346061483e+00
3.269000000000000239e-01 -4.134836138809564687e+00
3.272999999999999798e-01 -4.143118942170311847e+00
3.276999999999999913e-01 -4.150941425125286521e+00
3.281000000000000028e-01 -4.158262547097700157e+00
3.286000000000000032e-01 -4.165396506624214013e+00
3.290000000000000147e-01 -4.172054759160294779e+00
3.294000000000000261e-01 -4.178436854598868599e+00
3.297999999999999821e-01 -4.184527629631669576e+00
3.301999999999999935e-01 -4.190370840659221940e+00
3.306000000000000050e-01 -4.195940861982912828e+00
3.311000000000000054e-01 -4.201496936097797175e+00
3.315000000000000169e-01 -4.206842541611572450e+00
3.318999999999999728e-01 -4.212086922917213982e+00
3.322999999999999843e-01 -4.217289704919838123e+00
3.326999999999999957e-01 -4.222473765819708014e+00
3.331000000000000072e-01 -4.227598535849468320e+00
3.336000000000000076e-01 -4.232911378303306549e+00
3.340000000000000191e-01 -4.238228990786907069e+00
3.343999999999999750e-01 -4.243673003967487922e+00
3.347999999999999865e-01 -4.249268732040067498e+00
3.351999999999999980e-01 -4.255072242115269354e+00
3.356000000000000094e-01 -4.260993694223560446e+00
3.361000000000000099e-01 -4.267339275446256686e+00
3.365000000000000213e-01 -4.273866676902303041e+00
3.368999999999999773e-01 -4.280730418155463290e+00
3.372999999999999887e-01 -4.287951037608885407e+00
3.377000000000000002e-01 -4.295529458456273098e+00
3.381000000000000116e-01 -4.303409003518834375e+00
3.386000000000000121e-01 -4.311934390137927231e+00
3.390000000000000235e-01 -4.320820682974817473e+00
3.393999999999999795e-01 -4.330188158511314889e+00
3.397999999999999909e-01 -4.340044566937184989e+00
3.402000000000000024e-01 -4.350464940065284836e+00
3.406000000000000139e-01 -4.361294278792923862e+00
3.411000000000000143e-01 -4.372970279413744166e+00
3.415000000000000258e-01 -4.385099681628855883e+00
3.418999999999999817e-01 -4.397872673451313830e+00
3.422999999999999932e-01 -4.411241476363407799e+00
3.427000000000000046e-01 -4.425280401075238679e+00
3.431000000000000161e-01 -4.439804411909760162e+00
3.436000000000000165e-01 -4.455374529396145533e+00
3.439999999999999725e-01 -4.471451611205482735e+00
3.443999999999999839e-01 -4.488222311709179735e+00
3.447999999999999954e-01 -4.505725855115368716e+00
3.452000000000000068e-01 -4.523715244495251753e+00
3.457000000000000073e-01 -4.542899317022629724e+00
3.461000000000000187e-01 -4.562589296423571028e+00
3.464999999999999747e-01 -4.583032936027398030e+00
3.468999999999999861e-01 -4.604208662133193464e+00
3.472999999999999976e-01 -4.626106955729149206e+00
3.477000000000000091e-01 -4.648509973706171472e+00
3.482000000000000095e-01 -4.672216321438772191e+00
3.486000000000000210e-01 -4.696356239939844635e+00
3.489999999999999769e-01 -4.721249062243278338e+00
3.493999999999999884e-01 -4.746877762746975371e+00
3.497999999999999998e-01 -4.773240402350802825e+00
3.502000000000000113e-01 -4.799994710370001805e+00
3.507000000000000117e-01 -4.828101027566329861e+00
3.511000000000000232e-01 -4.856598952278161185e+00
3.514999999999999791e-01 -4.885768937889860553e+00
3.518999999999999906e-01 -4.915611801701822436e+00
3.523000000000000020e-01 -4.946123168619164012e+00
3.527000000000000135e-01 -4.976878954107210262e+00
3.532000000000000139e-01 -5.009053501756864257e+00
3.536000000000000254e-01 -5.041429310879717463e+00
3.539999999999999813e-01 -5.074393120002569368e+00
3.543999999999999928e-01 -5.107941092433686769e+00
3.548000000000000043e-01 -5.142012785967560617e+00
3.552000000000000157e-01 -5.176162557999047564e+00
3.557000000000000162e-01 -5.211686833238192484e+00
3.561000000000000276e-01 -5.247245847177839373e+00
3.564999999999999836e-01 -5.283259989127981449e+00
3.568999999999999950e-01 -5.319656506173006782e+00
3.573000000000000065e-01 -5.356466907629053864e+00
3.577000000000000179e-01 -5.393157119105771002e+00
3.582000000000000184e-01 -5.431112213646526854e+00
3.585999999999999743e-01 -5.468881804012938552e+00
3.589999999999999858e-01 -5.506906785380662583e+00
3.593999999999999972e-01 -5.545173260158095196e+00
3.598000000000000087e-01 -5.583612709333428015e+00
3.602000000000000202e-01 -5.621763531775616940e+00
3.607000000000000206e-01 -5.660962158508762165e+00
3.610999999999999766e-01 -5.699769873400759579e+00
3.614999999999999880e-01 -5.738634873400759062e+00
3.618999999999999995e-01 -5.777500299699840802e+00
3.623000000000000109e-01 -5.816365478914534926e+00
3.627000000000000224e-01 -5.854650654817506350e+00
3.632000000000000228e-01 -5.893815411044843522e+00
3.635999999999999788e-01 -5.932334179866885826e+00
3.639999999999999902e-01 -5.970681599196145051e+00
3.644000000000000017e-01 -6.008803582530651610e+00
3.648000000000000131e-01 -6.046660068970536983e+00
3.652000000000000246e-01 -6.083756744252431403e+00
3.657000000000000250e-01 -6.121414368466840727e+00
3.660999999999999810e-01 -6.158226643120109145e+00
3.664999999999999925e-01 -6.194626949586236719e+00
3.669000000000000039e-01 -6.230525874746721371e+00
3.673000000000000154e-01 -6.265956248323475641e+00
3.677000000000000268e-01 -6.300384823198189821e+00
3.682000000000000273e-01 -6.335079472980264192e+00
3.685999999999999832e-01 -6.368724548268433594e+00
3.689999999999999947e-01 -6.401694943962374929e+00
3.694000000000000061e-01 -6.433948182558809847e+00
3.698000000000000176e-01 -6.465462645363380112e+00
3.701999999999999735e-01 -6.495813868536982838e+00
3.706999999999999740e-01 -6.526070698983015284e+00
3.710999999999999854e-01 -6.555106183904772621e+00
3.714999999999999969e-01 -6.583214095125611287e+00
3.719000000000000083e-01 -6.610397900453141240e+00
3.723000000000000198e-01 -6.636299177349680001e+00
3.728000000000000203e-01 -6.661793812122634328e+00
3.731999999999999762e-01 -6.685944492165514674e+00
3.735999999999999877e-01 -6.709003492614169950e+00
3.739999999999999991e-01 -6.730929432162954917e+00
3.744000000000000106e-01 -6.751719910114888812e+00
3.748000000000000220e-01 -6.771122905181225171e+00
3.753000000000000225e-01 -6.789743061139880353e+00
3.756999999999999784e-01 -6.806892875404017218e+00
3.760999999999999899e-01 -6.822788218375631430e+00
3.765000000000000013e-01 -6.837373734351182897e+00
3.769000000000000128e-01 -6.850620824027652489e+00
3.773000000000000242e-01 -6.862392112965921775e+00
3.778000000000000247e-01 -6.873050070491218300e+00
3.781999999999999806e-01 -6.882176349078052091e+00
3.785999999999999921e-01 -6.889876922468560316e+00
3.790000000000000036e-01 -6.896124460561298797e+00
3.794000000000000150e-01 -6.900902998654038001e+00
3.798000000000000265e-01 -6.904187226761304252e+00
3.803000000000000269e-01 -6.906008523255784404e+00
3.806999999999999829e-01 -6.906254843351146810e+00
3.810999999999999943e-01 -6.905006560658580206e+00
3.815000000000000058e-01 -6.902180688358666494e+00
3.819000000000000172e-01 -6.897824091471085772e+00
3.822999999999999732e-01 -6.891943157339561310e+00
3.827999999999999736e-01 -6.884328256884377772e+00
3.831999999999999851e-01 -6.875204182493517280e+00
3.835999999999999965e-01 -6.864485011905018474e+00
3.840000000000000080e-01 -6.852153475917305947e+00
3.844000000000000195e-01 -6.838205340626576145e+00
3.847999999999999754e-01 -6.822868643711091252e+00
3.852999999999999758e-01 -6.805497111553645340e+00
3.856999999999999873e-01 -6.786699402561996664e+00
3.860999999999999988e-01 -6.766310344077564487e+00
3.865000000000000102e-01 -6.744282426784211637e+00
3.869000000000000217e-01 -6.720677195295842843e+00
3.872999999999999776e-01 -6.695785204404614888e+00
3.877999999999999781e-01 -6.668644264511496722e+00
3.881999999999999895e-01 -6.640260286318274474e+00
3.886000000000000010e-01 -6.610299272827282024e+00
3.890000000000000124e-01 -6.578748608829074307e+00
3.894000000000000239e-01 -6.545660736529159252e+00
3.897999999999999798e-01 -6.511485332346755861e+00
3.902999999999999803e-01 -6.474878357328544887e+00
3.906999999999999917e-01 -6.437223312024694444e+00
3.911000000000000032e-01 -6.398073753919794271e+00
3.915000000000000147e-01 -6.357440484407810288e+00
3.919000000000000261e-01 -6.315373971296350142e+00
3.922999999999999821e-01 -6.272418812783503661e+00
3.927999999999999825e-01 -6.226976756163065119e+00
3.931999999999999940e-01 -6.180682688742026976e+00
3.936000000000000054e-01 -6.133028031713641859e+00
3.940000000000000169e-01 -6.084065131085781175e+00
3.943999999999999728e-01 -6.033791570255035097e+00
3.947999999999999843e-01 -5.982873633293341875e+00
3.952999999999999847e-01 -5.929439086679239246e+00
3.956999999999999962e-01 -5.875412564631173673e+00
3.961000000000000076e-01 -5.820228407982320107e+00
3.965000000000000191e-01 -5.763893408430973864e+00
3.968999999999999750e-01 -5.707140568218875387e+00
3.973999999999999755e-01 -5.647879361608995730e+00
3.977999999999999869e-01 -5.588299852741512197e+00
3.981999999999999984e-01 -5.527712049070354183e+00
3.986000000000000099e-01 -5.466144376894603418e+00
3.990000000000000213e-01 -5.403633724110195047e+00
3.993999999999999773e-01 -5.341025182738634136e+00
3.998999999999999777e-01 -5.275992316132978921e+00
4.002999999999999892e-01 -5.210910154032431407e+00
4.007000000000000006e-01 -5.145070052831753671e+00
4.011000000000000121e-01 -5.078477153722021242e+00
4.015000000000000235e-01 -5.011198386107697189e+00
4.018999999999999795e-01 -4.944102615352285568e+00
4.023999999999999799e-01 -4.874712828761862404e+00
4.027999999999999914e-01 -4.805613795430875967e+00
4.032000000000000028e-01 -4.735990223696739498e+00
4.036000000000000143e-01 -4.665868305954731454e+00
4.040000000000000258e-01 -4.595308346704195301e+00
4.043999999999999817e-01 -4.525240635640932929e+00
4.048999999999999821e-01 -4.453081421992365563e+00
4.052999999999999936e-01 -4.381478857228052526e+00
4.057000000000000051e-01 -4.309608068255604607e+00
4.061000000000000165e-01 -4.237530994175154220e+00
4.064999999999999725e-01 -4.165303884796934142e+00
4.068999999999999839e-01 -4.093798415366364907e+00
4.073999999999999844e-01 -4.020447429410841877e+00
4.077999999999999958e-01 -3.947957211413466450e+00
4.082000000000000073e-01 -3.875450830107824540e+00
4.086000000000000187e-01 -3.802991102794309963e+00
4.089999999999999747e-01 -3.730635776177778418e+00
4.093999999999999861e-01 -3.659286805884589100e+00
4.098999999999999866e-01 -3.586352857228052304e+00
4.102999999999999980e-01 -3.514511482892233474e+00
4.107000000000000095e-01 -3.442944265653922198e+00
4.111000000000000210e-01 -3.371670510012461097e+00
4.114999999999999769e-01 -3.300717809060111474e+00
4.118999999999999884e-01 -3.231019812164214411e+00
4.123999999999999888e-01 -3.160033461844520719e+00
4.128000000000000003e-01 -3.090365937381017947e+00
4.132000000000000117e-01 -3.021184788012398315e+00
4.136000000000000232e-01 -2.952530536235381309e+00
4.139999999999999791e-01 -2.884463467157971195e+00
4.143999999999999906e-01 -2.817804344218360679e+00
4.148999999999999910e-01 -2.750165915884650758e+00
4.153000000000000025e-01 -2.684017398390971199e+00
4.157000000000000139e-01 -2.618585255992174510e+00
4.161000000000000254e-01 -2.553905260995214643e+00
4.164999999999999813e-01 -2.489968833488414912e+00
4.168999999999999928e-01 -2.427607288942352781e+00
4.173999999999999932e-01 -2.364570424165236773e+00
4.178000000000000047e-01 -2.303153259649253215e+00
4.182000000000000162e-01 -2.242622287528544867e+00
4.186000000000000276e-01 -2.183011680807049881e+00
4.189999999999999836e-01 -2.124329814579651643e+00
4.193999999999999950e-01 -2.067312074118967669e+00
4.198999999999999955e-01 -2.009909188018161874e+00
4.203000000000000069e-01 -1.954195402081972288e+00
4.207000000000000184e-01 -1.899520225144470054e+00
4.210999999999999743e-01 -1.845894448903951046e+00
4.214999999999999858e-01 -1.793968220209275710e+00
4.219999999999999862e-01 -1.741872515117270481e+00
4.223999999999999977e-01 -1.691505601170584461e+00
4.228000000000000091e-01 -1.642257478922192870e+00
4.232000000000000206e-01 -1.594141026572357456e+00
4.235999999999999766e-01 -1.547167365920817383e+00
4.239999999999999880e-01 -1.501893905254686690e+00
4.244999999999999885e-01 -1.456693567114456300e+00
4.248999999999999999e-01 -1.413211550759373214e+00
4.253000000000000114e-01 -1.370911595304159070e+00
4.257000000000000228e-01 -1.329795248847632116e+00
4.260999999999999788e-01 -1.289871780591368644e+00
4.264999999999999902e-01 -1.251597839627244246e+00
4.269999999999999907e-01 -1.213606635777135345e+00
4.274000000000000021e-01 -1.177269654719821812e+00
4.278000000000000136e-01 -1.142131430063033193e+00
4.282000000000000250e-01 -1.108188083606506558e+00
4.285999999999999810e-01 -1.075437676250111663e+00
4.289999999999999925e-01 -1.044249576635917887e+00
4.294999999999999929e-01 -1.013502582640076755e+00
4.299000000000000044e-01 -9.843058963864370625e-01
4.303000000000000158e-01 -9.562797229338467764e-01
4.307000000000000273e-01 -9.294159404825684812e-01
4.310999999999999832e-01 -9.037045490326025554e-01
4.314999999999999947e-01 -8.794216927074736123e-01
4.319999999999999951e-01 -8.556953301379185417e-01
4.324000000000000066e-01 -8.333706244929381945e-01
4.328000000000000180e-01 -8.121500662497944667e-01
4.331999999999999740e-01 -7.920192900092752897e-01
4.335999999999999854e-01 -7.729585393708551244e-01
4.339999999999999969e-01 -7.551592514676274126e-01
4.344999999999999973e-01 -7.379827495010998772e-01
4.349000000000000088e-01 -7.220296493698958873e-01
4.353000000000000203e-01 -7.070752094415783118e-01
4.356999999999999762e-01 -6.930976124157538498e-01
4.360999999999999877e-01 -6.800774928932094010e-01
4.364999999999999991e-01 -6.681266806991560392e-01
4.369999999999999996e-01 -6.568099908573047374e-01
4.374000000000000110e-01 -6.465174256443381173e-01
4.378000000000000225e-01 -6.370845815341268370e-01
4.381999999999999784e-01 -6.284900322275892570e-01
4.385999999999999899e-01 -6.207057777247253494e-01
4.390000000000000013e-01 -6.137804544204281676e-01
4.395000000000000018e-01 -6.074564576293626228e-01
4.399000000000000132e-01 -6.019402093372575591e-01
4.403000000000000247e-01 -5.971241949489571876e-01
4.406999999999999806e-01 -5.929792317648555633e-01
4.410999999999999921e-01 -5.894738678837714296e-01
4.415000000000000036e-01 -5.866128980058237241e-01
4.420000000000000040e-01 -5.842760501347238344e-01
4.424000000000000155e-01 -5.825190834657105743e-01
4.428000000000000269e-01 -5.812861071010270164e-01
4.431999999999999829e-01 -5.805441210406733221e-01
4.435999999999999943e-01 -5.802604906838619847e-01
4.440000000000000058e-01 -5.804014805051043169e-01
4.445000000000000062e-01 -5.809530790834909197e-01
4.449000000000000177e-01 -5.818617241390128259e-01
4.452999999999999736e-01 -5.831072985989955715e-01
4.456999999999999851e-01 -5.846558024634392892e-01
4.460999999999999965e-01 -5.864487783450355041e-01
4.465999999999999970e-01 -5.885343901040038794e-01
4.470000000000000084e-01 -5.908015347799935313e-01
4.474000000000000199e-01 -5.932494261608377562e-01
4.477999999999999758e-01 -5.958415514454870054e-01
4.481999999999999873e-01 -5.985489715338098149e-01
4.485999999999999988e-01 -6.013086568212748784e-01
4.490999999999999992e-01 -6.041909653230510546e-01
4.495000000000000107e-01 -6.070636608237071075e-01
4.499000000000000221e-01 -6.099298338276432085e-01
4.502999999999999781e-01 -6.127639971359091220e-01
4.506999999999999895e-01 -6.155334552478486376e-01
4.511000000000000010e-01 -6.181790152506645430e-01
4.516000000000000014e-01 -6.207675603820927979e-01
4.520000000000000129e-01 -6.231798420051847254e-01
4.524000000000000243e-01 -6.254150274306383706e-01
4.527999999999999803e-01 -6.274540204608152205e-01
4.531999999999999917e-01 -6.292618563934849751e-01
4.536000000000000032e-01 -6.308034333033379903e-01
4.541000000000000036e-01 -6.321029607686649010e-01
4.545000000000000151e-01 -6.330842901110437237e-01
4.549000000000000266e-01 -6.337415841556530705e-01
4.552999999999999825e-01 -6.340571730039361587e-01
4.556999999999999940e-01 -6.340036047547119580e-01
4.561000000000000054e-01 -6.335719522462797126e-01
4.566000000000000059e-01 -6.327138751640049019e-01
4.570000000000000173e-01 -6.314368356222594958e-01
4.573999999999999733e-01 -6.297147607827444649e-01
4.577999999999999847e-01 -6.275305897455911719e-01
4.581999999999999962e-01 -6.248665661102746904e-01
4.586000000000000076e-01 -6.217527083019608325e-01
4.591000000000000081e-01 -6.180375956459396303e-01
4.595000000000000195e-01 -6.138440142161335489e-01
4.598999999999999755e-01 -6.091145192882958526e-01
4.602999999999999869e-01 -6.038343544619012571e-01
4.606999999999999984e-01 -5.979927024365563337e-01
4.611000000000000099e-01 -5.916662505698088159e-01
4.616000000000000103e-01 -5.845927540894089169e-01
4.620000000000000218e-01 -5.770156404672127648e-01
4.623999999999999777e-01 -5.688449178463288458e-01
4.627999999999999892e-01 -5.600711343255759811e-01
4.632000000000000006e-01 -5.506929245057415878e-01
4.636000000000000121e-01 -5.408323230288306638e-01
4.641000000000000125e-01 -5.301022612665976519e-01
4.645000000000000240e-01 -5.188865642478127649e-01
4.648999999999999799e-01 -5.070521717283720253e-01
4.652999999999999914e-01 -4.946035356094560798e-01
4.657000000000000028e-01 -4.815371430900153293e-01
4.661000000000000143e-01 -4.680305953360397453e-01
4.666000000000000147e-01 -4.535671497494280779e-01
4.670000000000000262e-01 -4.386723053288063556e-01
4.673999999999999821e-01 -4.231728872072664238e-01
4.677999999999999936e-01 -4.070760780844143167e-01
4.682000000000000051e-01 -3.903913907612998058e-01
4.686000000000000165e-01 -3.733384448290787416e-01
4.691000000000000170e-01 -3.552802085103473617e-01
4.694999999999999729e-01 -3.368754090831656556e-01
4.698999999999999844e-01 -3.179162795545406039e-01
4.702999999999999958e-01 -2.984140026240787447e-01
4.707000000000000073e-01 -2.786324139135288869e-01
4.712000000000000077e-01 -2.578347629581690947e-01
4.716000000000000192e-01 -2.367828002227213013e-01
4.719999999999999751e-01 -2.152401163845185095e-01
4.723999999999999866e-01 -1.932271633447411319e-01
4.727999999999999980e-01 -1.707562456027332809e-01
4.732000000000000095e-01 -1.481283879665860059e-01
4.737000000000000099e-01 -1.245108205113701488e-01
4.741000000000000214e-01 -1.007732522621458543e-01
4.744999999999999774e-01 -7.664990201029789341e-02
4.748999999999999888e-01 -5.216083065569446231e-02
4.753000000000000003e-01 -2.732703819833574160e-02
4.757000000000000117e-01 -2.479370990682318136e-03
4.762000000000000122e-01 2.329171002464755155e-02
4.766000000000000236e-01 4.903348309066594968e-02
4.769999999999999796e-01 7.503297725943919305e-02
4.773999999999999910e-01 1.012689489314927554e-01
4.778000000000000025e-01 1.277164590066952321e-01
4.782000000000000139e-01 1.540252059880372892e-01
4.787000000000000144e-01 1.811500943665468044e-01
4.791000000000000258e-01 2.080881587513273845e-01
4.794999999999999818e-01 2.351407006393876065e-01
4.798999999999999932e-01 2.622826591308593525e-01
4.803000000000000047e-01 2.894879733258736154e-01
4.807000000000000162e-01 3.163978607392294307e-01
4.812000000000000166e-01 3.439840951256113999e-01
4.815999999999999726e-01 3.712247200307281503e-01
4.819999999999999840e-01 3.984247615392563779e-01
4.823999999999999955e-01 4.255580978514583168e-01
4.828000000000000069e-01 4.525970334666780115e-01
4.832000000000000184e-01 4.791920111084571610e-01
4.837000000000000188e-01 5.062937282082698998e-01
4.840999999999999748e-01 5.328948527338545071e-01
4.844999999999999862e-01 5.592992111632441032e-01
4.848999999999999977e-01 5.854781079957827039e-01
4.853000000000000091e-01 6.114072387321262125e-01
4.857000000000000206e-01 6.367488775773998411e-01
4.862000000000000210e-01 6.624049936145224304e-01
4.865999999999999770e-01 6.874245568607060264e-01
4.869999999999999885e-01 7.120907803097762390e-01
4.873999999999999999e-01 7.363809940631763640e-01
4.878000000000000114e-01 7.602632943185443359e-01
4.882000000000000228e-01 7.834413115020689711e-01
4.887000000000000233e-01 8.067287792403018409e-01
4.890999999999999792e-01 8.292568165048539441e-01
4.894999999999999907e-01 8.512910876732112664e-01
4.899000000000000021e-01 8.728030799443237120e-01
4.903000000000000136e-01 8.937717324183227507e-01
4.907000000000000250e-01 9.139333335159567362e-01
4.912000000000000255e-01 9.339935660737995748e-01
4.915999999999999814e-01 9.532091382565891502e-01
4.919999999999999929e-01 9.717932232404283832e-01
4.924000000000000044e-01 9.897366639278102340e-01
4.928000000000000158e-01 1.007013191117160034e+00
4.932000000000000273e-01 1.023413546406992447e+00
4.937000000000000277e-01 1.039503139602551363e+00
4.940999999999999837e-01 1.054682621798461506e+00
4.944999999999999951e-01 1.069130129596470580e+00
4.949000000000000066e-01 1.082829906596054492e+00
4.953000000000000180e-01 1.095620967358190034e+00
4.958000000000000185e-01 1.107933659201257415e+00
4.961999999999999744e-01 1.119308000206089337e+00
4.965999999999999859e-01 1.129882610412495936e+00
4.969999999999999973e-01 1.139645672520082975e+00
4.974000000000000088e-01 1.148588064729113345e+00
4.978000000000000203e-01 1.156609629631669689e+00
4.983000000000000207e-01 1.163967204850717030e+00
4.986999999999999766e-01 1.170388257262633847e+00
4.990999999999999881e-01 1.175955822475600598e+00
4.994999999999999996e-01 1.180662144089091870e+00
4.999000000000000110e-01 1.184503161203239285e+00
5.002999999999999670e-01 1.187447699054434036e+00
5.008000000000000229e-01 1.189569586432845938e+00
5.011999999999999789e-01 1.190790055448174289e+00
5.016000000000000458e-01 1.191131646263240196e+00
5.020000000000000018e-01 1.190595932578962346e+00
5.023999999999999577e-01 1.189178827893372148e+00
5.028000000000000247e-01 1.186927237526960610e+00
5.032999999999999696e-01 1.183721192223110785e+00
5.037000000000000366e-01 1.179681452936733432e+00
5.040999999999999925e-01 1.174775591850618417e+00
5.044999999999999485e-01 1.169002583362666714e+00
5.049000000000000155e-01 1.162375453074977472e+00
5.052999999999999714e-01 1.154994037748151126e+00
5.058000000000000274e-01 1.146571080395531572e+00
5.061999999999999833e-01 1.137409020703381346e+00
5.066000000000000503e-01 1.127424900111362094e+00
5.070000000000000062e-01 1.116618997516719114e+00
5.073999999999999622e-01 1.105010460321288912e+00
5.078000000000000291e-01 1.092765820579217229e+00
5.082999999999999741e-01 1.079419004624786238e+00
5.087000000000000410e-01 1.065465025223845119e+00
5.090999999999999970e-01 1.050756837521198639e+00
5.094999999999999529e-01 1.035307563316584245e+00
5.099000000000000199e-01 1.019132324409738777e+00
5.102999999999999758e-01 1.002461842800216107e+00
5.108000000000000318e-01 9.846750133892260282e-01
5.111999999999999877e-01 9.664249412755586688e-01
5.116000000000000547e-01 9.475181480591353678e-01
5.120000000000000107e-01 9.279755119402194330e-01
5.123999999999999666e-01 9.078158502192046342e-01
5.128000000000000336e-01 8.873151687959272005e-01
5.132999999999999785e-01 8.657197288681213188e-01
5.137000000000000455e-01 8.438270865384462915e-01
5.141000000000000014e-01 8.213998449057540174e-01
5.144999999999999574e-01 7.984608821703067516e-01
5.149000000000000243e-01 7.750312592319722471e-01
5.152999999999999803e-01 7.514294244720768345e-01
5.158000000000000362e-01 7.267936417453325637e-01
5.161999999999999922e-01 7.020343426976829448e-01
5.165999999999999481e-01 6.768776879464913909e-01
5.170000000000000151e-01 6.513505556920187178e-01
5.173999999999999710e-01 6.254778241345292367e-01
5.178000000000000380e-01 5.996051894987971531e-01
5.182999999999999829e-01 5.727921721091843166e-01
5.187000000000000499e-01 5.460311298415914116e-01
5.191000000000000059e-01 5.190246709705874650e-01
5.194999999999999618e-01 4.917987954961727248e-01
5.199000000000000288e-01 4.647155976142567368e-01
5.203999999999999737e-01 4.367967338372396036e-01
5.208000000000000407e-01 4.090677912521963888e-01
5.211999999999999966e-01 3.812261884642671461e-01
5.215999999999999526e-01 3.532942908726646736e-01
5.220000000000000195e-01 3.252999766776499824e-01
5.223999999999999755e-01 2.976107967033798096e-01
5.229000000000000314e-01 2.692279766776499716e-01
5.232999999999999874e-01 2.412004126724023034e-01
5.237000000000000544e-01 2.132141884642671514e-01
5.241000000000000103e-01 1.852917303523275716e-01
5.244999999999999662e-01 1.574616120375020023e-01
5.249000000000000332e-01 1.300821104153063457e-01
5.253999999999999782e-01 1.021720646977471586e-01
5.258000000000000451e-01 7.476251387308033292e-02
5.262000000000000011e-01 4.754236374539627663e-02
5.265999999999999570e-01 2.053467521456377176e-02
5.270000000000000240e-01 -6.236612619287332238e-03
5.273999999999999799e-01 -3.242889724471433033e-02
5.279000000000000359e-01 -5.898016889564809684e-02
5.282999999999999918e-01 -8.490749823802701268e-02
5.286999999999999478e-01 -1.105104877832919913e-01
5.291000000000000147e-01 -1.357672593311819165e-01
5.294999999999999707e-01 -1.606577519818262467e-01
5.299000000000000377e-01 -1.848673187478664937e-01
5.303999999999999826e-01 -2.092594486902008277e-01
5.308000000000000496e-01 -2.329343482485870254e-01
5.312000000000000055e-01 -2.561635170085472812e-01
5.315999999999999615e-01 -2.789345286710000482e-01
5.320000000000000284e-01 -3.012284441358152876e-01
5.323999999999999844e-01 -3.227679517616584004e-01
5.329000000000000403e-01 -3.443208390706930522e-01
5.332999999999999963e-01 -3.650901358411496322e-01
5.336999999999999522e-01 -3.853216409133115028e-01
5.341000000000000192e-01 -4.050024760869173068e-01
5.344999999999999751e-01 -4.241212759627529527e-01
5.349000000000000421e-01 -4.424427632310813374e-01
5.353999999999999870e-01 -4.606215359173113644e-01
5.358000000000000540e-01 -4.779826914966900930e-01
5.362000000000000099e-01 -4.947384207769869868e-01
5.365999999999999659e-01 -5.108814801587269194e-01
5.370000000000000329e-01 -5.264012350411232388e-01
5.373999999999999888e-01 -5.411184996194451369e-01
5.379000000000000448e-01 -5.555496486082772689e-01
5.383000000000000007e-01 -5.691665508925103367e-01
5.386999999999999567e-01 -5.821412095772678930e-01
5.391000000000000236e-01 -5.944692592633379347e-01
5.394999999999999796e-01 -6.061417961483580585e-01
5.399000000000000465e-01 -6.170391741073325553e-01
5.403999999999999915e-01 -6.275361391199730798e-01
5.407999999999999474e-01 -6.372523106057804698e-01
5.412000000000000144e-01 -6.463148474908008145e-01
5.415999999999999703e-01 -6.547292016762145117e-01
5.420000000000000373e-01 -6.624929212608412499e-01
5.423999999999999932e-01 -6.695325075559543926e-01
5.429000000000000492e-01 -6.760898476290448933e-01
5.433000000000000052e-01 -6.819276634113098368e-01
5.436999999999999611e-01 -6.871382964939684035e-01
5.441000000000000281e-01 -6.917198430746589466e-01
5.444999999999999840e-01 -6.956454527635447249e-01
5.450000000000000400e-01 -6.990459715338095403e-01
5.453999999999999959e-01 -7.018010406112198396e-01
5.457999999999999519e-01 -7.039667186873181937e-01
5.462000000000000188e-01 -7.055527621626294099e-01
5.465999999999999748e-01 -7.065657800358412510e-01
5.470000000000000417e-01 -7.070222716858779455e-01
5.474999999999999867e-01 -7.069329472776727519e-01
5.479000000000000536e-01 -7.063092184460301182e-01
5.483000000000000096e-01 -7.051656467118945226e-01
5.486999999999999655e-01 -7.035205012768406263e-01
5.491000000000000325e-01 -7.013815129392937386e-01
5.494999999999999885e-01 -6.988047453594032898e-01
5.500000000000000444e-01 -6.956977639572461403e-01
5.504000000000000004e-01 -6.921864552139262994e-01
5.507999999999999563e-01 -6.882448516669328331e-01
5.512000000000000233e-01 -6.839001007181023661e-01
5.515999999999999792e-01 -6.791663241671727080e-01
5.520000000000000462e-01 -6.741259637710000918e-01
5.524999999999999911e-01 -6.685994250574410769e-01
5.528999999999999471e-01 -6.628073633985080981e-01
5.533000000000000140e-01 -6.567032761374755889e-01
5.536999999999999700e-01 -6.503037113731631180e-01
5.541000000000000369e-01 -6.436331210067512965e-01
5.544999999999999929e-01 -6.367949937897525725e-01
5.550000000000000488e-01 -6.295520205651371493e-01
5.554000000000000048e-01 -6.221843886901970988e-01
5.557999999999999607e-01 -6.146270357125018791e-01
5.562000000000000277e-01 -6.069009616320512057e-01
5.565999999999999837e-01 -5.990272273487142751e-01
5.570000000000000506e-01 -5.911263688502023106e-01
5.574999999999999956e-01 -5.829228390732492660e-01
5.578999999999999515e-01 -5.747388196819088746e-01
5.583000000000000185e-01 -5.664903836871568732e-01
5.586999999999999744e-01 -5.582031656897811223e-01
5.591000000000000414e-01 -5.498972874895184937e-01
5.594999999999999973e-01 -5.416955992690958288e-01
5.600000000000000533e-01 -5.333172459809903954e-01
5.604000000000000092e-01 -5.250824480719372689e-01
5.607999999999999652e-01 -5.169173809613099024e-01
5.612000000000000322e-01 -5.088350799468772667e-01
5.615999999999999881e-01 -5.008635097308704598e-01
5.620000000000000551e-01 -4.931094183291617195e-01
5.625000000000000000e-01 -4.853165104899346827e-01
5.628999999999999559e-01 -4.777826551659244969e-01
5.633000000000000229e-01 -4.704330787391586832e-01
5.636999999999999789e-01 -4.632884767102939394e-01
5.641000000000000458e-01 -4.563650317789360034e-01
5.645000000000000018e-01 -4.497600002764881588e-01
5.649999999999999467e-01 -4.432530651099227947e-01
5.654000000000000137e-01 -4.370976651720047124e-01
5.657999999999999696e-01 -4.312319960325123880e-01
5.662000000000000366e-01 -4.256686057902646092e-01
5.665999999999999925e-01 -4.204277636468360391e-01
5.669999999999999485e-01 -4.155746192812565520e-01
5.675000000000000044e-01 -4.109558198540747553e-01
5.678999999999999604e-01 -4.067552310057917508e-01
5.683000000000000274e-01 -4.029237383551469431e-01
5.686999999999999833e-01 -3.994786111037149645e-01
5.691000000000000503e-01 -3.964587230006717533e-01
5.695999999999999952e-01 -3.937773662965212140e-01
5.699999999999999512e-01 -3.915428833415466880e-01
5.704000000000000181e-01 -3.897280093852601435e-01
5.707999999999999741e-01 -3.883425617280552022e-01
5.712000000000000410e-01 -3.873934185701941590e-01
5.715999999999999970e-01 -3.868866152094466715e-01
5.721000000000000529e-01 -3.868228630528977585e-01
5.725000000000000089e-01 -3.872094506934622982e-01
5.728999999999999648e-01 -3.880490383340268190e-01
5.733000000000000318e-01 -3.893420522736729672e-01
5.736999999999999877e-01 -3.910947008141062997e-01
5.741000000000000547e-01 -3.932694256433169055e-01
5.745999999999999996e-01 -3.959649978949730253e-01
5.749999999999999556e-01 -3.990797073352751467e-01
5.754000000000000226e-01 -4.026488686767581426e-01
5.757999999999999785e-01 -4.066639082185035114e-01
5.762000000000000455e-01 -4.111225214611674006e-01
5.766000000000000014e-01 -4.159534103232748747e-01
5.770999999999999464e-01 -4.213477735485942066e-01
5.775000000000000133e-01 -4.270999860942758519e-01
5.778999999999999693e-01 -4.332656505411380810e-01
5.783000000000000362e-01 -4.398358886889189856e-01
5.786999999999999922e-01 -4.468033351384054219e-01
5.790999999999999481e-01 -4.540610944718878050e-01
5.796000000000000041e-01 -4.618758529424952242e-01
5.799999999999999600e-01 -4.699567415974920670e-01
5.804000000000000270e-01 -4.783797776543260993e-01
5.807999999999999829e-01 -4.871309611129966965e-01
5.812000000000000499e-01 -4.961960483740291972e-01
5.816000000000000059e-01 -5.054397828300435380e-01
5.820999999999999508e-01 -5.151947516035724206e-01
5.825000000000000178e-01 -5.250904284719524195e-01
5.828999999999999737e-01 -5.352258264430873602e-01
5.833000000000000407e-01 -5.455800064168467856e-01
5.836999999999999966e-01 -5.561324811942796043e-01
5.840999999999999526e-01 -5.667236339789443189e-01
5.846000000000000085e-01 -5.777348376568864907e-01
5.849999999999999645e-01 -5.887403539428475163e-01
5.854000000000000314e-01 -5.998512259323512952e-01
5.857999999999999874e-01 -6.110403927255285694e-01
5.862000000000000544e-01 -6.222802197215925313e-01
5.866000000000000103e-01 -6.334110732170641356e-01
5.870999999999999552e-01 -6.448165754251349302e-01
5.875000000000000222e-01 -6.560542868322201127e-01
5.878999999999999782e-01 -6.672362930429787120e-01
5.883000000000000451e-01 -6.783344113578049228e-01
5.887000000000000011e-01 -6.893175199769606687e-01
5.890999999999999570e-01 -7.000230361596221362e-01
5.896000000000000130e-01 -7.108148043258997184e-01
5.899999999999999689e-01 -7.212734319568637753e-01
5.904000000000000359e-01 -7.314941107920266417e-01
5.907999999999999918e-01 -7.414452062306006175e-01
5.911999999999999478e-01 -7.510998656744226620e-01
5.916000000000000147e-01 -7.603097482569051158e-01
5.920999999999999597e-01 -7.693800689730881937e-01
5.925000000000000266e-01 -7.779430647291123435e-01
5.928999999999999826e-01 -7.860771725892037320e-01
5.933000000000000496e-01 -7.937513925533626891e-01
5.937000000000000055e-01 -8.008529848176908494e-01
5.941999999999999504e-01 -8.075916815949317762e-01
5.946000000000000174e-01 -8.136919333719486724e-01
5.949999999999999734e-01 -8.192031145534263148e-01
5.954000000000000403e-01 -8.240914687388402049e-01
5.957999999999999963e-01 -8.283268132285837027e-01
5.961999999999999522e-01 -8.318412158579157056e-01
5.967000000000000082e-01 -8.347089603200105179e-01
5.970999999999999641e-01 -8.367955802220873318e-01
5.975000000000000311e-01 -8.381024340279689122e-01
5.978999999999999870e-01 -8.386006435373931645e-01
5.983000000000000540e-01 -8.382626606515406475e-01
5.987000000000000099e-01 -8.370784652544398519e-01
5.991999999999999549e-01 -8.349541273896761151e-01
5.996000000000000218e-01 -8.319263943140575712e-01
5.999999999999999778e-01 -8.279490778418503449e-01
6.004000000000000448e-01 -8.229958125738415786e-01
6.008000000000000007e-01 -8.170353902083257180e-01
6.011999999999999567e-01 -8.101455562768721252e-01
6.017000000000000126e-01 -8.020100388870031738e-01
6.020999999999999686e-01 -7.928962926308030790e-01
6.025000000000000355e-01 -7.826850238778826352e-01
6.028999999999999915e-01 -7.713520243265368226e-01
6.032999999999999474e-01 -7.588845022784713734e-01
6.037000000000000144e-01 -7.454373072262137079e-01
6.041999999999999593e-01 -7.304544740887689569e-01
6.046000000000000263e-01 -7.144610288470009118e-01
6.049999999999999822e-01 -6.972606092073325712e-01
6.054000000000000492e-01 -6.788376414688443994e-01
6.058000000000000052e-01 -6.591827602323246937e-01
6.061999999999999611e-01 -6.385503621573789257e-01
6.067000000000000171e-01 -6.161266579621716977e-01
6.070999999999999730e-01 -5.927101933290637170e-01
6.075000000000000400e-01 -5.680216677960860938e-01
6.078999999999999959e-01 -5.420599595635025025e-01
6.082999999999999519e-01 -5.148218859317065244e-01
6.087000000000000188e-01 -4.866639959996128528e-01
6.091999999999999638e-01 -4.565029822675889526e-01
6.096000000000000307e-01 -4.254235785343488674e-01
6.099999999999999867e-01 -3.930729312016346122e-01
6.104000000000000536e-01 -3.594480755672135319e-01
6.108000000000000096e-01 -3.245617071317434266e-01
6.111999999999999655e-01 -2.888763581559694593e-01
6.117000000000000215e-01 -2.510389190566046924e-01
6.120999999999999774e-01 -2.124247430164119266e-01
6.125000000000000444e-01 -1.725936631738561322e-01
6.129000000000000004e-01 -1.315637404288081402e-01
6.132999999999999563e-01 -8.935397478126799742e-02
6.137000000000000233e-01 -4.652488786456695363e-02
6.141999999999999682e-01 -1.475767376870795646e-03
6.146000000000000352e-01 4.414443078051115410e-02
6.149999999999999911e-01 9.084980194182845636e-02
6.153999999999999471e-01 1.386104070069498762e-01
6.158000000000000140e-01 1.873968805766650370e-01
6.161999999999999700e-01 2.365569781207766675e-01
6.167000000000000259e-01 2.879073114301325953e-01
6.170999999999999819e-01 3.395587815149345712e-01
6.175000000000000488e-01 3.920860592044616011e-01
6.179000000000000048e-01 4.454521701008103962e-01
6.182999999999999607e-01 4.989375785621352200e-01
6.188000000000000167e-01 5.545042922109580941e-01
6.191999999999999726e-01 6.100986335261993077e-01
6.196000000000000396e-01 6.663359298480027171e-01
6.199999999999999956e-01 7.231656330775461106e-01
6.203999999999999515e-01 7.805288650145671969e-01
6.208000000000000185e-01 8.376591543675698803e-01
6.212999999999999634e-01 8.966243060123590958e-01
6.217000000000000304e-01 9.552350278741796874e-01
6.220999999999999863e-01 1.014133034844001857e+00
6.225000000000000533e-01 1.073256413423797406e+00
6.229000000000000092e-01 1.132529772612251406e+00
6.232999999999999652e-01 1.191163451448436161e+00
6.238000000000000211e-01 1.251251605819074131e+00
6.241999999999999771e-01 1.310547323436916933e+00
6.246000000000000441e-01 1.369701803666045103e+00
6.250000000000000000e-01 1.428629351005799908e+00
6.253999999999999559e-01 1.487248965456181349e+00
6.258000000000000229e-01 1.544775376574488490e+00
6.262999999999999678e-01 1.603231994991846321e+00
6.267000000000000348e-01 1.660417592776736173e+00
6.270999999999999908e-01 1.716950344174220877e+00
6.274999999999999467e-01 1.772734553683644299e+00
6.279000000000000137e-01 1.827678795005927448e+00
6.282999999999999696e-01 1.881039005792958463e+00
6.288000000000000256e-01 1.934654129489590479e+00
6.291999999999999815e-01 1.986487197048871556e+00
6.296000000000000485e-01 2.037097799526391473e+00
6.300000000000000044e-01 2.086350103715325144e+00
6.303999999999999604e-01 2.134157535914754877e+00
6.308000000000000274e-01 2.179891802425938163e+00
6.312999999999999723e-01 2.225050319263341070e+00
6.317000000000000393e-01 2.267897497408562391e+00
6.320999999999999952e-01 2.308868123970052366e+00
6.324999999999999512e-01 2.347839295145448979e+00
6.329000000000000181e-01 2.384705010934754288e+00
6.332999999999999741e-01 2.418962837552052658e+00
6.338000000000000300e-01 2.451676605062565795e+00
6.341999999999999860e-01 2.481530762298316706e+00
6.346000000000000529e-01 2.508819464147975964e+00
6.350000000000000089e-01 2.533434091917184272e+00
6.353999999999999648e-01 2.555227289902398891e+00
6.358000000000000318e-01 2.573884054239433006e+00
6.362999999999999767e-01 2.589894701020194034e+00
6.367000000000000437e-01 2.602498253949887541e+00
6.370999999999999996e-01 2.611819133496112499e+00
6.374999999999999556e-01 2.617727746566610669e+00
6.379000000000000226e-01 2.620046157546161325e+00
6.382999999999999785e-01 2.618760834035264828e+00
6.388000000000000345e-01 2.613554106756695194e+00
6.391999999999999904e-01 2.604490244290695422e+00
6.395999999999999464e-01 2.591349926438603735e+00
6.400000000000000133e-01 2.574024717205667834e+00
6.403999999999999693e-01 2.552372148784277872e+00
6.408000000000000362e-01 2.526669522947419200e+00
6.412999999999999812e-01 2.495646363401064605e+00
6.417000000000000481e-01 2.460286774829269163e+00
6.421000000000000041e-01 2.420129259578860825e+00
6.424999999999999600e-01 2.375013070944984594e+00
6.429000000000000270e-01 2.325484044100221581e+00
6.433999999999999719e-01 2.269419647924726835e+00
6.438000000000000389e-01 2.208688474438213145e+00
6.441999999999999948e-01 2.142511262169020103e+00
6.445999999999999508e-01 2.070756011117146578e+00
6.450000000000000178e-01 1.993291878380097248e+00
6.453999999999999737e-01 1.911087457807665313e+00
6.459000000000000297e-01 1.820770079954546095e+00
6.462999999999999856e-01 1.725468657865520061e+00
6.467000000000000526e-01 1.623978866892366257e+00
6.471000000000000085e-01 1.516180133334171565e+00
6.474999999999999645e-01 1.401958274491329925e+00
6.479000000000000314e-01 1.282743329730857917e+00
6.483999999999999764e-01 1.153779546350907736e+00
6.488000000000000433e-01 1.019592920652802270e+00
6.491999999999999993e-01 8.785255959691313787e-01
6.495999999999999552e-01 7.304676940996333023e-01
6.500000000000000222e-01 5.753111541444312360e-01
6.503999999999999782e-01 4.150084732021983580e-01
6.509000000000000341e-01 2.432732561745741540e-01
6.512999999999999901e-01 6.618601995965431306e-02
6.516999999999999460e-01 -1.184151844424043143e-01
6.521000000000000130e-01 -3.106283570316114573e-01
6.524999999999999689e-01 -5.105510106090034306e-01
6.529000000000000359e-01 -7.156533546187305861e-01
6.533999999999999808e-01 -9.338944915267946012e-01
6.538000000000000478e-01 -1.157497588068768790e+00
6.542000000000000037e-01 -1.389170104699062103e+00
6.545999999999999597e-01 -1.629000249719379623e+00
6.550000000000000266e-01 -1.877064632128422117e+00
6.553999999999999826e-01 -2.130229914341987829e+00
6.559000000000000385e-01 -2.398226516020388832e+00
6.562999999999999945e-01 -2.671448783599512211e+00
6.566999999999999504e-01 -2.953217705170759100e+00
6.571000000000000174e-01 -3.243592245436373478e+00
6.574999999999999734e-01 -3.542619241088070581e+00
6.579000000000000403e-01 -3.846549438111717123e+00
6.583999999999999853e-01 -4.166936505077960540e+00
6.588000000000000522e-01 -4.492330235013004547e+00
6.592000000000000082e-01 -4.826606679840040215e+00
6.595999999999999641e-01 -5.169826839559066300e+00
6.600000000000000311e-01 -5.522048060177973561e+00
6.603999999999999870e-01 -5.878771255511827221e+00
6.609000000000000430e-01 -6.253560915293340017e+00
6.612999999999999989e-01 -6.632964434200825821e+00
6.616999999999999549e-01 -7.021463469394266355e+00
6.621000000000000218e-01 -7.419155337794543392e+00
6.624999999999999778e-01 -7.825996991682341530e+00
6.629000000000000448e-01 -8.236901680461372166e+00
6.633999999999999897e-01 -8.667343158266881176e+00
6.637999999999999456e-01 -9.101834482053236641e+00
6.642000000000000126e-01 -9.545573552544460938e+00
6.645999999999999686e-01 -9.998529094328191036e+00
6.650000000000000355e-01 -1.046075159111849828e+01
6.653999999999999915e-01 -1.092634832168304371e+01
6.659000000000000474e-01 -1.141289501099817727e+01
6.663000000000000034e-01 -1.190277872230093870e+01
6.666999999999999593e-01 -1.240179705578297309e+01
