0.000000000000000000e+00 -1.754428320275834352e+01
2.860000000000000042e-02 -2.112169645404060958e+01
5.720000000000000084e-02 -2.531289572192574511e+01
8.580000000000000127e-02 -2.873393286176727912e+01
1.144000000000000017e-01 -3.143642642847141744e+01
1.429999999999999882e-01 -3.395031067730712948e+01
1.716000000000000025e-01 -3.615752064464567894e+01
2.001999999999999891e-01 -3.776435523665692529e+01
2.288000000000000034e-01 -3.892820410296693012e+01
2.574000000000000177e-01 -4.003137158158893527e+01
2.859999999999999765e-01 -4.137484012700554104e+01
3.145999999999999908e-01 -4.309458673949559682e+01
3.432000000000000051e-01 -4.505036138283783487e+01
3.718000000000000194e-01 -4.693236771685707254e+01
4.003999999999999782e-01 -4.857017883464840935e+01
4.289999999999999925e-01 -5.000837417332286350e+01
4.576000000000000068e-01 -5.141971493349124955e+01
4.862000000000000210e-01 -5.299926152520002631e+01
5.148000000000000353e-01 -5.468407283882021375e+01
5.433999999999999941e-01 -5.611623578486971553e+01
5.719999999999999529e-01 -5.719778469106294949e+01
6.006000000000000227e-01 -5.828926670123807696e+01
6.291999999999999815e-01 -5.951854572672407073e+01
6.578000000000000513e-01 -6.050122588716993732e+01
6.864000000000000101e-01 -6.107363991275753534e+01
7.149999999999999689e-01 -6.156941525270462279e+01
7.436000000000000387e-01 -6.210082011013742687e+01
7.721999999999999975e-01 -6.233814314266783185e+01
8.007999999999999563e-01 -6.219802694538899601e+01
8.294000000000000261e-01 -6.201635562337504837e+01
8.579999999999999849e-01 -6.189329732804188922e+01
8.866000000000000547e-01 -6.152493910491944007e+01
9.152000000000000135e-01 -6.086273666791073822e+01
9.437999999999999723e-01 -6.040195603754283127e+01
9.724000000000000421e-01 -6.048378492580555843e+01
1.000999999999999890e+00 -6.060608441841409899e+01
1.029600000000000071e+00 -5.987268141454353554e+01
1.058200000000000029e+00 -5.806594436969821516e+01
1.086799999999999988e+00 -5.577802705355930613e+01
1.115399999999999947e+00 -5.344269374917118398e+01
1.143999999999999906e+00 -5.086319226350241962e+01
1.172600000000000087e+00 -4.788109810895508645e+01
1.201200000000000045e+00 -4.487690136763637838e+01
1.229800000000000004e+00 -4.232494829084841825e+01
1.258399999999999963e+00 -4.032146861578958408e+01
1.286999999999999922e+00 -3.871607030814715245e+01
1.315600000000000103e+00 -3.731789833075955443e+01
1.344200000000000061e+00 -3.591247727843808235e+01
1.372800000000000020e+00 -3.441076085852201771e+01
1.401399999999999979e+00 -3.301106023433398207e+01
1.429999999999999938e+00 -3.197604834986385214e+01
1.458599999999999897e+00 -3.124921249393122125e+01
1.487200000000000077e+00 -3.049997746162724965e+01
1.515800000000000036e+00 -2.959652700724597807e+01
1.544399999999999995e+00 -2.880028058076877784e+01
1.572999999999999954e+00 -2.830560363354824105e+01
1.601599999999999913e+00 -2.785914327343034458e+01
1.630200000000000093e+00 -2.719083129680513977e+01
1.658800000000000052e+00 -2.650615332562464133e+01
1.687400000000000011e+00 -2.605746656619486501e+01
1.715999999999999970e+00 -2.561071012040974537e+01
1.744599999999999929e+00 -2.491831788431627004e+01
1.773200000000000109e+00 -2.425786136769537293e+01
1.801800000000000068e+00 -2.389199207890025889e+01
1.830400000000000027e+00 -2.353941733424705873e+01
1.858999999999999986e+00 -2.299860577120516680e+01
1.887599999999999945e+00 -2.272829262734417810e+01
1.916199999999999903e+00 -2.318498330787548412e+01
1.944800000000000084e+00 -2.400889328073477103e+01
1.973400000000000043e+00 -2.436994204891166405e+01
2.001999999999999780e+00 -2.387302100180238540e+01
2.030600000000000183e+00 -2.279469510245019492e+01
2.059200000000000141e+00 -2.153759324173518053e+01
2.087800000000000100e+00 -2.011393466658446982e+01
2.116400000000000059e+00 -1.831104985836731558e+01
2.145000000000000018e+00 -1.623612173655651958e+01
2.173599999999999977e+00 -1.436497535586400076e+01
2.202199999999999935e+00 -1.303452756006283231e+01
2.230799999999999894e+00 -1.220669899007813264e+01
2.259399999999999853e+00 -1.169705800294920550e+01
2.287999999999999812e+00 -1.130464132224191154e+01
2.316600000000000215e+00 -1.083263084242454433e+01
2.345200000000000173e+00 -1.030784780004941048e+01
2.373800000000000132e+00 -1.002659139051264248e+01
2.402400000000000091e+00 -1.014216621549134878e+01
2.431000000000000050e+00 -1.041533623728924773e+01
2.459600000000000009e+00 -1.056341953185821581e+01
2.488199999999999967e+00 -1.065600104458932229e+01
2.516799999999999926e+00 -1.096498833310629450e+01
2.545399999999999885e+00 -1.150457954501018953e+01
2.573999999999999844e+00 -1.196686298387476377e+01
2.602599999999999802e+00 -1.222854240956468530e+01
2.631200000000000205e+00 -1.258943998779303008e+01
2.659800000000000164e+00 -1.318392492176218589e+01
2.688400000000000123e+00 -1.364214764555572756e+01
2.717000000000000082e+00 -1.384159162123965636e+01
2.745600000000000041e+00 -1.427284440964292678e+01
2.774199999999999999e+00 -1.502963325285737284e+01
2.802799999999999958e+00 -1.550300115709050885e+01
2.831399999999999917e+00 -1.587271033247204954e+01
2.859999999999999876e+00 -1.754428320275835773e+01
