0.000000000000000000e+00 -1.866974096881165579e+01
4.000000000000000192e-04 -1.899394197311690746e+01
8.000000000000000383e-04 -1.932120662789427001e+01
1.299999999999999940e-03 -1.966074570569611524e+01
1.699999999999999905e-03 -1.998485858232680101e+01
2.099999999999999870e-03 -2.032109863761597879e+01
2.500000000000000052e-03 -2.066025113608877817e+01
2.899999999999999800e-03 -2.100217804642078434e+01
3.299999999999999982e-03 -2.134687417267090481e+01
3.799999999999999992e-03 -2.170397263229662954e+01
4.199999999999999740e-03 -2.204433032848011820e+01
4.599999999999999922e-03 -2.239696809385496223e+01
5.000000000000000104e-03 -2.275207948700712279e+01
5.400000000000000286e-03 -2.310970083189314295e+01
5.799999999999999600e-03 -2.346964233292498747e+01
6.300000000000000044e-03 -2.384200012399771751e+01
6.700000000000000226e-03 -2.419646621000851994e+01
7.100000000000000408e-03 -2.456318400926681988e+01
7.499999999999999722e-03 -2.493198171758716697e+01
7.900000000000000772e-03 -2.530284526113207733e+01
8.300000000000000086e-03 -2.567568686429053315e+01
8.800000000000000530e-03 -2.606094474896315916e+01
9.199999999999999845e-03 -2.642712931769121809e+01
9.599999999999999159e-03 -2.680532750020210742e+01
1.000000000000000021e-02 -2.718529065442386639e+01
1.039999999999999952e-02 -2.756703945352342089e+01
1.080000000000000057e-02 -2.795017012173099857e+01
1.129999999999999928e-02 -2.834551995475678510e+01
1.170000000000000033e-02 -2.872077175653135583e+01
1.209999999999999964e-02 -2.910822716630775631e+01
1.250000000000000069e-02 -2.949678509006997373e+01
1.290000000000000001e-02 -2.988659923837991528e+01
1.329999999999999932e-02 -3.027748071895851112e+01
1.379999999999999977e-02 -3.068031191417658476e+01
1.420000000000000082e-02 -3.106212031636389170e+01
1.460000000000000013e-02 -3.145582158102438086e+01
1.499999999999999944e-02 -3.185035480013651821e+01
1.540000000000000049e-02 -3.224565142263700324e+01
1.580000000000000154e-02 -3.264171451389244538e+01
1.629999999999999852e-02 -3.304915147711937351e+01
1.669999999999999957e-02 -3.343512635806411737e+01
1.710000000000000062e-02 -3.383283305440208011e+01
1.750000000000000167e-02 -3.423064221917751127e+01
1.789999999999999925e-02 -3.462878276480522999e+01
1.830000000000000029e-02 -3.502725566267861979e+01
1.880000000000000074e-02 -3.543694604153792227e+01
1.919999999999999832e-02 -3.582437780188271148e+01
1.959999999999999937e-02 -3.622314271110350603e+01
2.000000000000000042e-02 -3.662195545826665466e+01
2.040000000000000147e-02 -3.702058955192239864e+01
2.079999999999999905e-02 -3.741885884151924557e+01
2.129999999999999949e-02 -3.782832398237269445e+01
2.170000000000000054e-02 -3.821520857717624864e+01
2.210000000000000159e-02 -3.861277139801813263e+01
2.249999999999999917e-02 -3.901000036094064427e+01
2.290000000000000022e-02 -3.940667735215229328e+01
2.330000000000000127e-02 -3.980292372981055138e+01
2.380000000000000171e-02 -4.020951482904755636e+01
2.419999999999999929e-02 -4.059372632594597263e+01
2.460000000000000034e-02 -4.098787251006343269e+01
2.500000000000000139e-02 -4.138140217460075121e+01
2.539999999999999897e-02 -4.177433839307790464e+01
2.589999999999999941e-02 -4.217706668221336486e+01
2.630000000000000046e-02 -4.255737815367126586e+01
2.670000000000000151e-02 -4.294748059062558099e+01
2.709999999999999909e-02 -4.333651505890430400e+01
2.750000000000000014e-02 -4.372463106418114620e+01
2.790000000000000119e-02 -4.411166916311372432e+01
2.840000000000000163e-02 -4.450847657105587984e+01
2.879999999999999921e-02 -4.488271767071148588e+01
2.920000000000000026e-02 -4.526623107058831863e+01
2.960000000000000131e-02 -4.564858677747995586e+01
2.999999999999999889e-02 -4.602978695025001343e+01
3.039999999999999994e-02 -4.640987721395803334e+01
3.090000000000000038e-02 -4.679907501154082894e+01
3.130000000000000143e-02 -4.716567735748649426e+01
3.169999999999999901e-02 -4.754161946776648051e+01
3.209999999999999659e-02 -4.791612762903039169e+01
3.250000000000000111e-02 -4.828915392949840424e+01
3.289999999999999869e-02 -4.866080410786279487e+01
3.339999999999999913e-02 -4.904147742901349716e+01
3.379999999999999671e-02 -4.939973585359723529e+01
3.420000000000000123e-02 -4.976704105193863370e+01
3.459999999999999881e-02 -5.013259688349293697e+01
3.500000000000000333e-02 -5.049676049369354303e+01
3.540000000000000091e-02 -5.085929779975588616e+01
3.590000000000000135e-02 -5.123050853023467965e+01
3.629999999999999893e-02 -5.158012367062922721e+01
3.670000000000000345e-02 -5.193782064698196166e+01
3.710000000000000103e-02 -5.229427127715957369e+01
3.749999999999999861e-02 -5.264893765130632630e+01
3.790000000000000313e-02 -5.300220181832331434e+01
3.839999999999999664e-02 -5.336361716768816876e+01
3.880000000000000115e-02 -5.370378926567254751e+01
3.919999999999999873e-02 -5.405236812871001462e+01
3.960000000000000325e-02 -5.439931857397644421e+01
4.000000000000000083e-02 -5.474440780891909242e+01
4.039999999999999841e-02 -5.508809411514017285e+01
4.089999999999999886e-02 -5.543998915754607992e+01
4.130000000000000338e-02 -5.577106272167052481e+01
4.170000000000000095e-02 -5.611009142552687479e+01
4.209999999999999853e-02 -5.644764549872937209e+01
4.250000000000000305e-02 -5.678349943544557732e+01
4.290000000000000063e-02 -5.711815336960272305e+01
4.340000000000000108e-02 -5.746047040871169997e+01
4.379999999999999866e-02 -5.778275097613306599e+01
4.420000000000000318e-02 -5.811260452080831840e+01
4.460000000000000075e-02 -5.844125945496546137e+01
4.499999999999999833e-02 -5.876861631800292685e+01
4.540000000000000285e-02 -5.909435423202432247e+01
4.590000000000000330e-02 -5.942774247604942417e+01
4.630000000000000088e-02 -5.974159357165262207e+01
4.669999999999999846e-02 -6.006330150580977545e+01
4.710000000000000298e-02 -6.038358741423684251e+01
4.750000000000000056e-02 -6.070265783984375219e+01
4.789999999999999813e-02 -6.102044408357475191e+01
4.839999999999999858e-02 -6.134590241418552381e+01
4.880000000000000310e-02 -6.165228149432275018e+01
4.920000000000000068e-02 -6.196629912450037381e+01
4.959999999999999826e-02 -6.227903606425184790e+01
5.000000000000000278e-02 -6.259076986495797712e+01
5.050000000000000322e-02 -6.291020810753524728e+01
5.090000000000000080e-02 -6.321094143488706862e+01
5.129999999999999838e-02 -6.351961300848643077e+01
5.170000000000000290e-02 -6.382677064409963918e+01
5.210000000000000048e-02 -6.413318791371946759e+01
5.249999999999999806e-02 -6.443857948140701808e+01
5.299999999999999850e-02 -6.475146793705378911e+01
5.340000000000000302e-02 -6.504645922202335839e+01
5.380000000000000060e-02 -6.534915481544099691e+01
5.419999999999999818e-02 -6.565093952808570066e+01
5.460000000000000270e-02 -6.595164493099781566e+01
5.500000000000000028e-02 -6.625168906141355762e+01
5.550000000000000072e-02 -6.655915982151609001e+01
5.589999999999999830e-02 -6.684922150667998153e+01
5.630000000000000282e-02 -6.714669994091650551e+01
5.670000000000000040e-02 -6.744371136971744818e+01
5.709999999999999798e-02 -6.773986610793349428e+01
5.750000000000000250e-02 -6.803556400548939109e+01
5.800000000000000294e-02 -6.833860201996037631e+01
5.840000000000000052e-02 -6.862446745075583010e+01
5.879999999999999810e-02 -6.891793704992652181e+01
5.920000000000000262e-02 -6.921087241048431338e+01
5.960000000000000020e-02 -6.950337115461216797e+01
5.999999999999999778e-02 -6.979517674802981730e+01
6.049999999999999822e-02 -7.009452646641301499e+01
6.090000000000000274e-02 -7.037723099191956067e+01
6.130000000000000032e-02 -7.066766721902632753e+01
6.169999999999999790e-02 -7.095724393167103017e+01
6.210000000000000242e-02 -7.124654962193842778e+01
6.250000000000000000e-02 -7.153532819553778666e+01
6.300000000000000044e-02 -7.183173573811563983e+01
6.339999999999999802e-02 -7.211154676897841398e+01
6.379999999999999560e-02 -7.239916029447037715e+01
6.419999999999999318e-02 -7.268594372870688858e+01
6.460000000000000464e-02 -7.297272756968453677e+01
6.500000000000000222e-02 -7.325876560053269770e+01
6.550000000000000266e-02 -7.355258902813287136e+01
6.590000000000000024e-02 -7.382990133315442449e+01
6.629999999999999782e-02 -7.411502310301239049e+01
6.669999999999999540e-02 -7.439951460836859098e+01
6.710000000000000686e-02 -7.468358797467945465e+01
6.750000000000000444e-02 -7.496741973878434351e+01
6.800000000000000488e-02 -7.525865279083697601e+01
6.840000000000000246e-02 -7.553337384331123872e+01
6.880000000000000004e-02 -7.581572664721140598e+01
6.919999999999999762e-02 -7.609805220402778048e+01
6.959999999999999520e-02 -7.637956461269295971e+01
7.000000000000000666e-02 -7.666063228298335730e+01
7.049999999999999323e-02 -7.694896828072720041e+01
7.090000000000000469e-02 -7.722144924287057677e+01
7.130000000000000226e-02 -7.750105029081923647e+01
7.169999999999999984e-02 -7.777990902344095048e+01
7.209999999999999742e-02 -7.805865211150236860e+01
7.249999999999999500e-02 -7.833659429290203491e+01
7.299999999999999545e-02 -7.862166285912717001e+01
7.340000000000000691e-02 -7.889085578962864531e+01
7.380000000000000449e-02 -7.916708313020942001e+01
7.420000000000000207e-02 -7.944242752752720094e+01
7.459999999999999964e-02 -7.971729260120594063e+01
7.510000000000000009e-02 -7.999908678069488133e+01
7.549999999999999767e-02 -8.026484960904181776e+01
7.589999999999999525e-02 -8.053735386715550248e+01
7.630000000000000671e-02 -8.080909573898131271e+01
7.670000000000000429e-02 -8.108005987499137746e+01
7.710000000000000187e-02 -8.135014704504365568e+01
7.760000000000000231e-02 -8.162659166288769086e+01
7.799999999999999989e-02 -8.188741298175985150e+01
7.839999999999999747e-02 -8.215437605496234141e+01
7.879999999999999505e-02 -8.242061771662312708e+01
7.920000000000000651e-02 -8.268552325858058794e+01
7.960000000000000409e-02 -8.294922343135064580e+01
8.010000000000000453e-02 -8.321943828799427934e+01
8.050000000000000211e-02 -8.347347416605518333e+01
8.089999999999999969e-02 -8.373377110596540263e+01
8.129999999999999727e-02 -8.399249757680317430e+01
8.169999999999999485e-02 -8.425016090875433861e+01
8.210000000000000631e-02 -8.450624721481668189e+01
8.260000000000000675e-02 -8.476790641222774525e+01
8.300000000000000433e-02 -8.501402569364907436e+01
8.340000000000000191e-02 -8.526562598836400753e+01
8.379999999999999949e-02 -8.551551053303926153e+01
8.419999999999999707e-02 -8.576387883350726327e+01
8.459999999999999465e-02 -8.601010404271983134e+01
8.509999999999999509e-02 -8.626185827467728018e+01
8.550000000000000655e-02 -8.649771725417396340e+01
8.590000000000000413e-02 -8.673876508588701029e+01
8.630000000000000171e-02 -8.697797646003375860e+01
8.669999999999999929e-02 -8.721484649871780448e+01
8.709999999999999687e-02 -8.744975187286455309e+01
8.759999999999999731e-02 -8.768908968618227107e+01
8.799999999999999489e-02 -8.791293948723078699e+01
8.840000000000000635e-02 -8.814126239262256490e+01
8.880000000000000393e-02 -8.836740942571229596e+01
8.920000000000000151e-02 -8.859094393586912020e+01
8.959999999999999909e-02 -8.881219410816294157e+01
9.009999999999999953e-02 -8.903695450376547171e+01
9.049999999999999711e-02 -8.924724195538900062e+01
9.089999999999999469e-02 -8.946071473244786887e+01
9.130000000000000615e-02 -8.967167899839742518e+01
9.170000000000000373e-02 -8.987972777545627423e+01
9.210000000000000131e-02 -9.008504595606223120e+01
9.260000000000000175e-02 -9.029308139560653501e+01
9.299999999999999933e-02 -9.048718182854214831e+01
9.339999999999999691e-02 -9.068396490958052425e+01
9.379999999999999449e-02 -9.087738798758361725e+01
9.420000000000000595e-02 -9.106810208300468901e+01
9.460000000000000353e-02 -9.125551976896684891e+01
9.510000000000000397e-02 -9.144485665721413170e+01
9.550000000000000155e-02 -9.162093337982155106e+01
9.589999999999999913e-02 -9.179864136401016594e+01
9.629999999999999671e-02 -9.197294043066587221e+01
9.669999999999999429e-02 -9.214400957978864426e+01
9.710000000000000575e-02 -9.231171964644434524e+01
9.760000000000000620e-02 -9.248012504073867035e+01
9.800000000000000377e-02 -9.263598167155856800e+01
9.840000000000000135e-02 -9.279301034617331823e+01
9.879999999999999893e-02 -9.294617608871374159e+01
9.919999999999999651e-02 -9.309571143937195359e+01
9.969999999999999696e-02 -9.324558224787874394e+01
1.000999999999999945e-01 -9.338343491885845538e+01
1.005000000000000060e-01 -9.352170026951667126e+01
1.009000000000000036e-01 -9.365607487285299726e+01
1.013000000000000012e-01 -9.378667805298269400e+01
1.016999999999999987e-01 -9.391322046021917913e+01
1.021999999999999992e-01 -9.403901683486277818e+01
1.025999999999999968e-01 -9.415422247654504417e+01
1.029999999999999943e-01 -9.426858486380450586e+01
1.034000000000000058e-01 -9.437895360634492192e+01
1.038000000000000034e-01 -9.448518925219431708e+01
1.042000000000000010e-01 -9.458731512818573606e+01
1.047000000000000014e-01 -9.468803809651743109e+01
1.050999999999999990e-01 -9.477901618686593110e+01
1.054999999999999966e-01 -9.486841956277800136e+01
1.058999999999999941e-01 -9.495365353817825849e+01
1.063000000000000056e-01 -9.503458831747866498e+01
1.067000000000000032e-01 -9.511138602869465331e+01
1.072000000000000036e-01 -9.518571136450427161e+01
1.076000000000000012e-01 -9.525170245368570932e+01
1.079999999999999988e-01 -9.531554900012629616e+01
1.083999999999999964e-01 -9.537493134183739585e+01
1.087999999999999939e-01 -9.542979182275260541e+01
1.092000000000000054e-01 -9.548034119866467506e+01
1.097000000000000058e-01 -9.552780883690309111e+01
1.101000000000000034e-01 -9.556859525734486738e+01
1.105000000000000010e-01 -9.560604556773157015e+01
1.108999999999999986e-01 -9.563912320782787901e+01
1.112999999999999962e-01 -9.566771099272261836e+01
1.116999999999999937e-01 -9.569181190547405436e+01
1.121999999999999942e-01 -9.571224757287909313e+01
1.126000000000000056e-01 -9.572718095840116348e+01
1.130000000000000032e-01 -9.573831390247700313e+01
1.134000000000000008e-01 -9.574508422436984745e+01
1.137999999999999984e-01 -9.574725299216412111e+01
1.141999999999999960e-01 -9.574520541074798530e+01
1.146999999999999964e-01 -9.573866219749181994e+01
1.150999999999999940e-01 -9.572850446383384337e+01
1.155000000000000054e-01 -9.571343290767157441e+01
1.159000000000000030e-01 -9.569424888882490166e+01
1.163000000000000006e-01 -9.567083759428783196e+01
1.166999999999999982e-01 -9.564307608095612068e+01
1.171999999999999986e-01 -9.561011745413127016e+01
1.175999999999999962e-01 -9.557498806020450388e+01
1.179999999999999938e-01 -9.553464368607687618e+01
1.184000000000000052e-01 -9.549019341151681317e+01
1.188000000000000028e-01 -9.544156120791770093e+01
1.192000000000000004e-01 -9.538884593335764350e+01
1.197000000000000008e-01 -9.533071272486384373e+01
1.200999999999999984e-01 -9.527152392970650396e+01
1.204999999999999960e-01 -9.520705667240565617e+01
1.208999999999999936e-01 -9.513837792046102493e+01
1.213000000000000050e-01 -9.506574525961309519e+01
1.217000000000000026e-01 -9.498930784313115794e+01
1.222000000000000031e-01 -9.490702053230494073e+01
1.226000000000000006e-01 -9.482549279153136013e+01
1.229999999999999982e-01 -9.473750367311711784e+01
1.233999999999999958e-01 -9.464613888472999292e+01
1.237999999999999934e-01 -9.455128024961213384e+01
1.242999999999999938e-01 -9.444978581190963496e+01
1.247000000000000053e-01 -9.435031851333927477e+01
1.250999999999999890e-01 -9.424475081013702038e+01
1.255000000000000004e-01 -9.413559956418357899e+01
1.259000000000000119e-01 -9.402308400018542045e+01
1.262999999999999956e-01 -9.390716638216804313e+01
1.267999999999999960e-01 -9.378486344101428074e+01
1.272000000000000075e-01 -9.366589052986213915e+01
1.275999999999999912e-01 -9.354022020447688135e+01
1.280000000000000027e-01 -9.341149867755621017e+01
1.283999999999999864e-01 -9.327977815063553635e+01
1.287999999999999978e-01 -9.314470483659769684e+01
1.292999999999999983e-01 -9.300307794561500430e+01
1.297000000000000097e-01 -9.286633124607571688e+01
1.300999999999999934e-01 -9.272277018791000103e+01
1.305000000000000049e-01 -9.257620735700979253e+01
1.308999999999999886e-01 -9.242696160298237373e+01
1.313000000000000000e-01 -9.227525786893193072e+01
1.318000000000000005e-01 -9.211664489192358474e+01
1.322000000000000119e-01 -9.196370089196334163e+01
1.325999999999999956e-01 -9.180408849321685238e+01
1.330000000000000071e-01 -9.164220060014406499e+01
1.333999999999999908e-01 -9.147774117566748941e+01
1.338000000000000023e-01 -9.131100534796131285e+01
1.343000000000000027e-01 -9.113711918884335716e+01
1.346999999999999864e-01 -9.097055352489699942e+01
1.350999999999999979e-01 -9.079703956933413167e+01
1.355000000000000093e-01 -9.062144177295236602e+01
1.358999999999999930e-01 -9.044392484311958924e+01
1.363000000000000045e-01 -9.026424234496427346e+01
1.368000000000000049e-01 -9.007737247293997029e+01
1.371999999999999886e-01 -8.989889692848232983e+01
1.376000000000000001e-01 -8.971352876003663823e+01
1.380000000000000115e-01 -8.952640683595691939e+01
1.383999999999999952e-01 -8.933745897149076143e+01
1.388000000000000067e-01 -8.914694397932663605e+01
1.393000000000000071e-01 -8.894926211688441242e+01
1.396999999999999909e-01 -8.876073981871682861e+01
1.401000000000000023e-01 -8.856550942891743716e+01
1.405000000000000138e-01 -8.836863982304117826e+01
1.408999999999999975e-01 -8.817040459801724239e+01
1.413000000000000089e-01 -8.797085206901375898e+01
1.418000000000000094e-01 -8.776438936382855616e+01
1.421999999999999931e-01 -8.756749601084803203e+01
1.426000000000000045e-01 -8.736412210993935901e+01
1.429999999999999882e-01 -8.715934158653021768e+01
1.433999999999999997e-01 -8.695338821670782181e+01
1.438000000000000111e-01 -8.674615932123472817e+01
1.443000000000000116e-01 -8.653230837944448695e+01
1.446999999999999953e-01 -8.632895122662651488e+01
1.451000000000000068e-01 -8.611882133131217643e+01
1.454999999999999905e-01 -8.590779150136445708e+01
1.459000000000000019e-01 -8.569581716286647577e+01
1.463000000000000134e-01 -8.548289326755214290e+01
1.468000000000000138e-01 -8.526307207279420197e+01
1.471999999999999975e-01 -8.505452711061258242e+01
1.476000000000000090e-01 -8.483918030623618733e+01
1.479999999999999927e-01 -8.462302941667492462e+01
1.484000000000000041e-01 -8.440613314929665023e+01
1.489000000000000046e-01 -8.418243246235107335e+01
1.492999999999999883e-01 -8.397025762029316809e+01
1.496999999999999997e-01 -8.375131051769031387e+01
1.501000000000000112e-01 -8.353144376158006423e+01
1.504999999999999949e-01 -8.331144131839644729e+01
1.509000000000000064e-01 -8.309063003104114387e+01
1.514000000000000068e-01 -8.286320003151436708e+01
1.517999999999999905e-01 -8.264754669254318742e+01
1.522000000000000020e-01 -8.242488386259546473e+01
1.526000000000000134e-01 -8.220204693643293581e+01
1.529999999999999971e-01 -8.197874829699073018e+01
1.534000000000000086e-01 -8.175487789616141754e+01
1.539000000000000090e-01 -8.152422271673864884e+01
1.542999999999999927e-01 -8.130546314564550414e+01
1.547000000000000042e-01 -8.108039483031856776e+01
1.550999999999999879e-01 -8.085453201171823423e+01
1.554999999999999993e-01 -8.062834547184360190e+01
1.559000000000000108e-01 -8.040167813638090877e+01
1.564000000000000112e-01 -8.016843356357225048e+01
1.567999999999999949e-01 -7.994748717873524413e+01
1.572000000000000064e-01 -7.971936044819631206e+01
1.575999999999999901e-01 -7.949109297944136188e+01
1.580000000000000016e-01 -7.926251151052764499e+01
1.584000000000000130e-01 -7.903324338235346147e+01
1.589000000000000135e-01 -7.879762335593834166e+01
1.592999999999999972e-01 -7.857384365181455621e+01
1.597000000000000086e-01 -7.834352104385550319e+01
1.600999999999999923e-01 -7.811270639018935924e+01
1.605000000000000038e-01 -7.788149475650020293e+01
1.608999999999999875e-01 -7.764990981883154575e+01
1.613999999999999879e-01 -7.741149150493031073e+01
1.617999999999999994e-01 -7.718513675858302747e+01
1.622000000000000108e-01 -7.695200682666742864e+01
1.625999999999999945e-01 -7.671870049136349223e+01
1.630000000000000060e-01 -7.648474469274016485e+01
1.633999999999999897e-01 -7.625001282875022923e+01
1.638999999999999901e-01 -7.600848703794065386e+01
1.643000000000000016e-01 -7.577953056137195631e+01
1.647000000000000131e-01 -7.554344283099179336e+01
1.650999999999999968e-01 -7.530683210348817624e+01
1.655000000000000082e-01 -7.506964223390390600e+01
1.658999999999999919e-01 -7.483187613705413810e+01
1.663999999999999924e-01 -7.458675693892429592e+01
1.668000000000000038e-01 -7.435449307121128015e+01
1.671999999999999875e-01 -7.411472234067237252e+01
1.675999999999999990e-01 -7.387450701096275907e+01
1.680000000000000104e-01 -7.363342411564840972e+01
1.683999999999999941e-01 -7.339171501879864934e+01
1.688999999999999946e-01 -7.314271099666082421e+01
1.693000000000000060e-01 -7.290645935059106364e+01
1.696999999999999897e-01 -7.266257605188836521e+01
1.701000000000000012e-01 -7.241789132710252375e+01
1.705000000000000127e-01 -7.217264368766031168e+01
1.708999999999999964e-01 -7.192632932918535005e+01
1.713999999999999968e-01 -7.167265013820937725e+01
1.718000000000000083e-01 -7.143171862965334640e+01
1.721999999999999920e-01 -7.118277773993332858e+01
1.726000000000000034e-01 -7.093320946696073293e+01
1.729999999999999871e-01 -7.068288629899127784e+01
1.734999999999999876e-01 -7.042450531606959885e+01
1.738999999999999990e-01 -7.017915680658903455e+01
1.743000000000000105e-01 -6.992603667841484594e+01
1.746999999999999942e-01 -6.967150785102617760e+01
1.751000000000000056e-01 -6.941630818601261410e+01
1.754999999999999893e-01 -6.916003738435401260e+01
1.759999999999999898e-01 -6.889549127299652298e+01
1.764000000000000012e-01 -6.864431089195177549e+01
1.768000000000000127e-01 -6.838501099663743332e+01
1.771999999999999964e-01 -6.812462609557002224e+01
1.776000000000000079e-01 -6.786296203532148752e+01
1.779999999999999916e-01 -6.760028967125218458e+01
1.784999999999999920e-01 -6.732932895257062000e+01
1.789000000000000035e-01 -6.707165670993624929e+01
1.792999999999999872e-01 -6.680561551064238301e+01
1.796999999999999986e-01 -6.653844901296331216e+01
1.801000000000000101e-01 -6.627003138455100384e+01
1.804999999999999938e-01 -6.600044402607602478e+01
1.809999999999999942e-01 -6.572201568629475332e+01
1.814000000000000057e-01 -6.545768046255409445e+01
1.817999999999999894e-01 -6.518421860384100341e+01
1.822000000000000008e-01 -6.490988819725862413e+01
1.826000000000000123e-01 -6.463417863693074139e+01
1.829999999999999960e-01 -6.435709367609102571e+01
1.834999999999999964e-01 -6.407111997456578933e+01
1.839000000000000079e-01 -6.379935008124468965e+01
1.842999999999999916e-01 -6.351869648415680558e+01
1.847000000000000031e-01 -6.323675581594922335e+01
1.850999999999999868e-01 -6.295332943174416584e+01
1.854999999999999982e-01 -6.266886692847076290e+01
1.859999999999999987e-01 -6.237503946951826350e+01
1.864000000000000101e-01 -6.209597863185088329e+01
1.867999999999999938e-01 -6.180762450623574722e+01
1.872000000000000053e-01 -6.151799073861935341e+01
1.875999999999999890e-01 -6.122687405043476616e+01
1.880000000000000004e-01 -6.093472485114089210e+01
1.885000000000000009e-01 -6.063313958953027338e+01
1.889000000000000123e-01 -6.034644809136037935e+01
1.892999999999999960e-01 -6.005056105684193568e+01
1.897000000000000075e-01 -5.975323106467781997e+01
1.900999999999999912e-01 -5.945490746199560306e+01
1.905000000000000027e-01 -5.915515077381100895e+01
1.910000000000000031e-01 -5.884598899143405504e+01
1.913999999999999868e-01 -5.855200804535490988e+01
1.917999999999999983e-01 -5.824877130922166657e+01
1.922000000000000097e-01 -5.794430524897314427e+01
1.925999999999999934e-01 -5.763865442174320464e+01
1.930000000000000049e-01 -5.733175165412681196e+01
1.935000000000000053e-01 -5.701510316834181680e+01
1.938999999999999890e-01 -5.671463195715386973e+01
1.943000000000000005e-01 -5.640450166404550458e+01
1.947000000000000119e-01 -5.609308843902154251e+01
1.950999999999999956e-01 -5.578066263176862094e+01
1.955000000000000071e-01 -5.546716264263978502e+01
1.960000000000000075e-01 -5.514393588649708278e+01
1.963999999999999913e-01 -5.483727340882747114e+01
1.968000000000000027e-01 -5.452058918380351571e+01
1.971999999999999864e-01 -5.420322808695375016e+01
1.975999999999999979e-01 -5.388469731933734153e+01
1.980999999999999983e-01 -5.355641523245758151e+01
1.985000000000000098e-01 -5.324517802319370219e+01
1.988999999999999935e-01 -5.292412182389983144e+01
1.993000000000000049e-01 -5.260194893417981632e+01
1.996999999999999886e-01 -5.227932942834737418e+01
2.001000000000000001e-01 -5.195567953862735067e+01
2.006000000000000005e-01 -5.162219517381564060e+01
2.010000000000000120e-01 -5.130617970564433961e+01
2.013999999999999957e-01 -5.098041243826605751e+01
2.018000000000000071e-01 -5.065404834141629209e+01
2.021999999999999909e-01 -5.032696907403801134e+01
2.026000000000000023e-01 -4.999914578108839436e+01
2.031000000000000028e-01 -4.966176733837647816e+01
2.034999999999999865e-01 -4.934211374656995730e+01
2.038999999999999979e-01 -4.901288582024868390e+01
2.043000000000000094e-01 -4.868300514948206370e+01
2.046999999999999931e-01 -4.835267522316079436e+01
2.051000000000000045e-01 -4.802213327989780112e+01
2.056000000000000050e-01 -4.768186716462601993e+01
2.059999999999999887e-01 -4.735963385333842268e+01
2.064000000000000001e-01 -4.702781638442471746e+01
2.068000000000000116e-01 -4.669594752362880286e+01
2.071999999999999953e-01 -4.636358442677903469e+01
2.076000000000000068e-01 -4.603113195802407631e+01
2.081000000000000072e-01 -4.568928620500042115e+01
2.084999999999999909e-01 -4.536589535565935449e+01
2.089000000000000024e-01 -4.503278715940075472e+01
2.093000000000000138e-01 -4.469991862831445673e+01
2.096999999999999975e-01 -4.436710148911036811e+01
2.101000000000000090e-01 -4.403427932433493197e+01
2.106000000000000094e-01 -4.369219559128829644e+01
2.109999999999999931e-01 -4.336864362831446584e+01
2.114000000000000046e-01 -4.303604685286218512e+01
2.117999999999999883e-01 -4.270334037835415586e+01
2.121999999999999997e-01 -4.237130331905809300e+01
2.126000000000000112e-01 -4.203920615987698994e+01
2.131000000000000116e-01 -4.169810289619236698e+01
2.134999999999999953e-01 -4.137577894139984380e+01
2.139000000000000068e-01 -4.104460756374157171e+01
2.142999999999999905e-01 -4.071375682808457697e+01
2.147000000000000020e-01 -4.038347047040331717e+01
2.151000000000000134e-01 -4.005333819487167091e+01
2.156000000000000139e-01 -3.971485189941432736e+01
2.159999999999999976e-01 -3.939508483463137622e+01
2.164000000000000090e-01 -3.906661834621689167e+01
2.167999999999999927e-01 -3.873891845169627857e+01
2.172000000000000042e-01 -3.841169212518068576e+01
2.175999999999999879e-01 -3.808511635276369844e+01
2.180999999999999883e-01 -3.775008895061284875e+01
2.184999999999999998e-01 -3.743415223417158444e+01
2.189000000000000112e-01 -3.710963946447238015e+01
2.192999999999999949e-01 -3.678597037113412682e+01
2.197000000000000064e-01 -3.646328400226422417e+01
2.200999999999999901e-01 -3.614126194856250152e+01
2.205999999999999905e-01 -3.581135900925480087e+01
2.210000000000000020e-01 -3.549998793513228890e+01
2.214000000000000135e-01 -3.518088955219718628e+01
2.217999999999999972e-01 -3.486258974286145218e+01
2.222000000000000086e-01 -3.454526431150146237e+01
2.227000000000000091e-01 -3.422031068145013677e+01
2.230999999999999928e-01 -3.391381965047566638e+01
2.235000000000000042e-01 -3.359968621352135898e+01
2.238999999999999879e-01 -3.328667927936421478e+01
2.242999999999999994e-01 -3.297477415486028463e+01
2.247000000000000108e-01 -3.266414807590471270e+01
2.252000000000000113e-01 -3.234596747018268559e+01
2.255999999999999950e-01 -3.204626507126285873e+01
2.260000000000000064e-01 -3.173924954912366303e+01
2.263999999999999901e-01 -3.143326773707013899e+01
2.268000000000000016e-01 -3.112878723778448986e+01
2.272000000000000131e-01 -3.082561872699269756e+01
2.277000000000000135e-01 -3.051532685932796696e+01
2.280999999999999972e-01 -3.022314735316344780e+01
2.285000000000000087e-01 -2.992405459816441393e+01
2.288999999999999924e-01 -2.962629421522931494e+01
2.293000000000000038e-01 -2.932982736353925191e+01
2.296999999999999875e-01 -2.903508807457739138e+01
2.301999999999999880e-01 -2.873354038057934545e+01
2.305999999999999994e-01 -2.844959240811601120e+01
2.310000000000000109e-01 -2.815922677825588138e+01
2.313999999999999946e-01 -2.787022864815763512e+01
2.318000000000000060e-01 -2.758272250111765089e+01
2.321999999999999897e-01 -2.729699256727799650e+01
2.326999999999999902e-01 -2.700470422019293082e+01
2.331000000000000016e-01 -2.672998259140150523e+01
2.335000000000000131e-01 -2.644891430515743380e+01
2.338999999999999968e-01 -2.616939598199462580e+01
2.343000000000000083e-01 -2.589164685780819042e+01
2.346999999999999920e-01 -2.561539615107530210e+01
2.351999999999999924e-01 -2.533322661013194477e+01
2.356000000000000039e-01 -2.506802717535755676e+01
2.359999999999999876e-01 -2.479686973009112805e+01
2.363999999999999990e-01 -2.452742802064043914e+01
2.368000000000000105e-01 -2.425969884243479768e+01
2.371999999999999942e-01 -2.399372456482033655e+01
2.376999999999999946e-01 -2.372213212747934108e+01
2.381000000000000061e-01 -2.346700118571424198e+01
2.384999999999999898e-01 -2.320630098481379733e+01
2.389000000000000012e-01 -2.294739583505602809e+01
2.393000000000000127e-01 -2.269026186142109580e+01
2.396999999999999964e-01 -2.243496030827498444e+01
2.401999999999999968e-01 -2.217439908589962627e+01
2.406000000000000083e-01 -2.192976938945298571e+01
2.409999999999999920e-01 -2.167992739312325057e+01
2.414000000000000035e-01 -2.143196227181335445e+01
2.417999999999999872e-01 -2.118585432662629842e+01
2.421999999999999986e-01 -2.094162004054097181e+01
2.426999999999999991e-01 -2.069250749674020184e+01
2.431000000000000105e-01 -2.045878182349252228e+01
2.434999999999999942e-01 -2.022019839820310239e+01
2.439000000000000057e-01 -1.998355839340250029e+01
2.442999999999999894e-01 -1.974880352492945690e+01
2.447000000000000008e-01 -1.951600787525105929e+01
2.452000000000000013e-01 -1.927871503952811594e+01
2.456000000000000127e-01 -1.905622851052764943e+01
2.459999999999999964e-01 -1.882926903697209298e+01
2.464000000000000079e-01 -1.860428010888550432e+01
2.467999999999999916e-01 -1.838128253592112671e+01
2.472999999999999921e-01 -1.815409378171279897e+01
2.477000000000000035e-01 -1.794124677068590756e+01
2.480999999999999872e-01 -1.772420641076310233e+01
2.484999999999999987e-01 -1.750921209351210805e+01
2.489000000000000101e-01 -1.729621807736410588e+01
2.492999999999999938e-01 -1.708526054419500539e+01
2.497999999999999943e-01 -1.687054482927779020e+01
2.501999999999999780e-01 -1.666950341536673008e+01
2.505999999999999894e-01 -1.646468869185085637e+01
2.510000000000000009e-01 -1.626195059051797287e+01
2.514000000000000123e-01 -1.606129390679737412e+01
2.518000000000000238e-01 -1.586273974297441214e+01
2.523000000000000242e-01 -1.566078869739511426e+01
2.526999999999999802e-01 -1.547189725055306120e+01
2.530999999999999917e-01 -1.527964561797513632e+01
2.535000000000000031e-01 -1.508951480927437849e+01
2.539000000000000146e-01 -1.490153654604259970e+01
2.543000000000000260e-01 -1.471568773734184354e+01
2.548000000000000265e-01 -1.452688557928805224e+01
2.551999999999999824e-01 -1.435043671655198949e+01
2.555999999999999939e-01 -1.417110187380902708e+01
2.560000000000000053e-01 -1.399392083784275798e+01
2.564000000000000168e-01 -1.381893244963082168e+01
2.567999999999999727e-01 -1.364618035405101537e+01
2.572999999999999732e-01 -1.347084649765141862e+01
2.576999999999999846e-01 -1.330723643842304504e+01
2.580999999999999961e-01 -1.314113364682276419e+01
2.585000000000000075e-01 -1.297724686656988169e+01
2.589000000000000190e-01 -1.281561154372456102e+01
2.592999999999999750e-01 -1.265626779191955897e+01
2.597999999999999754e-01 -1.249479009570058530e+01
2.601999999999999869e-01 -1.234432986782072561e+01
2.605999999999999983e-01 -1.219182607909698035e+01
2.610000000000000098e-01 -1.204160094659843061e+01
2.614000000000000212e-01 -1.189368038514019688e+01
2.617999999999999772e-01 -1.174808445721235906e+01
2.622999999999999776e-01 -1.160083582342761410e+01
2.626999999999999891e-01 -1.146389167807069143e+01
2.631000000000000005e-01 -1.132529775014285356e+01
2.635000000000000120e-01 -1.118907988758162730e+01
2.639000000000000234e-01 -1.105519782044969368e+01
2.642999999999999794e-01 -1.092370917380658213e+01
2.647999999999999798e-01 -1.079102047172283640e+01
2.651999999999999913e-01 -1.066788486629641142e+01
2.656000000000000028e-01 -1.054358071397959762e+01
2.660000000000000142e-01 -1.042169770086687741e+01
2.664000000000000257e-01 -1.030220555989746245e+01
2.667999999999999816e-01 -1.018511233086663381e+01
2.672999999999999821e-01 -1.006729137694555654e+01
2.676999999999999935e-01 -9.958289003538201456e+00
2.681000000000000050e-01 -9.848535155200913493e+00
2.685000000000000164e-01 -9.741248764271185578e+00
2.688999999999999724e-01 -9.636391611954373104e+00
2.692999999999999838e-01 -9.534005525004170423e+00
2.697999999999999843e-01 -9.431341657267493517e+00
2.701999999999999957e-01 -9.336670995981567245e+00
2.706000000000000072e-01 -9.241716681765856478e+00
2.710000000000000187e-01 -9.149239290836128191e+00
2.713999999999999746e-01 -9.059259141395852311e+00
2.718999999999999750e-01 -8.969348861744110835e+00
2.722999999999999865e-01 -8.886754524311827552e+00
2.726999999999999980e-01 -8.804273275462730197e+00
2.731000000000000094e-01 -8.724264833390327212e+00
2.735000000000000209e-01 -8.646750823154143006e+00
2.738999999999999768e-01 -8.571746281672920631e+00
2.743999999999999773e-01 -8.497230862602492607e+00
2.747999999999999887e-01 -8.429232818016931361e+00
2.752000000000000002e-01 -8.361753353249723020e+00
2.756000000000000116e-01 -8.296743050381413909e+00
2.760000000000000231e-01 -8.234239952083813208e+00
2.763999999999999790e-01 -8.174236359459913004e+00
2.768999999999999795e-01 -8.115090427085691616e+00
2.772999999999999909e-01 -8.061666174212112068e+00
2.777000000000000024e-01 -8.009104516221595915e+00
2.781000000000000139e-01 -7.959015568475490632e+00
2.785000000000000253e-01 -7.911402038341668330e+00
2.788999999999999813e-01 -7.866254039452886815e+00
2.793999999999999817e-01 -7.822384123357487340e+00
2.797999999999999932e-01 -7.783314496206343414e+00
2.802000000000000046e-01 -7.745507559807639275e+00
2.806000000000000161e-01 -7.710107330776807544e+00
2.810000000000000275e-01 -7.677112405725504907e+00
2.813999999999999835e-01 -7.646549304551368387e+00
2.818999999999999839e-01 -7.617571251306759272e+00
2.822999999999999954e-01 -7.592557161816634093e+00
2.827000000000000068e-01 -7.569107233888794362e+00
2.831000000000000183e-01 -7.548015294613553472e+00
2.834999999999999742e-01 -7.529240733155319276e+00
2.838999999999999857e-01 -7.512792526819290551e+00
2.843999999999999861e-01 -7.498239492730042421e+00
2.847999999999999976e-01 -7.486759111270696820e+00
2.852000000000000091e-01 -7.477121634997343946e+00
2.856000000000000205e-01 -7.469745780906983157e+00
2.859999999999999765e-01 -7.464562315981030594e+00
2.863999999999999879e-01 -7.461603612442166522e+00
2.868999999999999884e-01 -7.460786238454167218e+00
2.872999999999999998e-01 -7.462134818917818713e+00
2.877000000000000113e-01 -7.465578794298952658e+00
2.881000000000000227e-01 -7.471157036740873281e+00
2.884999999999999787e-01 -7.478777009245470175e+00
2.888999999999999901e-01 -7.488423842545972597e+00
2.893999999999999906e-01 -7.500448313411668622e+00
2.898000000000000020e-01 -7.513772026168077822e+00
2.902000000000000135e-01 -7.529365805449366178e+00
2.906000000000000250e-01 -7.546891002342938748e+00
2.909999999999999809e-01 -7.566333426502021453e+00
2.913999999999999924e-01 -7.587611657437796531e+00
2.918999999999999928e-01 -7.611361333425407771e+00
2.923000000000000043e-01 -7.635613599411708030e+00
2.927000000000000157e-01 -7.662253193940551377e+00
2.931000000000000272e-01 -7.690602572551285654e+00
2.934999999999999831e-01 -7.720646900019341174e+00
2.938999999999999946e-01 -7.752346352467554880e+00
2.943999999999999950e-01 -7.786567439361904874e+00
2.948000000000000065e-01 -7.820466453305082055e+00
2.952000000000000179e-01 -7.856870789244002395e+00
2.955999999999999739e-01 -7.894736917735675874e+00
2.959999999999999853e-01 -7.934050350206878655e+00
2.964999999999999858e-01 -7.975914014763314519e+00
2.968999999999999972e-01 -8.016828436661722179e+00
2.973000000000000087e-01 -8.060212016807883018e+00
2.977000000000000202e-01 -8.104876809995619880e+00
2.980999999999999761e-01 -8.150787918510282282e+00
2.984999999999999876e-01 -8.197873884944316458e+00
2.989999999999999880e-01 -8.247439690180598859e+00
2.993999999999999995e-01 -8.295388192752850998e+00
2.998000000000000109e-01 -8.345782511432553008e+00
3.002000000000000224e-01 -8.397142241971465637e+00
3.005999999999999783e-01 -8.449458745244863067e+00
3.009999999999999898e-01 -8.502697234294325668e+00
3.014999999999999902e-01 -8.558301662741046201e+00
3.019000000000000017e-01 -8.611698269130256378e+00
3.023000000000000131e-01 -8.667378221181605724e+00
3.027000000000000246e-01 -8.723782411845869333e+00
3.030999999999999805e-01 -8.780833878041782725e+00
3.034999999999999920e-01 -8.838522205033603640e+00
3.039999999999999925e-01 -8.898394736951866335e+00
3.044000000000000039e-01 -8.955543535060705551e+00
3.048000000000000154e-01 -9.014797413115831048e+00
3.052000000000000268e-01 -9.074453123518987141e+00
3.055999999999999828e-01 -9.134506581085291899e+00
3.059999999999999942e-01 -9.194886731795532953e+00
3.064999999999999947e-01 -9.257209812797183801e+00
3.069000000000000061e-01 -9.316400521789240941e+00
3.073000000000000176e-01 -9.377443641175069899e+00
3.076999999999999735e-01 -9.438650533295385614e+00
3.080999999999999850e-01 -9.499930459457907261e+00
3.084999999999999964e-01 -9.561237396967829483e+00
3.089999999999999969e-01 -9.624235656203051548e+00
3.094000000000000083e-01 -9.683767533295387864e+00
3.098000000000000198e-01 -9.744902845745778919e+00
3.101999999999999758e-01 -9.805878232033649056e+00
3.105999999999999872e-01 -9.866665820015693811e+00
3.109999999999999987e-01 -9.927219368202463201e+00
3.114999999999999991e-01 -9.989124823985839896e+00
3.119000000000000106e-01 -1.004733788778261072e+01
3.123000000000000220e-01 -1.010687502682796080e+01
3.126999999999999780e-01 -1.016600493573125874e+01
3.130999999999999894e-01 -1.022462846106448175e+01
3.135000000000000009e-01 -1.028277144380526131e+01
3.140000000000000013e-01 -1.034193306164628012e+01
3.144000000000000128e-01 -1.039732533816713556e+01
3.148000000000000242e-01 -1.045369015037940841e+01
3.151999999999999802e-01 -1.050936875802097248e+01
3.155999999999999917e-01 -1.056433873213214447e+01
3.160000000000000031e-01 -1.061859340226378734e+01
3.165000000000000036e-01 -1.067352210787665712e+01
3.169000000000000150e-01 -1.072467258334596885e+01
3.173000000000000265e-01 -1.077643377896957588e+01
3.176999999999999824e-01 -1.082731600016452234e+01
3.180999999999999939e-01 -1.087726513042151844e+01
3.185000000000000053e-01 -1.092627570386213520e+01
3.190000000000000058e-01 -1.097561903999804223e+01
3.194000000000000172e-01 -1.102128087056163253e+01
3.197999999999999732e-01 -1.106724552918712945e+01
3.201999999999999846e-01 -1.111214289518050080e+01
3.205999999999999961e-01 -1.115589409352190131e+01
3.210999999999999965e-01 -1.119976194034670414e+01
3.215000000000000080e-01 -1.124009377148942690e+01
3.219000000000000195e-01 -1.128044452664720509e+01
3.222999999999999754e-01 -1.131956872211206822e+01
3.226999999999999869e-01 -1.135748690622953205e+01
3.230999999999999983e-01 -1.139416879771486713e+01
3.235999999999999988e-01 -1.143059499454378525e+01
3.240000000000000102e-01 -1.146378317442065686e+01
3.244000000000000217e-01 -1.149664753178441678e+01
3.247999999999999776e-01 -1.152821394029085411e+01
3.251999999999999891e-01 -1.155846799367508737e+01
3.256000000000000005e-01 -1.158740962944703590e+01
3.261000000000000010e-01 -1.161576786670621075e+01
3.265000000000000124e-01 -1.164124631572668278e+01
3.269000000000000239e-01 -1.166612174692792081e+01
3.272999999999999798e-01 -1.168964209006774446e+01
3.276999999999999913e-01 -1.171176381102457498e+01
3.281000000000000028e-01 -1.173254409167431689e+01
3.286000000000000032e-01 -1.175245771828457286e+01
3.290000000000000147e-01 -1.176994285179144306e+01
3.294000000000000261e-01 -1.178656357274827293e+01
3.297999999999999821e-01 -1.180179292723549622e+01
3.301999999999999935e-01 -1.181564963684492398e+01
3.306000000000000050e-01 -1.182815097998474663e+01
3.311000000000000054e-01 -1.183955824938998624e+01
3.315000000000000169e-01 -1.184899790487730442e+01
3.318999999999999728e-01 -1.185737017130311166e+01
3.322999999999999843e-01 -1.186440889513647967e+01
3.326999999999999957e-01 -1.187009823827630051e+01
3.331000000000000072e-01 -1.187443544221202885e+01
3.336000000000000076e-01 -1.187752961920356043e+01
3.340000000000000191e-01 -1.187918612002080998e+01
3.343999999999999750e-01 -1.187959840067055417e+01
3.347999999999999865e-01 -1.187872444270738548e+01
3.351999999999999980e-01 -1.187660591658043785e+01
3.356000000000000094e-01 -1.187321826259679725e+01
3.361000000000000099e-01 -1.186848498009795883e+01
3.365000000000000213e-01 -1.186278233819959560e+01
3.368999999999999773e-01 -1.185577495415328109e+01
3.372999999999999887e-01 -1.184758418941341951e+01
3.377000000000000002e-01 -1.183822880536710542e+01
3.381000000000000116e-01 -1.182775890429968690e+01
3.386000000000000121e-01 -1.181583940712477521e+01
3.390000000000000235e-01 -1.180352744593965575e+01
3.393999999999999795e-01 -1.178980703919853745e+01
3.397999999999999909e-01 -1.177506133135442745e+01
3.402000000000000024e-01 -1.175933419455063245e+01
3.406000000000000139e-01 -1.174258543556384637e+01
3.411000000000000143e-01 -1.172443492767651563e+01
3.415000000000000258e-01 -1.170634520462807160e+01
3.418999999999999817e-01 -1.168685548831309795e+01
3.422999999999999932e-01 -1.166651053338521216e+01
3.427000000000000046e-01 -1.164537180859937315e+01
3.431000000000000161e-01 -1.162339557526329692e+01
3.436000000000000165e-01 -1.160002175994077156e+01
3.439999999999999725e-01 -1.157718129334359247e+01
3.443999999999999839e-01 -1.155300748337287153e+01
3.447999999999999954e-01 -1.152815386374892448e+01
3.452000000000000068e-01 -1.150268938620560988e+01
3.457000000000000073e-01 -1.147587826555862200e+01
3.461000000000000187e-01 -1.144993857032307183e+01
3.464999999999999747e-01 -1.142272301894227837e+01
3.468999999999999861e-01 -1.139504207839707384e+01
3.472999999999999976e-01 -1.136687714919927039e+01
3.477000000000000091e-01 -1.133827228536808285e+01
3.482000000000000095e-01 -1.130844488723745300e+01
3.486000000000000210e-01 -1.127987119411263883e+01
3.489999999999999769e-01 -1.125016101783105960e+01
3.493999999999999884e-01 -1.122016585577341807e+01
3.497999999999999998e-01 -1.118987447779766420e+01
3.502000000000000113e-01 -1.115937792657561545e+01
3.507000000000000117e-01 -1.112782208209526047e+01
3.511000000000000232e-01 -1.109778591219293098e+01
3.514999999999999791e-01 -1.106677322464332569e+01
3.518999999999999906e-01 -1.103568066495041045e+01
3.523000000000000020e-01 -1.100450966207387360e+01
3.527000000000000135e-01 -1.097328376148269058e+01
3.532000000000000139e-01 -1.094119542737374395e+01
3.536000000000000254e-01 -1.091086475013529089e+01
3.539999999999999813e-01 -1.087973058823639505e+01
3.543999999999999928e-01 -1.084870213658190785e+01
3.548000000000000043e-01 -1.081778812811104373e+01
3.552000000000000157e-01 -1.078700461396647725e+01
3.557000000000000162e-01 -1.075553327077961008e+01
3.561000000000000276e-01 -1.072598276755325486e+01
3.564999999999999836e-01 -1.069583471369278627e+01
3.568999999999999950e-01 -1.066590348083294693e+01
3.573000000000000065e-01 -1.063625971960460603e+01
3.577000000000000179e-01 -1.060694780782476698e+01
3.582000000000000184e-01 -1.057713463727714043e+01
3.585999999999999743e-01 -1.054931606097910901e+01
3.589999999999999858e-01 -1.052105422591328754e+01
3.593999999999999972e-01 -1.049319601303045779e+01
3.598000000000000087e-01 -1.046576601606574108e+01
3.602000000000000202e-01 -1.043878595661094266e+01
3.607000000000000206e-01 -1.041150256771697968e+01
3.610999999999999766e-01 -1.038618952237442272e+01
3.614999999999999880e-01 -1.036061323565411385e+01
3.618999999999999995e-01 -1.033557309101443700e+01
3.623000000000000109e-01 -1.031105756568121734e+01
3.627000000000000224e-01 -1.028708542104153878e+01
3.632000000000000228e-01 -1.026300755521131691e+01
3.635999999999999788e-01 -1.024080839882297234e+01
3.639999999999999902e-01 -1.021852416612187930e+01
3.644000000000000017e-01 -1.019683550446110054e+01
3.648000000000000131e-01 -1.017574698200441574e+01
3.652000000000000246e-01 -1.015527223228222020e+01
3.657000000000000250e-01 -1.013487098377853890e+01
3.660999999999999810e-01 -1.011617112487877357e+01
3.664999999999999925e-01 -1.009755675585012114e+01
3.669000000000000039e-01 -1.007957922204603740e+01
3.673000000000000154e-01 -1.006223854903785764e+01
3.677000000000000268e-01 -1.004553573682558287e+01
3.682000000000000273e-01 -1.002901014422960735e+01
3.685999999999999832e-01 -1.001399684534024637e+01
3.689999999999999947e-01 -9.999186945066554699e+00
3.694000000000000061e-01 -9.985019715241998384e+00
3.698000000000000176e-01 -9.971459914377124534e+00
3.701999999999999735e-01 -9.958562369225639088e+00
3.706999999999999740e-01 -9.945903975129807506e+00
3.710999999999999854e-01 -9.934571261822192412e+00
3.714999999999999969e-01 -9.923492827426926510e+00
3.719000000000000083e-01 -9.913008000990712887e+00
3.723000000000000198e-01 -9.903125921717650826e+00
3.728000000000000203e-01 -9.893538555752206420e+00
3.731999999999999762e-01 -9.885075888151684254e+00
3.735999999999999877e-01 -9.876877450879879561e+00
3.739999999999999991e-01 -9.869234078974692181e+00
3.744000000000000106e-01 -9.862121857620998355e+00
3.748000000000000220e-01 -9.855519281145099342e+00
3.753000000000000225e-01 -9.849252409188464341e+00
3.756999999999999784e-01 -9.843801000336611651e+00
3.760999999999999899e-01 -9.838662903963074413e+00
3.765000000000000013e-01 -9.833951716651585073e+00
3.769000000000000128e-01 -9.829700708339466075e+00
3.773000000000000242e-01 -9.825837506804038668e+00
3.778000000000000247e-01 -9.822270528312651905e+00
3.781999999999999806e-01 -9.819270598059482325e+00
3.785999999999999921e-01 -9.816522851055079713e+00
3.790000000000000036e-01 -9.814094862561224986e+00
3.794000000000000150e-01 -9.811968240536977248e+00
3.798000000000000265e-01 -9.810127706574146345e+00
3.803000000000000269e-01 -9.808525383542155751e+00
3.806999999999999829e-01 -9.807240408506437745e+00
3.810999999999999943e-01 -9.806090743810377930e+00
3.815000000000000058e-01 -9.805159283685025429e+00
3.819000000000000172e-01 -9.804385820683137354e+00
3.822999999999999732e-01 -9.803733533804084743e+00
3.827999999999999736e-01 -9.803195349817443116e+00
3.831999999999999851e-01 -9.802766275372906790e+00
3.835999999999999965e-01 -9.802366846413223200e+00
3.840000000000000080e-01 -9.802035684514326164e+00
3.844000000000000195e-01 -9.801669062331333393e+00
3.847999999999999754e-01 -9.801308835065821512e+00
3.852999999999999758e-01 -9.800893770306263519e+00
3.856999999999999873e-01 -9.800396082149598342e+00
3.860999999999999988e-01 -9.799819434395267592e+00
3.865000000000000102e-01 -9.799094124662666161e+00
3.869000000000000217e-01 -9.798246272337625129e+00
3.872999999999999776e-01 -9.797188593258880474e+00
3.877999999999999781e-01 -9.795887104078598639e+00
3.881999999999999895e-01 -9.794432868631789191e+00
3.886000000000000010e-01 -9.792684479308634948e+00
3.890000000000000124e-01 -9.790659317250993254e+00
3.894000000000000239e-01 -9.788319001765318106e+00
3.897999999999999798e-01 -9.785631001606573065e+00
3.902999999999999803e-01 -9.782512998888783784e+00
3.906999999999999917e-01 -9.779179595024201532e+00
3.911000000000000032e-01 -9.775350947111125066e+00
3.915000000000000147e-01 -9.771076728157732205e+00
3.919000000000000261e-01 -9.766353230796150697e+00
3.922999999999999821e-01 -9.761146301598348174e+00
3.927999999999999825e-01 -9.755276568369570356e+00
3.931999999999999940e-01 -9.749234948876443596e+00
3.936000000000000054e-01 -9.742466408843048598e+00
3.940000000000000169e-01 -9.735128476768709405e+00
3.943999999999999728e-01 -9.727212215143504537e+00
3.947999999999999843e-01 -9.718698737600188764e+00
3.952999999999999847e-01 -9.709277667115481236e+00
3.956999999999999962e-01 -9.699763856351037106e+00
3.961000000000000076e-01 -9.689329540706616228e+00
3.965000000000000191e-01 -9.678215338694954539e+00
3.968999999999999750e-01 -9.666396034397935821e+00
3.973999999999999755e-01 -9.653541954545742598e+00
3.977999999999999869e-01 -9.640682667293347663e+00
3.981999999999999984e-01 -9.626726348772391972e+00
3.986000000000000099e-01 -9.612022334230964304e+00
3.990000000000000213e-01 -9.596583370832211912e+00
3.993999999999999773e-01 -9.580376114801335774e+00
3.998999999999999777e-01 -9.562910200649122672e+00
4.002999999999999892e-01 -9.545608082841942732e+00
4.007000000000000006e-01 -9.527052966015158830e+00
4.011000000000000121e-01 -9.507683252576720534e+00
4.015000000000000235e-01 -9.487520945403167261e+00
4.018999999999999795e-01 -9.466554283107408096e+00
4.023999999999999799e-01 -9.444153523914829762e+00
4.027999999999999914e-01 -9.422178236924077410e+00
4.032000000000000028e-01 -9.398771358710206414e+00
4.036000000000000143e-01 -9.374525429353658623e+00
4.040000000000000258e-01 -9.349482400588291497e+00
4.043999999999999817e-01 -9.323630434313006532e+00
4.048999999999999821e-01 -9.296195203965165632e+00
4.052999999999999936e-01 -9.269459780170617336e+00
4.057000000000000051e-01 -9.241153458773126772e+00
4.061000000000000165e-01 -9.212054873191382498e+00
4.064999999999999725e-01 -9.182167705221921494e+00
4.068999999999999839e-01 -9.151460548599862577e+00
4.073999999999999844e-01 -9.119129068160889418e+00
4.077999999999999958e-01 -9.087758783701257670e+00
4.082000000000000073e-01 -9.054750465180301688e+00
4.086000000000000187e-01 -9.021007362577456945e+00
4.089999999999999747e-01 -8.986518487240122255e+00
4.093999999999999861e-01 -8.951291941453655809e+00
4.098999999999999866e-01 -8.914360862002727259e+00
4.102999999999999980e-01 -8.878726801614579500e+00
4.107000000000000095e-01 -8.841394270052049364e+00
4.111000000000000210e-01 -8.803415221468418039e+00
4.114999999999999769e-01 -8.764750689905888237e+00
4.118999999999999884e-01 -8.725485263505248668e+00
4.123999999999999888e-01 -8.684477637847468401e+00
4.128000000000000003e-01 -8.645108535684128626e+00
4.132000000000000117e-01 -8.604056603609789633e+00
4.136000000000000232e-01 -8.562427202780490632e+00
4.139999999999999791e-01 -8.520282500848200158e+00
4.143999999999999906e-01 -8.477613861405986384e+00
4.148999999999999910e-01 -8.433247345766547554e+00
4.153000000000000025e-01 -8.390847207581090927e+00
4.157000000000000139e-01 -8.346781215893210870e+00
4.161000000000000254e-01 -8.302296428776038795e+00
4.164999999999999813e-01 -8.257428187127844765e+00
4.168999999999999928e-01 -8.212215377315869702e+00
4.173999999999999932e-01 -8.165365617627937667e+00
4.178000000000000047e-01 -8.120758834405940263e+00
4.182000000000000162e-01 -8.074601672348297399e+00
4.186000000000000276e-01 -8.028162067107034616e+00
4.189999999999999836e-01 -7.981523819864512426e+00
4.193999999999999950e-01 -7.934647203275846827e+00
4.198999999999999955e-01 -7.886298644385464129e+00
4.203000000000000069e-01 -7.840437041218204506e+00
4.207000000000000184e-01 -7.793147188893163602e+00
4.210999999999999743e-01 -7.745763717261667125e+00
4.214999999999999858e-01 -7.698331563833634483e+00
4.219999999999999862e-01 -7.649545303328451062e+00
4.223999999999999977e-01 -7.603392714385130091e+00
4.228000000000000091e-01 -7.555968501343556021e+00
4.232000000000000206e-01 -7.508600705914265205e+00
4.235999999999999766e-01 -7.461336254259779643e+00
4.239999999999999880e-01 -7.414170751462615172e+00
4.244999999999999885e-01 -7.365854403503070635e+00
4.248999999999999999e-01 -7.320340194804982659e+00
4.253000000000000114e-01 -7.273721518761520954e+00
4.257000000000000228e-01 -7.227340692166563940e+00
4.260999999999999788e-01 -7.181236436611923679e+00
4.264999999999999902e-01 -7.135413320261375425e+00
4.269999999999999907e-01 -7.088671899519718878e+00
4.274000000000000021e-01 -7.044798851823905750e+00
4.278000000000000136e-01 -7.000049587798399031e+00
4.282000000000000250e-01 -6.955693880589270961e+00
4.285999999999999810e-01 -6.911796593868963612e+00
4.289999999999999925e-01 -6.868355395210071990e+00
4.294999999999999929e-01 -6.824198927705953821e+00
4.299000000000000044e-01 -6.782938887136070960e+00
4.303000000000000158e-01 -6.741052566373559429e+00
4.307000000000000273e-01 -6.699701066611677192e+00
4.310999999999999832e-01 -6.658971393603498434e+00
4.314999999999999947e-01 -6.618833098412325811e+00
4.319999999999999951e-01 -6.578226940323316896e+00
4.324000000000000066e-01 -6.540470829109982454e+00
4.328000000000000180e-01 -6.502320854998811406e+00
4.331999999999999740e-01 -6.464853474622759499e+00
4.335999999999999854e-01 -6.428124349960092410e+00
4.339999999999999969e-01 -6.392134617338371072e+00
4.344999999999999973e-01 -6.355911416867114916e+00
4.349000000000000088e-01 -6.322411583931148549e+00
4.353000000000000203e-01 -6.288751601349114040e+00
4.356999999999999762e-01 -6.255900402848968866e+00
4.360999999999999877e-01 -6.223858647532445332e+00
4.364999999999999991e-01 -6.192673375194819307e+00
4.369999999999999996e-01 -6.161491732277818656e+00
4.374000000000000110e-01 -6.132902097580356759e+00
4.378000000000000225e-01 -6.104311836590133211e+00
4.381999999999999784e-01 -6.076611552905107239e+00
4.385999999999999899e-01 -6.049811269220080945e+00
4.390000000000000013e-01 -6.023943695779465202e+00
4.395000000000000018e-01 -5.998294372859173329e+00
4.399000000000000132e-01 -5.974959421041538654e+00
4.403000000000000247e-01 -5.951870847600922332e+00
4.406999999999999806e-01 -5.929719413364401781e+00
4.410999999999999921e-01 -5.908509283107407306e+00
4.415000000000000036e-01 -5.888237709666791275e+00
4.420000000000000040e-01 -5.868386393078703911e+00
4.424000000000000155e-01 -5.850574906560362720e+00
4.428000000000000269e-01 -5.833190409833762580e+00
4.431999999999999829e-01 -5.816732202862753276e+00
4.435999999999999943e-01 -5.801239757278830567e+00
4.440000000000000058e-01 -5.786726337266245856e+00
4.445000000000000062e-01 -5.772748842864976027e+00
4.449000000000000177e-01 -5.760484607997296891e+00
4.452999999999999736e-01 -5.748775122618097200e+00
4.456999999999999851e-01 -5.738000688381576175e+00
4.460999999999999965e-01 -5.728166697328676449e+00
4.465999999999999970e-01 -5.719008437739235617e+00
4.470000000000000084e-01 -5.711259840203034344e+00
4.474000000000000199e-01 -5.704155783783519951e+00
4.477999999999999758e-01 -5.697963272832981652e+00
4.481999999999999873e-01 -5.692642000495356847e+00
4.485999999999999988e-01 -5.688189032137258572e+00
4.490999999999999992e-01 -5.684497987382636452e+00
4.495000000000000107e-01 -5.681881538604686810e+00
4.499000000000000221e-01 -5.679953490656036941e+00
4.502999999999999781e-01 -5.678874496726599830e+00
4.506999999999999895e-01 -5.678565397635273015e+00
4.511000000000000010e-01 -5.679084466195914338e+00
4.516000000000000014e-01 -5.680408205046945547e+00
4.520000000000000129e-01 -5.682389608911527112e+00
4.524000000000000243e-01 -5.685140850718466865e+00
4.527999999999999803e-01 -5.688623953321312321e+00
4.531999999999999917e-01 -5.692807206475653636e+00
4.536000000000000032e-01 -5.697653610181490080e+00
4.541000000000000036e-01 -5.703328029297451529e+00
4.545000000000000151e-01 -5.709318340879146803e+00
4.549000000000000266e-01 -5.716081591156950914e+00
4.552999999999999825e-01 -5.723434156761683766e+00
4.556999999999999940e-01 -5.731369139978699678e+00
4.561000000000000054e-01 -5.739836197033195475e+00
4.566000000000000059e-01 -5.749080491906878088e+00
4.570000000000000173e-01 -5.758332981591322230e+00
4.573999999999999733e-01 -5.768294618156996734e+00
4.577999999999999847e-01 -5.778739547354800443e+00
4.581999999999999962e-01 -5.789623550390081697e+00
4.586000000000000076e-01 -5.800904121589143259e+00
4.591000000000000081e-01 -5.812890601953145442e+00
4.595000000000000195e-01 -5.824585667375610676e+00
4.598999999999999755e-01 -5.836915766943174155e+00
4.602999999999999869e-01 -5.849590767101918942e+00
4.606999999999999984e-01 -5.862528244486489903e+00
4.611000000000000099e-01 -5.875725773013737552e+00
4.616000000000000103e-01 -5.889530827584158246e+00
4.620000000000000218e-01 -5.902806548783507523e+00
4.623999999999999777e-01 -5.916620972148864510e+00
4.627999999999999892e-01 -5.930632574513591493e+00
4.632000000000000006e-01 -5.944753489328711282e+00
4.636000000000000121e-01 -5.958970125735641332e+00
4.641000000000000125e-01 -5.973694939264923676e+00
4.645000000000000240e-01 -5.987667662733754170e+00
4.648999999999999799e-01 -6.002112665610290776e+00
4.652999999999999914e-01 -6.016550588896274476e+00
4.657000000000000028e-01 -6.030954600243675578e+00
4.661000000000000143e-01 -6.045352739447769963e+00
4.666000000000000147e-01 -6.060132930187004163e+00
4.670000000000000262e-01 -6.074014114388240237e+00
4.673999999999999821e-01 -6.088168210920522405e+00
4.677999999999999936e-01 -6.102221574513591484e+00
4.682000000000000051e-01 -6.116135037515479489e+00
4.686000000000000165e-01 -6.129896335741933378e+00
4.691000000000000170e-01 -6.143869577623844336e+00
4.694999999999999729e-01 -6.156886398073266875e+00
4.698999999999999844e-01 -6.170039781484601527e+00
4.702999999999999958e-01 -6.183000395037985264e+00
4.707000000000000073e-01 -6.195676295470421202e+00
4.712000000000000077e-01 -6.208442543105404887e+00
4.716000000000000192e-01 -6.220244516824115166e+00
4.719999999999999751e-01 -6.232076201338441201e+00
4.723999999999999866e-01 -6.243592050628199885e+00
4.727999999999999980e-01 -6.254786874346620174e+00
4.732000000000000095e-01 -6.265646786126458423e+00
4.737000000000000099e-01 -6.276424035582611083e+00
4.741000000000000214e-01 -6.286263683523612755e+00
4.744999999999999774e-01 -6.296019302671322926e+00
4.748999999999999888e-01 -6.305368515554151898e+00
4.753000000000000003e-01 -6.314337717089579805e+00
4.757000000000000117e-01 -6.322884574850203165e+00
4.762000000000000122e-01 -6.331238187002803386e+00
4.766000000000000236e-01 -6.338760824493026469e+00
4.769999999999999796e-01 -6.346022844152546583e+00
4.773999999999999910e-01 -6.352886880912540946e+00
4.778000000000000025e-01 -6.359296750020565270e+00
4.782000000000000139e-01 -6.365255252658983842e+00
4.787000000000000144e-01 -6.370945729249828382e+00
4.791000000000000258e-01 -6.375869448282593055e+00
4.794999999999999818e-01 -6.380478456594712355e+00
4.798999999999999932e-01 -6.384632516049508766e+00
4.803000000000000047e-01 -6.388337879483833248e+00
4.807000000000000162e-01 -6.391609015652645276e+00
4.812000000000000166e-01 -6.394506860085954258e+00
4.815999999999999726e-01 -6.396785222623655009e+00
4.819999999999999840e-01 -6.398703358792467988e+00
4.823999999999999955e-01 -6.400159367104587105e+00
4.828000000000000069e-01 -6.401208631130093529e+00
4.832000000000000184e-01 -6.401814412176700664e+00
4.837000000000000188e-01 -6.401974420488819817e+00
4.840999999999999748e-01 -6.401725900432436944e+00
4.844999999999999862e-01 -6.401085746845659230e+00
4.848999999999999977e-01 -6.400036959728487851e+00
4.853000000000000091e-01 -6.398573729427694090e+00
4.857000000000000206e-01 -6.396731652554932701e+00
4.862000000000000210e-01 -6.394465012823154382e+00
4.865999999999999770e-01 -6.391952689156182643e+00
4.869999999999999885e-01 -6.389017524222003530e+00
4.873999999999999999e-01 -6.385742436001840439e+00
4.878000000000000114e-01 -6.382144981312071863e+00
4.882000000000000228e-01 -6.378243020948603181e+00
4.887000000000000233e-01 -6.373910184827414227e+00
4.890999999999999792e-01 -6.369538316139776057e+00
4.894999999999999907e-01 -6.364789091592055748e+00
4.899000000000000021e-01 -6.359776841472996267e+00
4.903000000000000136e-01 -6.354502312945748521e+00
4.907000000000000250e-01 -6.349026900927793093e+00
4.912000000000000255e-01 -6.343189550213728545e+00
4.915999999999999814e-01 -6.337465835402432468e+00
4.919999999999999929e-01 -6.331422272832981868e+00
4.924000000000000044e-01 -6.325212659120853509e+00
4.928000000000000158e-01 -6.318884110775339735e+00
4.932000000000000273e-01 -6.312427346511715776e+00
4.937000000000000277e-01 -6.305687656720552425e+00
4.940999999999999837e-01 -6.299250644738170202e+00
4.944999999999999951e-01 -6.292545173106673495e+00
4.949000000000000066e-01 -6.285791880474546289e+00
4.953000000000000180e-01 -6.279019107740058558e+00
4.958000000000000185e-01 -6.272088365750850159e+00
4.961999999999999744e-01 -6.265536235596751879e+00
4.965999999999999859e-01 -6.258811729923051459e+00
4.969999999999999973e-01 -6.252157732799587642e+00
4.974000000000000088e-01 -6.245576710104785434e+00
4.978000000000000203e-01 -6.239088346511715955e+00
4.983000000000000207e-01 -6.232531715885784251e+00
4.986999999999999766e-01 -6.226457659120853805e+00
4.990999999999999881e-01 -6.220356360894398584e+00
4.994999999999999996e-01 -6.214482951911724840e+00
4.999000000000000110e-01 -6.208727309910466730e+00
5.002999999999999670e-01 -6.203223750376297474e+00
5.008000000000000229e-01 -6.197794102649890391e+00
5.011999999999999789e-01 -6.192894690921500356e+00
5.016000000000000458e-01 -6.188109080244653448e+00
5.020000000000000018e-01 -6.183601103098201435e+00
5.023999999999999577e-01 -6.179408418583875573e+00
5.028000000000000247e-01 -6.175518657355533847e+00
5.032999999999999696e-01 -6.171862107823832488e+00
5.037000000000000366e-01 -6.168756910509874736e+00
5.040999999999999925e-01 -6.165911214648147620e+00
5.044999999999999485e-01 -6.163469001765318644e+00
5.049000000000000155e-01 -6.161393027495402741e+00
5.052999999999999714e-01 -6.159738030530685471e+00
5.058000000000000274e-01 -6.158462965481561469e+00
5.061999999999999833e-01 -6.157700897397154982e+00
5.066000000000000503e-01 -6.157340761228342174e+00
5.070000000000000062e-01 -6.157443613712128005e+00
5.073999999999999622e-01 -6.158002415053237755e+00
5.078000000000000291e-01 -6.159090105638127532e+00
5.082999999999999741e-01 -6.160670264212176228e+00
5.087000000000000410e-01 -6.162673748115622629e+00
5.090999999999999970e-01 -6.165248387557834775e+00
5.094999999999999529e-01 -6.168331089490125763e+00
5.099000000000000199e-01 -6.171920513014227616e+00
5.102999999999999758e-01 -6.176081496231243584e+00
5.108000000000000318e-01 -6.180892135804277210e+00
5.111999999999999877e-01 -6.185993547850157981e+00
5.116000000000000547e-01 -6.191758326496464626e+00
5.120000000000000107e-01 -6.198080954591276281e+00
5.123999999999999666e-01 -6.204967443481992362e+00
5.128000000000000336e-01 -6.212399855658693681e+00
5.132999999999999785e-01 -6.220602080178489146e+00
5.137000000000000455e-01 -6.228948327766427262e+00
5.141000000000000014e-01 -6.238070600739034077e+00
5.144999999999999574e-01 -6.247752368037939874e+00
5.149000000000000243e-01 -6.257996996132751732e+00
5.152999999999999803e-01 -6.268774496370869365e+00
5.158000000000000362e-01 -6.280445672307033433e+00
5.161999999999999922e-01 -6.292010675846475998e+00
5.165999999999999481e-01 -6.304450443145382721e+00
5.170000000000000151e-01 -6.317440159301611402e+00
5.173999999999999710e-01 -6.330940861233901984e+00
5.178000000000000380e-01 -6.344966361472020644e+00
5.182999999999999829e-01 -6.359907539360173168e+00
5.187000000000000499e-01 -6.374556120458806596e+00
5.191000000000000059e-01 -6.390107632044325747e+00
5.194999999999999618e-01 -6.406144257262600838e+00
5.199000000000000288e-01 -6.422688123970325513e+00
5.203999999999999737e-01 -6.440144258420862577e+00
5.208000000000000407e-01 -6.457117979489393811e+00
5.211999999999999966e-01 -6.475004704116485321e+00
5.215999999999999526e-01 -6.493336479886256285e+00
5.220000000000000195e-01 -6.512055860738545476e+00
5.223999999999999755e-01 -6.531183369447528086e+00
5.229000000000000314e-01 -6.551251729790720013e+00
5.232999999999999874e-01 -6.570592827172578865e+00
5.237000000000000544e-01 -6.590818915392741673e+00
5.241000000000000103e-01 -6.611382864408808402e+00
5.244999999999999662e-01 -6.632269319098576865e+00
5.249000000000000332e-01 -6.653472330604724760e+00
5.253999999999999782e-01 -6.675531246391435580e+00
5.258000000000000451e-01 -6.696667970046936702e+00
5.262000000000000011e-01 -6.718621876391191350e+00
5.265999999999999570e-01 -6.740796833878124339e+00
5.270000000000000240e-01 -6.763197373752774411e+00
5.273999999999999799e-01 -6.785773987464901680e+00
5.279000000000000359e-01 -6.809120490019545002e+00
5.282999999999999918e-01 -6.831350453502071041e+00
5.286999999999999478e-01 -6.854312785929473684e+00
5.291000000000000147e-01 -6.877386777458610823e+00
5.294999999999999707e-01 -6.900538754763807070e+00
5.299000000000000377e-01 -6.923734325804123735e+00
5.303999999999999826e-01 -6.947581260643298506e+00
5.308000000000000496e-01 -6.970121692273729685e+00
5.312000000000000055e-01 -6.993320325804122994e+00
5.315999999999999615e-01 -7.016456766111208054e+00
5.320000000000000284e-01 -7.039519928010105509e+00
5.323999999999999844e-01 -7.062504925133568534e+00
5.329000000000000403e-01 -7.085987910508365850e+00
5.332999999999999963e-01 -7.108064902280021080e+00
5.336999999999999522e-01 -7.130615149363798366e+00
5.341000000000000192e-01 -7.152978598141748634e+00
5.344999999999999751e-01 -7.175108146328515346e+00
5.349000000000000421e-01 -7.197038012718749656e+00
5.353999999999999870e-01 -7.219272666880255152e+00
5.358000000000000540e-01 -7.240048106215749790e+00
5.362000000000000099e-01 -7.261100017995586242e+00
5.365999999999999659e-01 -7.281815790571329217e+00
5.370000000000000329e-01 -7.302206753493845071e+00
5.373999999999999888e-01 -7.322200687968484445e+00
5.379000000000000448e-01 -7.342340850231916960e+00
5.383000000000000007e-01 -7.360980582489101920e+00
5.386999999999999567e-01 -7.379703730005314988e+00
5.391000000000000236e-01 -7.397993309357750569e+00
5.394999999999999796e-01 -7.415767087527820323e+00
5.399000000000000465e-01 -7.433062513452224351e+00
5.403999999999999915e-01 -7.450309231028355406e+00
5.407999999999999474e-01 -7.466064106711105097e+00
5.412000000000000144e-01 -7.481723921799916077e+00
5.415999999999999703e-01 -7.496773089134394219e+00
5.420000000000000373e-01 -7.511248878651866967e+00
5.423999999999999932e-01 -7.525112185190439895e+00
5.429000000000000492e-01 -7.538706686558895420e+00
5.433000000000000052e-01 -7.550914454492783534e+00
5.436999999999999611e-01 -7.562816278052458152e+00
5.441000000000000281e-01 -7.574008808980007501e+00
5.444999999999999840e-01 -7.584520771743775924e+00
5.450000000000000400e-01 -7.594597885320681918e+00
5.453999999999999959e-01 -7.603400339272574193e+00
5.457999999999999519e-01 -7.611727324731145217e+00
5.462000000000000188e-01 -7.619333994862788728e+00
5.465999999999999748e-01 -7.626134281424350903e+00
5.470000000000000417e-01 -7.632185874841978190e+00
5.474999999999999867e-01 -7.637584258673697946e+00
5.479000000000000536e-01 -7.641904905372662427e+00
5.483000000000000096e-01 -7.645565103872808521e+00
5.486999999999999655e-01 -7.648402086454843207e+00
5.491000000000000325e-01 -7.650430284954989446e+00
5.494999999999999885e-01 -7.651649040271512270e+00
5.500000000000000444e-01 -7.652003831899719444e+00
5.504000000000000004e-01 -7.651544371905188768e+00
5.507999999999999563e-01 -7.650238505038719161e+00
5.512000000000000233e-01 -7.648068777376344052e+00
5.515999999999999792e-01 -7.645066899162473284e+00
5.520000000000000462e-01 -7.641225109010020056e+00
5.524999999999999911e-01 -7.636402323265707004e+00
5.528999999999999471e-01 -7.630987148011569410e+00
5.533000000000000140e-01 -7.624573559553288860e+00
5.536999999999999700e-01 -7.617315630196741516e+00
5.541000000000000369e-01 -7.609228751982870520e+00
5.544999999999999929e-01 -7.600265808402385304e+00
5.550000000000000488e-01 -7.590191944150811665e+00
5.554000000000000048e-01 -7.579861128688660799e+00
5.557999999999999607e-01 -7.568399261822190915e+00
5.562000000000000277e-01 -7.556106244404225514e+00
5.565999999999999837e-01 -7.542955377537756689e+00
5.570000000000000506e-01 -7.529022425486405545e+00
5.574999999999999956e-01 -7.513856637818029149e+00
5.578999999999999515e-01 -7.498723518507169672e+00
5.583000000000000185e-01 -7.482373577803220321e+00
5.586999999999999744e-01 -7.465250486547776454e+00
5.591000000000000414e-01 -7.447340457782409828e+00
5.594999999999999973e-01 -7.428672278465549006e+00
5.600000000000000533e-01 -7.408694149768082937e+00
5.604000000000000092e-01 -7.389084300525369464e+00
5.607999999999999652e-01 -7.368183121208508268e+00
5.612000000000000322e-01 -7.346580589645977710e+00
5.615999999999999881e-01 -7.324264398981715551e+00
5.620000000000000551e-01 -7.301255310602806858e+00
5.625000000000000000e-01 -7.276934766431718771e+00
5.628999999999999559e-01 -7.253254730456646371e+00
5.633000000000000229e-01 -7.228264238689392052e+00
5.636999999999999789e-01 -7.202636772493477224e+00
5.641000000000000458e-01 -7.176434422806853952e+00
5.645000000000000018e-01 -7.149605956610940005e+00
5.649999999999999467e-01 -7.121420601441689868e+00
5.654000000000000137e-01 -7.094217839625410527e+00
5.657999999999999696e-01 -7.065689211530600922e+00
5.662000000000000366e-01 -7.036643205618780428e+00
5.665999999999999925e-01 -7.007094946870112473e+00
5.669999999999999485e-01 -6.977037940958294548e+00
5.675000000000000044e-01 -6.945668600330471953e+00
5.678999999999999604e-01 -6.915552503051509703e+00
5.683000000000000274e-01 -6.884121372159532903e+00
5.686999999999999833e-01 -6.852266420266929892e+00
5.691000000000000503e-01 -6.820031482598261086e+00
5.695999999999999952e-01 -6.786494574572463634e+00
5.699999999999999512e-01 -6.754419468056833686e+00
5.704000000000000181e-01 -6.721103987795725487e+00
5.707999999999999741e-01 -6.687458064350997766e+00
5.712000000000000410e-01 -6.653489748865322184e+00
5.715999999999999970e-01 -6.619250359542170337e+00
5.721000000000000529e-01 -6.583784598901763374e+00
5.725000000000000089e-01 -6.549979720099957881e+00
5.728999999999999648e-01 -6.515000256939324608e+00
5.733000000000000318e-01 -6.479814932982784548e+00
5.736999999999999877e-01 -6.444438242556641327e+00
5.741000000000000547e-01 -6.408889768048606328e+00
5.745999999999999996e-01 -6.372191453020049856e+00
5.749999999999999556e-01 -6.337352605990965060e+00
5.754000000000000226e-01 -6.301402614461828477e+00
5.757999999999999785e-01 -6.265341066116316249e+00
5.762000000000000455e-01 -6.229214139953795026e+00
5.766000000000000014e-01 -6.192997364342771149e+00
5.770999999999999464e-01 -6.155758691474217059e+00
5.775000000000000133e-01 -6.120505514894265531e+00
5.778999999999999693e-01 -6.084207526241667274e+00
5.783000000000000362e-01 -6.047935514894265729e+00
5.786999999999999922e-01 -6.011655602955683797e+00
5.790999999999999481e-01 -5.975419225138676182e+00
5.796000000000000041e-01 -5.938245561955098673e+00
5.799999999999999600e-01 -5.903132216667811960e+00
5.804000000000000270e-01 -5.867081054768914505e+00
5.807999999999999829e-01 -5.831154540624350346e+00
5.812000000000000499e-01 -5.795309378725452376e+00
5.816000000000000059e-01 -5.759588003784982924e+00
5.820999999999999508e-01 -5.723007414438885831e+00
5.825000000000000178e-01 -5.688553165842623827e+00
5.828999999999999737e-01 -5.653260006820265637e+00
5.833000000000000407e-01 -5.618151558042313809e+00
5.836999999999999966e-01 -5.583196095040428020e+00
5.840999999999999526e-01 -5.548441862180588657e+00
5.846000000000000085e-01 -5.512929594362803165e+00
5.849999999999999645e-01 -5.479547649297759726e+00
5.854000000000000314e-01 -5.445410973254296572e+00
5.857999999999999874e-01 -5.411528501781546652e+00
5.862000000000000544e-01 -5.377847774595406527e+00
5.866000000000000103e-01 -5.344431354265332779e+00
5.870999999999999552e-01 -5.310345353956647863e+00
5.875000000000000222e-01 -5.278360777789433911e+00
5.878999999999999782e-01 -5.245703255174005264e+00
5.883000000000000451e-01 -5.213306644497158082e+00
5.887000000000000011e-01 -5.181185945758896239e+00
5.890999999999999570e-01 -5.149381122040475489e+00
5.896000000000000130e-01 -5.116951947719689642e+00
5.899999999999999689e-01 -5.086600662073869294e+00
5.904000000000000359e-01 -5.055633000254344367e+00
5.907999999999999918e-01 -5.024957378230097582e+00
5.911999999999999478e-01 -4.994613466450259942e+00
5.916000000000000147e-01 -4.964574705221917128e+00
5.920999999999999597e-01 -4.933991382460372499e+00
5.925000000000000266e-01 -4.905377182765232824e+00
5.928999999999999826e-01 -4.876256498250907789e+00
5.933000000000000496e-01 -4.847440458614376446e+00
5.937000000000000055e-01 -4.818936748528712677e+00
5.941999999999999504e-01 -4.789969651211509749e+00
5.946000000000000174e-01 -4.762892101091870778e+00
5.949999999999999734e-01 -4.735345530210302023e+00
5.954000000000000403e-01 -4.708120567287785718e+00
5.957999999999999963e-01 -4.681198806059445161e+00
5.961999999999999522e-01 -4.654608894279607334e+00
5.967000000000000082e-01 -4.627612167812223731e+00
5.970999999999999641e-01 -4.602392221271426997e+00
5.975000000000000311e-01 -4.576762536757100541e+00
5.978999999999999870e-01 -4.551435775528759997e+00
5.983000000000000540e-01 -4.526440863748921295e+00
5.987000000000000099e-01 -4.501800167887195059e+00
5.991999999999999549e-01 -4.476758245768278854e+00
5.996000000000000218e-01 -4.453399367022321087e+00
5.999999999999999778e-01 -4.429685821712090465e+00
6.004000000000000448e-01 -4.406288833218235723e+00
6.008000000000000007e-01 -4.383212148703910849e+00
6.011999999999999567e-01 -4.360470236924073539e+00
6.017000000000000126e-01 -4.337409980556584443e+00
6.020999999999999686e-01 -4.315919095160933416e+00
6.025000000000000355e-01 -4.294116081095740611e+00
6.028999999999999915e-01 -4.272657359662675347e+00
6.032999999999999474e-01 -4.251519371168821948e+00
6.037000000000000144e-01 -4.230699965062683532e+00
6.041999999999999593e-01 -4.209644265352828540e+00
6.046000000000000263e-01 -4.190060837523480686e+00
6.049999999999999822e-01 -4.170257837682227020e+00
6.054000000000000492e-01 -4.150798229881916157e+00
6.058000000000000052e-01 -4.131647911837196929e+00
6.061999999999999611e-01 -4.112852380750902981e+00
6.067000000000000171e-01 -4.093908968368412005e+00
6.070999999999999730e-01 -4.076351318578316452e+00
6.075000000000000400e-01 -4.058644787492021955e+00
6.078999999999999959e-01 -4.041302117201634125e+00
6.082999999999999519e-01 -4.024305370197229337e+00
6.087000000000000188e-01 -4.007720486865266274e+00
6.091999999999999638e-01 -3.991084512361636083e+00
6.096000000000000307e-01 -3.975722717324805533e+00
6.099999999999999867e-01 -3.960356240257726146e+00
6.104000000000000536e-01 -3.945380342701825693e+00
6.108000000000000096e-01 -3.930841257675691036e+00
6.111999999999999655e-01 -3.916745590261839549e+00
6.117000000000000215e-01 -3.902708317821318662e+00
6.120999999999999774e-01 -3.889912408862168380e+00
6.125000000000000444e-01 -3.877205818162332118e+00
6.129000000000000004e-01 -3.865016596808639626e+00
6.132999999999999563e-01 -3.853334437945024948e+00
6.137000000000000233e-01 -3.842173494999520322e+00
6.141999999999999682e-01 -3.831252216647182518e+00
6.146000000000000352e-01 -3.821505194372765590e+00
6.149999999999999911e-01 -3.812016328141277999e+00
6.153999999999999471e-01 -3.803132717623177061e+00
6.158000000000000140e-01 -3.794882183819091370e+00
6.161999999999999700e-01 -3.787284865933117306e+00
6.167000000000000259e-01 -3.780117292968736997e+00
6.170999999999999819e-01 -3.774060409160538754e+00
6.175000000000000488e-01 -3.768516244702596385e+00
6.179000000000000048e-01 -3.763701929693158643e+00
6.182999999999999607e-01 -3.759651020948603151e+00
6.188000000000000167e-01 -3.756304571591521757e+00
6.191999999999999726e-01 -3.753947484744217800e+00
6.196000000000000396e-01 -3.752337831713048910e+00
6.199999999999999956e-01 -3.751617826436211889e+00
6.203999999999999515e-01 -3.751794960363469045e+00
6.208000000000000185e-01 -3.752896639759703223e+00
6.212999999999999634e-01 -3.755040773528215414e+00
6.217000000000000304e-01 -3.758058902019890013e+00
6.220999999999999863e-01 -3.762187763292031750e+00
6.225000000000000533e-01 -3.767360712625591024e+00
6.229000000000000092e-01 -3.773667767121040573e+00
6.232999999999999652e-01 -3.781106605698380196e+00
6.238000000000000211e-01 -3.789946680432481951e+00
6.241999999999999771e-01 -3.799545453381565796e+00
6.246000000000000441e-01 -3.810622232345363791e+00
6.250000000000000000e-01 -3.822992710206169598e+00
6.253999999999999559e-01 -3.836680100005559702e+00
6.258000000000000229e-01 -3.851776873375029719e+00
6.262999999999999678e-01 -3.868734681020417732e+00
6.267000000000000348e-01 -3.886243130358379982e+00
6.270999999999999908e-01 -3.905690361135409017e+00
6.274999999999999467e-01 -3.926681759564408125e+00
6.279000000000000137e-01 -3.949303186441283753e+00
6.282999999999999696e-01 -3.973534763869653208e+00
6.288000000000000256e-01 -4.000150191241885089e+00
6.291999999999999815e-01 -4.027055407458364655e+00
6.296000000000000485e-01 -4.056442243476659826e+00
6.300000000000000044e-01 -4.087670880677316099e+00
6.303999999999999604e-01 -4.120754657082068562e+00
6.308000000000000274e-01 -4.155740777261625496e+00
6.312999999999999723e-01 -4.193730167976755574e+00
6.317000000000000393e-01 -4.231639858598376769e+00
6.320999999999999952e-01 -4.272653453285965242e+00
6.324999999999999512e-01 -4.315790809360643188e+00
6.329000000000000181e-01 -4.361050557476266576e+00
6.332999999999999741e-01 -4.408513081202911188e+00
6.338000000000000300e-01 -4.459650820334704058e+00
6.341999999999999860e-01 -4.510261980981246310e+00
6.346000000000000529e-01 -4.564628814440497173e+00
6.350000000000000089e-01 -4.621396167797380272e+00
6.353999999999999648e-01 -4.680616586520881306e+00
6.358000000000000318e-01 -4.742343627427377584e+00
6.362999999999999767e-01 -4.808367827842780606e+00
6.367000000000000437e-01 -4.873422561565407207e+00
6.370999999999999996e-01 -4.942919505939617153e+00
6.374999999999999556e-01 -5.015112958864065718e+00
6.379000000000000226e-01 -5.090026045318912118e+00
6.382999999999999785e-01 -5.167742046588871929e+00
6.388000000000000345e-01 -5.250509265552581795e+00
6.391999999999999904e-01 -5.331666608821712394e+00
6.395999999999999464e-01 -5.418002019233094657e+00
6.400000000000000133e-01 -5.507330850133299371e+00
6.403999999999999693e-01 -5.599661959441687209e+00
6.408000000000000362e-01 -5.695043273320791855e+00
6.412999999999999812e-01 -5.796306160697863419e+00
6.417000000000000481e-01 -5.895178690913954966e+00
6.421000000000000041e-01 -6.000018340096991309e+00
6.424999999999999600e-01 -6.108071355749636666e+00
6.429000000000000270e-01 -6.219412843033784277e+00
6.433999999999999719e-01 -6.337245646066747895e+00
6.438000000000000389e-01 -6.452054263662230227e+00
6.441999999999999948e-01 -6.573432537904794870e+00
6.445999999999999508e-01 -6.698218155922168293e+00
6.450000000000000178e-01 -6.826502271142382838e+00
6.453999999999999737e-01 -6.958262232934554703e+00
6.459000000000000297e-01 -7.097325651258303836e+00
6.462999999999999856e-01 -7.232419429332770378e+00
6.467000000000000526e-01 -7.374868331511411412e+00
6.471000000000000085e-01 -7.520931273485317980e+00
6.474999999999999645e-01 -7.670665141621750394e+00
6.479000000000000314e-01 -7.824061654635984020e+00
6.483999999999999764e-01 -7.985555586413456197e+00
6.488000000000000433e-01 -8.142006166519873744e+00
6.491999999999999993e-01 -8.306597455145119824e+00
6.495999999999999552e-01 -8.474942022178561629e+00
6.500000000000000222e-01 -8.647108452884451069e+00
6.503999999999999782e-01 -8.823066565386863402e+00
6.509000000000000341e-01 -9.007888969608689678e+00
6.512999999999999901e-01 -9.186501338737212308e+00
6.516999999999999460e-01 -9.374011530830182792e+00
6.521000000000000130e-01 -9.565392089392767971e+00
6.524999999999999689e-01 -9.760656142281636249e+00
6.529000000000000359e-01 -9.959788118456506467e+00
6.533999999999999808e-01 -1.016850677118200075e+01
6.538000000000000478e-01 -1.036977879527457524e+01
6.542000000000000037e-01 -1.058065047034643413e+01
6.545999999999999597e-01 -1.079541896641893395e+01
6.550000000000000266e-01 -1.101408693124640159e+01
6.553999999999999826e-01 -1.123669118870597750e+01
6.559000000000000385e-01 -1.146951108191261426e+01
6.562999999999999945e-01 -1.169359151040184308e+01
6.566999999999999504e-01 -1.192788156329071825e+01
6.571000000000000174e-01 -1.216605589458779413e+01
6.574999999999999734e-01 -1.240811680827256680e+01
6.579000000000000403e-01 -1.265403201171294612e+01
6.583999999999999853e-01 -1.291074522211471098e+01
6.588000000000000522e-01 -1.315738483620597421e+01
6.592000000000000082e-01 -1.341481219019783211e+01
6.595999999999999641e-01 -1.367599989643536951e+01
6.600000000000000311e-01 -1.394099038963134163e+01
6.603999999999999870e-01 -1.420974195666477158e+01
6.609000000000000430e-01 -1.448978739166131646e+01
6.612999999999999989e-01 -1.475835517591653456e+01
6.616999999999999549e-01 -1.503819599291029085e+01
6.621000000000000218e-01 -1.532166737806783452e+01
6.624999999999999778e-01 -1.560876032004173553e+01
6.629000000000000448e-01 -1.589940884152683864e+01
6.633999999999999897e-01 -1.620181024495643385e+01
6.637999999999999456e-01 -1.649129065435496244e+01
6.642000000000000126e-01 -1.679246383206526261e+01
6.645999999999999686e-01 -1.709704351257270361e+01
6.650000000000000355e-01 -1.740500328114158535e+01
6.653999999999999915e-01 -1.771629714911926001e+01
6.659000000000000474e-01 -1.803966888639617849e+01
6.663000000000000034e-01 -1.834876441344313491e+01
6.666999999999999593e-01 -1.866974096881168421e+01
