0.000000000000000000e+00 -1.870934208747684835e+01
2.860000000000000042e-02 -2.387267034698401247e+01
5.720000000000000084e-02 -2.908465032166280295e+01
8.580000000000000127e-02 -3.230818957745878350e+01
1.144000000000000017e-01 -3.411466430979950104e+01
1.429999999999999882e-01 -3.560233978561642942e+01
1.716000000000000025e-01 -3.646745561726750395e+01
2.001999999999999891e-01 -3.609658185845017897e+01
2.288000000000000034e-01 -3.495026930000258858e+01
2.574000000000000177e-01 -3.417840975849588858e+01
2.859999999999999765e-01 -3.463748994925182245e+01
3.145999999999999908e-01 -3.639171235729121889e+01
3.432000000000000051e-01 -3.879603605715283265e+01
3.718000000000000194e-01 -4.113177413502571511e+01
4.003999999999999782e-01 -4.317959837853265270e+01
4.289999999999999925e-01 -4.515272639173930003e+01
4.576000000000000068e-01 -4.738368106360155707e+01
4.862000000000000210e-01 -5.002670584959427202e+01
5.148000000000000353e-01 -5.269890014609496376e+01
5.433999999999999941e-01 -5.472727674094176109e+01
5.719999999999999529e-01 -5.606363713037632124e+01
6.006000000000000227e-01 -5.730768165587966934e+01
6.291999999999999815e-01 -5.860161520079833508e+01
6.578000000000000513e-01 -5.943423782866248217e+01
6.864000000000000101e-01 -5.968915543673793422e+01
7.149999999999999689e-01 -5.983015700207800336e+01
7.436000000000000387e-01 -5.996458999420622149e+01
7.721999999999999975e-01 -5.974977998244548871e+01
8.007999999999999563e-01 -5.927359748905534786e+01
8.294000000000000261e-01 -5.911399794616566794e+01
8.579999999999999849e-01 -5.939551208610347999e+01
8.866000000000000547e-01 -5.952086013129376596e+01
9.152000000000000135e-01 -5.920412388871234555e+01
9.437999999999999723e-01 -5.924717246688276617e+01
9.724000000000000421e-01 -6.048476072699586581e+01
1.000999999999999890e+00 -6.209795709091442006e+01
1.029600000000000071e+00 -6.214094621095703985e+01
1.058200000000000029e+00 -5.996238355914098150e+01
1.086799999999999988e+00 -5.674537952783244066e+01
1.115399999999999947e+00 -5.332818114890272909e+01
1.143999999999999906e+00 -4.916713038873066210e+01
1.172600000000000087e+00 -4.403849407107427538e+01
1.201200000000000045e+00 -3.912053512269439892e+01
1.229800000000000004e+00 -3.564531695208822271e+01
1.258399999999999963e+00 -3.366854631453780655e+01
1.286999999999999922e+00 -3.256851671783456936e+01
1.315600000000000103e+00 -3.178529066821501203e+01
1.344200000000000061e+00 -3.094038321652988088e+01
1.372800000000000020e+00 -3.002377629402378290e+01
1.401399999999999979e+00 -2.948164519894960023e+01
1.429999999999999938e+00 -2.961339961930749709e+01
1.458599999999999897e+00 -3.002026608296332455e+01
1.487200000000000077e+00 -3.003274726337702560e+01
1.515800000000000036e+00 -2.953369343423901938e+01
1.544399999999999995e+00 -2.898288021452766472e+01
1.572999999999999954e+00 -2.863233011887870205e+01
1.601599999999999913e+00 -2.814726528498975711e+01
1.630200000000000093e+00 -2.724794238168363947e+01
1.658800000000000052e+00 -2.624353796318902354e+01
1.687400000000000011e+00 -2.544645020698855120e+01
1.715999999999999970e+00 -2.460054387731811687e+01
1.744599999999999929e+00 -2.354611772113005941e+01
1.773200000000000109e+00 -2.282380380307669654e+01
1.801800000000000068e+00 -2.282028387464495722e+01
1.830400000000000027e+00 -2.298223240689460312e+01
1.858999999999999986e+00 -2.279654517048862772e+01
1.887599999999999945e+00 -2.294135935923488034e+01
1.916199999999999903e+00 -2.439490018007644068e+01
1.944800000000000084e+00 -2.668521241779792419e+01
1.973400000000000043e+00 -2.805724080668823106e+01
2.001999999999999780e+00 -2.747901140349863880e+01
2.030600000000000183e+00 -2.561097282009671616e+01
2.059200000000000141e+00 -2.342135894249103600e+01
2.087800000000000100e+00 -2.073151044423555689e+01
2.116400000000000059e+00 -1.696799943210083939e+01
2.145000000000000018e+00 -1.268813349908718990e+01
2.173599999999999977e+00 -9.271415975324806880e+00
2.202199999999999935e+00 -7.425756415799681598e+00
2.230799999999999894e+00 -6.836884122313517054e+00
2.259399999999999853e+00 -6.890599946683977350e+00
2.287999999999999812e+00 -7.063247734060512428e+00
2.316600000000000215e+00 -7.077681887196040300e+00
2.345200000000000173e+00 -7.190089576236756486e+00
2.373800000000000132e+00 -7.899568026909363994e+00
2.402400000000000091e+00 -9.169932699609510962e+00
2.431000000000000050e+00 -1.038344789632931686e+01
2.459600000000000009e+00 -1.109726322925599717e+01
2.488199999999999967e+00 -1.147177676082577236e+01
2.516799999999999926e+00 -1.192138513723372206e+01
2.545399999999999885e+00 -1.250186215585393157e+01
2.573999999999999844e+00 -1.282275538315902175e+01
2.602599999999999802e+00 -1.274168387750707154e+01
2.631200000000000205e+00 -1.271467183965033421e+01
2.659800000000000164e+00 -1.294216689256121811e+01
2.688400000000000123e+00 -1.295278081378920376e+01
2.717000000000000082e+00 -1.279277009967456102e+01
2.745600000000000041e+00 -1.335105515628169215e+01
2.774199999999999999e+00 -1.459973794082311649e+01
2.802799999999999958e+00 -1.539160545964185012e+01
2.831399999999999917e+00 -1.604654676301402461e+01
2.859999999999999876e+00 -1.870934208747686256e+01
