0.000000000000000000e+00 -1.190889402202031278e+01
4.000000000000000192e-04 -1.213236453806213255e+01
8.000000000000000383e-04 -1.236098838165885638e+01
1.299999999999999940e-03 -1.260114615772482516e+01
1.699999999999999905e-03 -1.283397827086698051e+01
2.099999999999999870e-03 -1.307846708217090992e+01
2.500000000000000052e-03 -1.332837667230940504e+01
2.899999999999999800e-03 -1.358376746208480590e+01
3.299999999999999982e-03 -1.384470351007397859e+01
3.799999999999999992e-03 -1.411841823521070260e+01
4.199999999999999740e-03 -1.438340843269949509e+01
4.599999999999999922e-03 -1.466128890386878147e+01
5.000000000000000104e-03 -1.494494215387263125e+01
5.400000000000000286e-03 -1.523440004165101058e+01
5.799999999999999600e-03 -1.552970228089059823e+01
6.300000000000000044e-03 -1.583904830121572616e+01
6.700000000000000226e-03 -1.613808229970361907e+01
7.100000000000000408e-03 -1.645123136559037391e+01
7.499999999999999722e-03 -1.677040639680656398e+01
7.900000000000000772e-03 -1.709564951050592185e+01
8.300000000000000086e-03 -1.742697874135901870e+01
8.800000000000000530e-03 -1.777353215134744246e+01
9.199999999999999845e-03 -1.810804979540490578e+01
9.599999999999999159e-03 -1.845784811531218850e+01
1.000000000000000021e-02 -1.881392131387249123e+01
1.039999999999999952e-02 -1.917613724107698303e+01
1.080000000000000057e-02 -1.954461078452747103e+01
1.129999999999999928e-02 -1.992946606238236740e+01
1.170000000000000033e-02 -2.030040352653826119e+01
1.209999999999999964e-02 -2.068758126067686476e+01
1.250000000000000069e-02 -2.108123045085067560e+01
1.290000000000000001e-02 -2.148104052987946844e+01
1.329999999999999932e-02 -2.188733370271799217e+01
1.379999999999999977e-02 -2.231089531649200808e+01
1.420000000000000082e-02 -2.271871349254138650e+01
1.460000000000000013e-02 -2.314380205094938603e+01
1.499999999999999944e-02 -2.357516450115244311e+01
1.540000000000000049e-02 -2.401281423766882028e+01
1.580000000000000154e-02 -2.445674205009734692e+01
1.629999999999999852e-02 -2.491884349410148758e+01
1.669999999999999957e-02 -2.536311620633945552e+01
1.710000000000000062e-02 -2.582576968464206146e+01
1.750000000000000167e-02 -2.629438870271621553e+01
1.789999999999999925e-02 -2.676935609014915585e+01
1.830000000000000029e-02 -2.725026663960836615e+01
1.880000000000000074e-02 -2.775035451155159905e+01
1.919999999999999832e-02 -2.823025474985334426e+01
1.959999999999999937e-02 -2.872954666210032926e+01
2.000000000000000042e-02 -2.923459757140723880e+01
2.040000000000000147e-02 -2.974554924459119931e+01
2.079999999999999905e-02 -3.026238412160531510e+01
2.129999999999999949e-02 -3.079912859363873068e+01
2.170000000000000054e-02 -3.131321489240653122e+01
2.210000000000000159e-02 -3.184733292362271584e+01
2.249999999999999917e-02 -3.238714600208921723e+01
2.290000000000000022e-02 -3.293228963109152119e+01
2.330000000000000127e-02 -3.348320860135306987e+01
2.380000000000000171e-02 -3.405463218750072230e+01
2.419999999999999929e-02 -3.460117792869881015e+01
2.460000000000000034e-02 -3.516799331262938466e+01
2.500000000000000139e-02 -3.574036771207976670e+01
2.539999999999999897e-02 -3.631765608887701546e+01
2.589999999999999941e-02 -3.691566970772890954e+01
2.630000000000000046e-02 -3.748764635107487919e+01
2.670000000000000151e-02 -3.807997221563783796e+01
2.709999999999999909e-02 -3.867709855776451633e+01
2.750000000000000014e-02 -3.927898500390290337e+01
2.790000000000000119e-02 -3.988552251281140570e+01
2.840000000000000163e-02 -4.051308062467313675e+01
2.879999999999999921e-02 -4.111222905963568763e+01
2.920000000000000026e-02 -4.173220003240358977e+01
2.960000000000000131e-02 -4.235646994002360088e+01
2.999999999999999889e-02 -4.298492871734783449e+01
3.039999999999999994e-02 -4.361707667403362620e+01
3.090000000000000038e-02 -4.427066533919466451e+01
3.130000000000000143e-02 -4.489391198780361236e+01
3.169999999999999901e-02 -4.553806630909264896e+01
3.209999999999999659e-02 -4.618547863401263243e+01
3.250000000000000111e-02 -4.683676077118456504e+01
3.289999999999999869e-02 -4.749115959044126356e+01
3.339999999999999913e-02 -4.816691969770517545e+01
3.379999999999999671e-02 -4.881054060544676787e+01
3.420000000000000123e-02 -4.947454148928905937e+01
3.459999999999999881e-02 -5.014184953684450363e+01
3.500000000000000333e-02 -5.081167485644664339e+01
3.540000000000000091e-02 -5.148416366018353330e+01
3.590000000000000135e-02 -5.217790013596450649e+01
3.629999999999999893e-02 -5.283738918698961839e+01
3.670000000000000345e-02 -5.351780387595054123e+01
3.710000000000000103e-02 -5.420008043768434192e+01
3.749999999999999861e-02 -5.488442911056316120e+01
3.790000000000000313e-02 -5.557124692925756193e+01
3.839999999999999664e-02 -5.627805956854940916e+01
3.880000000000000115e-02 -5.694950262059626311e+01
3.919999999999999873e-02 -5.764109861389665923e+01
3.960000000000000325e-02 -5.833420049423657616e+01
4.000000000000000083e-02 -5.902919110616075216e+01
4.039999999999999841e-02 -5.972499370563376431e+01
4.089999999999999886e-02 -6.044057942935283734e+01
4.130000000000000338e-02 -6.111968008562824650e+01
4.170000000000000095e-02 -6.181840123200613135e+01
4.209999999999999853e-02 -6.251786645848940793e+01
4.250000000000000305e-02 -6.321793837894630741e+01
4.290000000000000063e-02 -6.391905442369026247e+01
4.340000000000000108e-02 -6.463892949485729389e+01
4.379999999999999866e-02 -6.532126174467414614e+01
4.420000000000000318e-02 -6.602254652350870856e+01
4.460000000000000075e-02 -6.672384585106361499e+01
4.499999999999999833e-02 -6.742499092459799215e+01
4.540000000000000285e-02 -6.812588948827584545e+01
4.590000000000000330e-02 -6.884524108783644181e+01
4.630000000000000088e-02 -6.952642273879401102e+01
4.669999999999999846e-02 -7.022521968510126555e+01
4.710000000000000298e-02 -7.092375186502511042e+01
4.750000000000000056e-02 -7.162153864273507509e+01
4.789999999999999813e-02 -7.231833314908922716e+01
4.839999999999999858e-02 -7.303274985442556044e+01
4.880000000000000310e-02 -7.370854576014596660e+01
4.920000000000000068e-02 -7.440168543090416620e+01
4.959999999999999826e-02 -7.509338084344858544e+01
5.000000000000000278e-02 -7.578355141858158106e+01
5.050000000000000322e-02 -7.649054434620794041e+01
5.090000000000000080e-02 -7.715806709015923559e+01
5.129999999999999838e-02 -7.784275063537718609e+01
5.170000000000000290e-02 -7.852556911670045281e+01
5.210000000000000048e-02 -7.920626905768986603e+01
5.249999999999999806e-02 -7.988477347148744911e+01
5.299999999999999850e-02 -8.057842518324051184e+01
5.340000000000000302e-02 -8.123391373246474245e+01
5.380000000000000060e-02 -8.190515158621542469e+01
5.419999999999999818e-02 -8.257379493010959948e+01
5.460000000000000270e-02 -8.323970690940052464e+01
5.500000000000000028e-02 -8.390212095271472492e+01
5.550000000000000072e-02 -8.457996681000051353e+01
5.589999999999999830e-02 -8.521944451915608454e+01
5.630000000000000282e-02 -8.587357664551576875e+01
5.670000000000000040e-02 -8.652381994648145280e+01
5.709999999999999798e-02 -8.717141642724240569e+01
5.750000000000000250e-02 -8.781577904136779011e+01
5.800000000000000294e-02 -8.847395690264107770e+01
5.840000000000000052e-02 -8.909341261100635734e+01
5.879999999999999810e-02 -8.972717205891223102e+01
5.920000000000000262e-02 -9.035739003707855943e+01
5.960000000000000020e-02 -9.098385106067969730e+01
5.999999999999999778e-02 -9.160572244538172981e+01
6.049999999999999822e-02 -9.224102514907572470e+01
6.090000000000000274e-02 -9.283922506815076758e+01
6.130000000000000032e-02 -9.344925915759067436e+01
6.169999999999999790e-02 -9.405587969818166982e+01
6.210000000000000242e-02 -9.465846784494529231e+01
6.250000000000000000e-02 -9.525605837014505539e+01
6.300000000000000044e-02 -9.586603583559202946e+01
6.339999999999999802e-02 -9.643987351478803305e+01
6.379999999999999560e-02 -9.702447934125862616e+01
6.419999999999999318e-02 -9.760536674917608480e+01
6.460000000000000464e-02 -9.818190506691475150e+01
6.500000000000000222e-02 -9.875306071527697327e+01
6.550000000000000266e-02 -9.933561817913650316e+01
6.590000000000000024e-02 -9.988317869439133290e+01
6.629999999999999782e-02 -1.004413222201533955e+02
6.669999999999999540e-02 -1.009938797077425221e+02
6.710000000000000686e-02 -1.015424513344476480e+02
6.750000000000000444e-02 -1.020854782709386654e+02
6.800000000000000488e-02 -1.026389081240980232e+02
6.840000000000000246e-02 -1.031586730629958453e+02
6.880000000000000004e-02 -1.036871150795922603e+02
6.919999999999999762e-02 -1.042114152072051212e+02
6.959999999999999520e-02 -1.047309205829583476e+02
7.000000000000000666e-02 -1.052445165864127290e+02
7.049999999999999323e-02 -1.057675902418758085e+02
7.090000000000000469e-02 -1.062583929529120326e+02
7.130000000000000226e-02 -1.067569329910369760e+02
7.169999999999999984e-02 -1.072511902160905066e+02
7.209999999999999742e-02 -1.077395594927161682e+02
7.249999999999999500e-02 -1.082236267936818592e+02
7.299999999999999545e-02 -1.087155968564195092e+02
7.340000000000000691e-02 -1.091757530336449094e+02
7.380000000000000449e-02 -1.096444269245725138e+02
7.420000000000000207e-02 -1.101080888879099149e+02
7.459999999999999964e-02 -1.105656552338767113e+02
7.510000000000000009e-02 -1.110310225896238308e+02
7.549999999999999767e-02 -1.114660472884694826e+02
7.589999999999999525e-02 -1.119088665416225581e+02
7.630000000000000671e-02 -1.123466367500316920e+02
7.670000000000000429e-02 -1.127782602239164902e+02
7.710000000000000187e-02 -1.132055111321793817e+02
7.760000000000000231e-02 -1.136390536572883718e+02
7.799999999999999989e-02 -1.140437407905669858e+02
7.839999999999999747e-02 -1.144553946229177370e+02
7.879999999999999505e-02 -1.148610013006326795e+02
7.920000000000000651e-02 -1.152622851981313090e+02
7.960000000000000409e-02 -1.156585200204086590e+02
8.010000000000000453e-02 -1.160590458535360767e+02
8.050000000000000211e-02 -1.164343054437979248e+02
8.089999999999999969e-02 -1.168139948525348331e+02
8.129999999999999727e-02 -1.171893825222970094e+02
8.169999999999999485e-02 -1.175597918544308982e+02
8.210000000000000631e-02 -1.179240191872556522e+02
8.260000000000000675e-02 -1.182936216097021145e+02
8.300000000000000433e-02 -1.186389405406129072e+02
8.340000000000000191e-02 -1.189877696457012206e+02
8.379999999999999949e-02 -1.193323757494077739e+02
8.419999999999999707e-02 -1.196710007026717619e+02
8.459999999999999465e-02 -1.200054186545540205e+02
8.509999999999999509e-02 -1.203437845972355404e+02
8.550000000000000655e-02 -1.206583381634951166e+02
8.590000000000000413e-02 -1.209775866425691788e+02
8.630000000000000171e-02 -1.212909234505798821e+02
8.669999999999999929e-02 -1.216001143331209988e+02
8.709999999999999687e-02 -1.219044551231055635e+02
8.759999999999999731e-02 -1.222107660881059132e+02
8.799999999999999489e-02 -1.224969708441347223e+02
8.840000000000000635e-02 -1.227853424895568821e+02
8.880000000000000393e-02 -1.230696503439984468e+02
8.920000000000000151e-02 -1.233491840473065935e+02
8.959999999999999909e-02 -1.236227536580581727e+02
9.009999999999999953e-02 -1.238995420456214589e+02
9.049999999999999711e-02 -1.241560639953333265e+02
9.089999999999999469e-02 -1.244158400147412351e+02
9.130000000000000615e-02 -1.246709350760816051e+02
9.170000000000000373e-02 -1.249201202313602863e+02
9.210000000000000131e-02 -1.251653706608062748e+02
9.260000000000000175e-02 -1.254113096541821619e+02
9.299999999999999933e-02 -1.256405039245470476e+02
9.339999999999999691e-02 -1.258704147002649592e+02
9.379999999999999449e-02 -1.260964818152980911e+02
9.420000000000000595e-02 -1.263179467313851774e+02
9.460000000000000353e-02 -1.265335766654984155e+02
9.510000000000000397e-02 -1.267510562864691508e+02
9.550000000000000155e-02 -1.269515438557048128e+02
9.589999999999999913e-02 -1.271539037430014787e+02
9.629999999999999671e-02 -1.273517399585439307e+02
9.669999999999999429e-02 -1.275437987647391651e+02
9.710000000000000575e-02 -1.277321055067825455e+02
9.760000000000000620e-02 -1.279197079744700716e+02
9.800000000000000377e-02 -1.280937970789274800e+02
9.840000000000000135e-02 -1.282683202251287753e+02
9.879999999999999893e-02 -1.284370878794997282e+02
9.919999999999999651e-02 -1.286021809209984497e+02
9.969999999999999696e-02 -1.287659680147482106e+02
1.000999999999999945e-01 -1.289175514650438572e+02
1.005000000000000060e-01 -1.290689996178161607e+02
1.009000000000000036e-01 -1.292147416822251955e+02
1.013000000000000012e-01 -1.293568538062071127e+02
1.016999999999999987e-01 -1.294934148293745295e+02
1.021999999999999992e-01 -1.296299726009352469e+02
1.025999999999999968e-01 -1.297538407141168477e+02
1.029999999999999943e-01 -1.298777011548893938e+02
1.034000000000000058e-01 -1.299971756352166210e+02
1.038000000000000034e-01 -1.301110199990810088e+02
1.042000000000000010e-01 -1.302212521816397839e+02
1.047000000000000014e-01 -1.303287990641397869e+02
1.050999999999999990e-01 -1.304271982140131740e+02
1.054999999999999966e-01 -1.305240467768235533e+02
1.058999999999999941e-01 -1.306152529649573069e+02
1.063000000000000056e-01 -1.307028952126639751e+02
1.067000000000000032e-01 -1.307851120798138709e+02
1.072000000000000036e-01 -1.308658620758846496e+02
1.076000000000000012e-01 -1.309369659603629543e+02
1.079999999999999988e-01 -1.310066401733990347e+02
1.083999999999999964e-01 -1.310719905084730215e+02
1.087999999999999939e-01 -1.311317207378483545e+02
1.092000000000000054e-01 -1.311879375886589685e+02
1.097000000000000058e-01 -1.312400569772011352e+02
1.101000000000000034e-01 -1.312859730723120038e+02
1.105000000000000010e-01 -1.313289367761824451e+02
1.108999999999999986e-01 -1.313662883331127205e+02
1.112999999999999962e-01 -1.314001358390331404e+02
1.116999999999999937e-01 -1.314285623786281292e+02
1.121999999999999942e-01 -1.314541530469091413e+02
1.126000000000000056e-01 -1.314729958276106174e+02
1.130000000000000032e-01 -1.314890211643714508e+02
1.134000000000000008e-01 -1.315007514061979634e+02
1.137999999999999984e-01 -1.315069105076553342e+02
1.141999999999999960e-01 -1.315095754756196698e+02
1.146999999999999964e-01 -1.315067464299825701e+02
1.150999999999999940e-01 -1.315006280656621982e+02
1.155000000000000054e-01 -1.314901452728181539e+02
1.159000000000000030e-01 -1.314741092224511760e+02
1.163000000000000006e-01 -1.314546045592120436e+02
1.166999999999999982e-01 -1.314297177192462698e+02
1.171999999999999986e-01 -1.314006031081638355e+02
1.175999999999999962e-01 -1.313676713744366680e+02
1.179999999999999938e-01 -1.313305134248841739e+02
1.184000000000000052e-01 -1.312891171939025128e+02
1.188000000000000028e-01 -1.312422084949967882e+02
1.192000000000000004e-01 -1.311918792417957036e+02
1.197000000000000008e-01 -1.311346758468660028e+02
1.200999999999999984e-01 -1.310771084241779079e+02
1.204999999999999960e-01 -1.310138276791464591e+02
1.208999999999999936e-01 -1.309450624835262431e+02
1.213000000000000050e-01 -1.308728975405447841e+02
1.217000000000000026e-01 -1.307954419241222013e+02
1.222000000000000031e-01 -1.307124397736727985e+02
1.226000000000000006e-01 -1.306285408919100064e+02
1.229999999999999982e-01 -1.305390845867030691e+02
1.233999999999999958e-01 -1.304455241237916994e+02
1.237999999999999934e-01 -1.303465716896707818e+02
1.242999999999999938e-01 -1.302415331431927541e+02
1.247000000000000053e-01 -1.301367857811833062e+02
1.250999999999999890e-01 -1.300260374371125636e+02
1.255000000000000004e-01 -1.299112439221953252e+02
1.259000000000000119e-01 -1.297910800672720768e+02
1.262999999999999956e-01 -1.296677050919978171e+02
1.267999999999999960e-01 -1.295357207341867252e+02
1.272000000000000075e-01 -1.294074887889920831e+02
1.275999999999999912e-01 -1.292718015908655218e+02
1.280000000000000027e-01 -1.291309086624078475e+02
1.283999999999999864e-01 -1.289868330146885285e+02
1.287999999999999978e-01 -1.288377869409775656e+02
1.292999999999999983e-01 -1.286814992233667567e+02
1.297000000000000097e-01 -1.285295754077290269e+02
1.300999999999999934e-01 -1.283684031582874923e+02
1.305000000000000049e-01 -1.282042198231655448e+02
1.308999999999999886e-01 -1.280351402180695288e+02
1.313000000000000000e-01 -1.278630858482770236e+02
1.318000000000000005e-01 -1.276813857819907838e+02
1.322000000000000119e-01 -1.275063324244866152e+02
1.325999999999999956e-01 -1.273227959143249279e+02
1.330000000000000071e-01 -1.271343643528482801e+02
1.333999999999999908e-01 -1.269430688031319221e+02
1.338000000000000023e-01 -1.267482028506393874e+02
1.343000000000000027e-01 -1.265430990960025213e+02
1.346999999999999864e-01 -1.263460523210218014e+02
1.350999999999999979e-01 -1.261389844798028577e+02
1.355000000000000093e-01 -1.259292618631231306e+02
1.358999999999999930e-01 -1.257161401234095450e+02
1.363000000000000045e-01 -1.254983040436898705e+02
1.368000000000000049e-01 -1.252719724128514684e+02
1.371999999999999886e-01 -1.250531046078820196e+02
1.376000000000000001e-01 -1.248257929696737705e+02
1.380000000000000115e-01 -1.245952118808767324e+02
1.383999999999999952e-01 -1.243602185542698493e+02
1.388000000000000067e-01 -1.241227706124130066e+02
1.393000000000000071e-01 -1.238746565922970291e+02
1.396999999999999909e-01 -1.236371917497940984e+02
1.401000000000000023e-01 -1.233902128522474726e+02
1.405000000000000138e-01 -1.231389662524693165e+02
1.408999999999999975e-01 -1.228855349053299335e+02
1.413000000000000089e-01 -1.226291513180029398e+02
1.418000000000000094e-01 -1.223617024464111864e+02
1.421999999999999931e-01 -1.221061250351439895e+02
1.426000000000000045e-01 -1.218397683881155160e+02
1.429999999999999882e-01 -1.215713292406130392e+02
1.433999999999999997e-01 -1.213002624303051249e+02
1.438000000000000111e-01 -1.210252619871068163e+02
1.443000000000000116e-01 -1.207409941652682903e+02
1.446999999999999953e-01 -1.204690139689040933e+02
1.451000000000000068e-01 -1.201859136996209116e+02
1.454999999999999905e-01 -1.199010181468358951e+02
1.459000000000000019e-01 -1.196137221524109009e+02
1.463000000000000134e-01 -1.193229068615991793e+02
1.468000000000000138e-01 -1.190225289803386062e+02
1.471999999999999975e-01 -1.187346312373524171e+02
1.476000000000000090e-01 -1.184372839039173755e+02
1.479999999999999927e-01 -1.181377830182595972e+02
1.484000000000000041e-01 -1.178349291506279997e+02
1.489000000000000046e-01 -1.175225339559505926e+02
1.492999999999999883e-01 -1.172244103505220636e+02
1.496999999999999997e-01 -1.169149720537016179e+02
1.501000000000000112e-01 -1.166042278116985358e+02
1.504999999999999949e-01 -1.162916195207582462e+02
1.509000000000000064e-01 -1.159759296100695849e+02
1.514000000000000068e-01 -1.156506542765041843e+02
1.517999999999999905e-01 -1.153405759169154265e+02
1.522000000000000020e-01 -1.150191583146309000e+02
1.526000000000000134e-01 -1.146966710815766106e+02
1.529999999999999971e-01 -1.143716071822145182e+02
1.534000000000000086e-01 -1.140455775588352054e+02
1.539000000000000090e-01 -1.137092140649818504e+02
1.542999999999999927e-01 -1.133877868353322924e+02
1.547000000000000042e-01 -1.130568143619617985e+02
1.550999999999999879e-01 -1.127243403620903734e+02
1.554999999999999993e-01 -1.123894221919347700e+02
1.559000000000000108e-01 -1.120537558638175710e+02
1.564000000000000112e-01 -1.117077533656166821e+02
1.567999999999999949e-01 -1.113775293709911693e+02
1.572000000000000064e-01 -1.110376095593015151e+02
1.575999999999999901e-01 -1.106965349742237095e+02
1.580000000000000016e-01 -1.103531406414795271e+02
1.584000000000000130e-01 -1.100093338799802467e+02
1.589000000000000135e-01 -1.096541286925355791e+02
1.592999999999999972e-01 -1.093171966882961215e+02
1.597000000000000086e-01 -1.089698606065038149e+02
1.600999999999999923e-01 -1.086205198577128499e+02
1.605000000000000038e-01 -1.082707986515049328e+02
1.608999999999999875e-01 -1.079202231058532391e+02
1.613999999999999879e-01 -1.075581179081294607e+02
1.617999999999999994e-01 -1.072148329428309523e+02
1.622000000000000108e-01 -1.068611143601309266e+02
1.625999999999999945e-01 -1.065056096788656106e+02
1.630000000000000060e-01 -1.061498567374424766e+02
1.633999999999999897e-01 -1.057934201182564067e+02
1.638999999999999901e-01 -1.054254547793697157e+02
1.643000000000000016e-01 -1.050767448362649077e+02
1.647000000000000131e-01 -1.047176279696293335e+02
1.650999999999999968e-01 -1.043568489566158632e+02
1.655000000000000082e-01 -1.039959521281532204e+02
1.658999999999999919e-01 -1.036335793906888227e+02
1.663999999999999924e-01 -1.032613630055478637e+02
1.668000000000000038e-01 -1.029080835180445206e+02
1.671999999999999875e-01 -1.025434308325859689e+02
1.675999999999999990e-01 -1.021787215898920067e+02
1.680000000000000104e-01 -1.018134987800178237e+02
1.683999999999999941e-01 -1.014466078949223657e+02
1.688999999999999946e-01 -1.010699687428099764e+02
1.693000000000000060e-01 -1.007124022284859848e+02
1.696999999999999897e-01 -1.003435006452236564e+02
1.701000000000000012e-01 -9.997455988190888831e+01
1.705000000000000127e-01 -9.960513696145198992e+01
1.708999999999999964e-01 -9.923411685519110392e+01
1.713999999999999968e-01 -9.885323541730197405e+01
1.718000000000000083e-01 -9.849167476795238940e+01
1.721999999999999920e-01 -9.811867910877791132e+01
1.726000000000000034e-01 -9.774566005914982725e+01
1.729999999999999871e-01 -9.737215075256115426e+01
1.734999999999999876e-01 -9.698692440682059157e+01
1.738999999999999990e-01 -9.662197917167658545e+01
1.743000000000000105e-01 -9.624629403186972354e+01
1.746999999999999942e-01 -9.586912919696464996e+01
1.751000000000000056e-01 -9.549187496503495254e+01
1.754999999999999893e-01 -9.511324735786632800e+01
1.759999999999999898e-01 -9.472432840702630585e+01
1.764000000000000012e-01 -9.435519934416198851e+01
1.768000000000000127e-01 -9.397423934848380611e+01
1.771999999999999964e-01 -9.359324693663025130e+01
1.776000000000000079e-01 -9.321158500722455642e+01
1.779999999999999916e-01 -9.282820934986555983e+01
1.784999999999999920e-01 -9.243441738938588514e+01
1.789000000000000035e-01 -9.206046723396498521e+01
1.792999999999999872e-01 -9.167460153774217702e+01
1.796999999999999986e-01 -9.128842171766602576e+01
1.801000000000000101e-01 -9.090152246070542219e+01
1.804999999999999938e-01 -9.051281879020439192e+01
1.809999999999999942e-01 -9.011341888165340208e+01
1.814000000000000057e-01 -8.973400813816321886e+01
1.817999999999999894e-01 -8.934242529430933644e+01
1.822000000000000008e-01 -8.895037599247621074e+01
1.826000000000000123e-01 -8.855745763989040142e+01
1.829999999999999960e-01 -8.816262062869242300e+01
1.834999999999999964e-01 -8.775673065550442686e+01
1.839000000000000079e-01 -8.737102862700552919e+01
1.842999999999999916e-01 -8.697283335997153131e+01
1.847000000000000031e-01 -8.657399266962886486e+01
1.850999999999999868e-01 -8.617411464222018935e+01
1.854999999999999982e-01 -8.577290754728585398e+01
1.859999999999999987e-01 -8.535889159981962848e+01
1.864000000000000101e-01 -8.496583500833374103e+01
1.867999999999999938e-01 -8.456073923019006600e+01
1.872000000000000053e-01 -8.415347782391151554e+01
1.875999999999999890e-01 -8.374550089926137275e+01
1.880000000000000004e-01 -8.333622754611326400e+01
1.885000000000000009e-01 -8.291360348617170928e+01
1.889000000000000123e-01 -8.251231086134558268e+01
1.892999999999999960e-01 -8.209846146457812210e+01
1.897000000000000075e-01 -8.168312735650175682e+01
1.900999999999999912e-01 -8.126544383069169442e+01
1.905000000000000027e-01 -8.084680958687313534e+01
1.910000000000000031e-01 -8.041525941616885120e+01
1.913999999999999868e-01 -8.000473368694873955e+01
1.917999999999999983e-01 -7.958044068595270915e+01
1.922000000000000097e-01 -7.915506732917364729e+01
1.925999999999999934e-01 -7.872799904061113807e+01
1.930000000000000049e-01 -7.829921107541028391e+01
1.935000000000000053e-01 -7.785694817473149953e+01
1.938999999999999890e-01 -7.743544817198352348e+01
1.943000000000000005e-01 -7.700100160004775773e+01
1.947000000000000119e-01 -7.656484387334761266e+01
1.950999999999999956e-01 -7.612669221361083771e+01
1.955000000000000071e-01 -7.568671202486676464e+01
1.960000000000000075e-01 -7.523212796507607436e+01
1.963999999999999913e-01 -7.480003723915604041e+01
1.968000000000000027e-01 -7.435406612813959271e+01
1.971999999999999864e-01 -7.390616952278644192e+01
1.975999999999999979e-01 -7.345617225337467460e+01
1.980999999999999983e-01 -7.299203640556919481e+01
1.985000000000000098e-01 -7.255018355434036437e+01
1.988999999999999935e-01 -7.209400620244544200e+01
1.993000000000000049e-01 -7.163519412973050748e+01
1.996999999999999886e-01 -7.117472678734667113e+01
2.001000000000000001e-01 -7.071232343782951091e+01
2.006000000000000005e-01 -7.023522083312599307e+01
2.010000000000000120e-01 -6.978106722656089289e+01
2.013999999999999957e-01 -6.931218523032040935e+01
2.018000000000000071e-01 -6.884125449467148883e+01
2.021999999999999909e-01 -6.836807826412353961e+01
2.026000000000000023e-01 -6.789282962172204350e+01
2.031000000000000028e-01 -6.740250817761160818e+01
2.034999999999999865e-01 -6.693581105899221484e+01
2.038999999999999979e-01 -6.645459964488946980e+01
2.043000000000000094e-01 -6.597082537910866051e+01
2.046999999999999931e-01 -6.548474157593406630e+01
2.051000000000000045e-01 -6.499659079904354542e+01
2.056000000000000050e-01 -6.449303638282694351e+01
2.059999999999999887e-01 -6.401384076350554153e+01
2.064000000000000001e-01 -6.351923901890781821e+01
2.068000000000000116e-01 -6.302315459641857842e+01
2.071999999999999953e-01 -6.252445191402868119e+01
2.076000000000000068e-01 -6.202368143659351318e+01
2.081000000000000072e-01 -6.150722540571494079e+01
2.084999999999999909e-01 -6.101643457553294070e+01
2.089000000000000024e-01 -6.050965581960864625e+01
2.093000000000000138e-01 -6.000069572592749267e+01
2.096999999999999975e-01 -5.949036204760226099e+01
2.101000000000000090e-01 -5.897757323310109712e+01
2.106000000000000094e-01 -5.844903115957347950e+01
2.109999999999999931e-01 -5.794671721182972846e+01
2.114000000000000046e-01 -5.742836534350725231e+01
2.117999999999999883e-01 -5.690852192101801421e+01
2.121999999999999997e-01 -5.638655963846421315e+01
2.126000000000000112e-01 -5.586316541561188131e+01
2.131000000000000116e-01 -5.532360456250739134e+01
2.134999999999999953e-01 -5.481095333338586784e+01
2.139000000000000068e-01 -5.428271583917771892e+01
2.142999999999999905e-01 -5.375230733965173613e+01
2.147000000000000020e-01 -5.322083068998834676e+01
2.151000000000000134e-01 -5.268785519997344835e+01
2.156000000000000139e-01 -5.213912594738942374e+01
2.159999999999999976e-01 -5.161766476265528070e+01
2.164000000000000090e-01 -5.108013148723479446e+01
2.167999999999999927e-01 -5.054158406530786607e+01
2.172000000000000042e-01 -5.000193876892114986e+01
2.175999999999999879e-01 -4.946103131833236688e+01
2.180999999999999883e-01 -4.890450861551613571e+01
2.184999999999999998e-01 -4.837597379070682990e+01
2.189000000000000112e-01 -4.783195245126306361e+01
2.192999999999999949e-01 -4.728699754338590111e+01
2.197000000000000064e-01 -4.674144816745609177e+01
2.200999999999999901e-01 -4.619485246760233110e+01
2.205999999999999905e-01 -4.563259332894909193e+01
2.210000000000000020e-01 -4.509923596262991907e+01
2.214000000000000135e-01 -4.455080559564889597e+01
2.217999999999999972e-01 -4.400160816295770161e+01
2.222000000000000086e-01 -4.345214842955795831e+01
2.227000000000000091e-01 -4.288727959808142032e+01
2.230999999999999928e-01 -4.235188805125038414e+01
2.235000000000000042e-01 -4.180160230708638380e+01
2.238999999999999879e-01 -4.125103659521518296e+01
2.242999999999999994e-01 -4.070011454921804983e+01
2.247000000000000108e-01 -4.014936338900724877e+01
2.252000000000000113e-01 -3.958400643851007317e+01
2.255999999999999950e-01 -3.904832159102193145e+01
2.260000000000000064e-01 -3.849812526822256586e+01
2.263999999999999901e-01 -3.794846414743788898e+01
2.268000000000000016e-01 -3.739899166386543783e+01
2.272000000000000131e-01 -3.684983786168687203e+01
2.277000000000000135e-01 -3.628688740966821769e+01
2.280999999999999972e-01 -3.575369181975440824e+01
2.285000000000000087e-01 -3.520682901212941829e+01
2.288999999999999924e-01 -3.466070211488794683e+01
2.293000000000000038e-01 -3.411526045195393664e+01
2.296999999999999875e-01 -3.357104613685019956e+01
2.301999999999999880e-01 -3.301321892819067472e+01
2.305999999999999994e-01 -3.248582372305259724e+01
2.310000000000000109e-01 -3.194523605886541517e+01
2.313999999999999946e-01 -3.140582701036194280e+01
2.318000000000000060e-01 -3.086794024873408304e+01
2.321999999999999897e-01 -3.033140699220721004e+01
2.326999999999999902e-01 -2.978218680154812859e+01
2.331000000000000016e-01 -2.926352721130001200e+01
2.335000000000000131e-01 -2.873213420460041689e+01
2.338999999999999968e-01 -2.820265906816735324e+01
2.343000000000000083e-01 -2.767524659998612790e+01
2.346999999999999920e-01 -2.714973643307574491e+01
2.351999999999999924e-01 -2.661234646491241662e+01
2.356000000000000039e-01 -2.610538771844103323e+01
2.359999999999999876e-01 -2.558652204642966765e+01
2.363999999999999990e-01 -2.507009397570677933e+01
2.368000000000000105e-01 -2.455621828035140553e+01
2.371999999999999942e-01 -2.404475931364022401e+01
2.376999999999999946e-01 -2.352251448850670101e+01
2.381000000000000061e-01 -2.303021847221210905e+01
2.384999999999999898e-01 -2.252689626937798550e+01
2.389000000000000012e-01 -2.202667667021011155e+01
2.393000000000000127e-01 -2.152932527668787088e+01
2.396999999999999964e-01 -2.103503982277328888e+01
2.401999999999999968e-01 -2.053064093932004752e+01
2.406000000000000083e-01 -2.005603541641415077e+01
2.409999999999999920e-01 -1.957141344844979614e+01
2.414000000000000035e-01 -1.909013727903305480e+01
2.417999999999999872e-01 -1.861217579282568124e+01
2.421999999999999986e-01 -1.813786464549976429e+01
2.426999999999999991e-01 -1.765454299065386223e+01
2.431000000000000105e-01 -1.720000804244379466e+01
2.434999999999999942e-01 -1.673670575224238277e+01
2.439000000000000057e-01 -1.627704612973050757e+01
2.442999999999999894e-01 -1.582138150778093788e+01
2.447000000000000008e-01 -1.536963280754143746e+01
2.452000000000000013e-01 -1.490971643635165478e+01
2.456000000000000127e-01 -1.447811676327919983e+01
2.459999999999999964e-01 -1.403850243840721568e+01
2.464000000000000079e-01 -1.360299526773730072e+01
2.467999999999999916e-01 -1.317181949214795722e+01
2.472999999999999921e-01 -1.273341634360821573e+01
2.477000000000000035e-01 -1.232237872399707079e+01
2.480999999999999872e-01 -1.190419788325984030e+01
2.484999999999999987e-01 -1.149054001680082848e+01
2.489000000000000101e-01 -1.108139068172687480e+01
2.492999999999999938e-01 -1.067675100176273872e+01
2.497999999999999943e-01 -1.026602330488838533e+01
2.501999999999999780e-01 -9.881465646590024576e+00
2.505999999999999894e-01 -9.490804827943620126e+00
2.510000000000000009e-01 -9.104873677549061739e+00
2.514000000000000123e-01 -8.723712626972956130e+00
2.518000000000000238e-01 -8.347403472385153123e+00
2.523000000000000242e-01 -7.966009841683858284e+00
2.526999999999999802e-01 -7.609374004814232428e+00
2.530999999999999917e-01 -7.247727308077100083e+00
2.535000000000000031e-01 -6.891035587433673726e+00
2.539000000000000146e-01 -6.539317235586736388e+00
2.543000000000000260e-01 -6.192594059470404311e+00
2.548000000000000265e-01 -5.841762237342125630e+00
2.551999999999999824e-01 -5.514288544649177837e+00
2.555999999999999939e-01 -5.182748826383517304e+00
2.560000000000000053e-01 -4.856329242606882701e+00
2.564000000000000168e-01 -4.535022734742397255e+00
2.567999999999999727e-01 -4.218820437279089397e+00
2.572999999999999732e-01 -3.899419009518215518e+00
2.576999999999999846e-01 -3.601898148378830378e+00
2.580999999999999961e-01 -3.301169816244949651e+00
2.585000000000000075e-01 -3.005641993967596459e+00
2.589000000000000190e-01 -2.715290551250998607e+00
2.592999999999999750e-01 -2.430129149775991149e+00
2.597999999999999754e-01 -2.142662384772552109e+00
2.601999999999999869e-01 -1.875395153760072153e+00
2.605999999999999983e-01 -1.605809348818002302e+00
2.610000000000000098e-01 -1.341406561211215598e+00
2.614000000000000212e-01 -1.082192563203258961e+00
2.617999999999999772e-01 -8.281529859976468622e-01
2.622999999999999776e-01 -5.726038801721266003e-01
2.626999999999999891e-01 -3.355672523887480163e-01
2.631000000000000005e-01 -9.710010912750799417e-02
2.635000000000000120e-01 1.364171560430129104e-01
2.639000000000000234e-01 3.647485336117244348e-01
2.642999999999999794e-01 5.879650241409216660e-01
2.647999999999999798e-01 8.119481826854443307e-01
2.651999999999999913e-01 1.019171608303290455e+00
2.656000000000000028e-01 1.227205760513321531e+00
2.660000000000000142e-01 1.430223953964937511e+00
2.664000000000000257e-01 1.628248188658138140e+00
2.667999999999999816e-01 1.821309985213712457e+00
2.672999999999999821e-01 2.014477735635057165e+00
2.676999999999999935e-01 2.192657281247286427e+00
2.681000000000000050e-01 2.370997453170372804e+00
2.685000000000000164e-01 2.544498438598591594e+00
2.688999999999999724e-01 2.713190658334278194e+00
2.692999999999999838e-01 2.877105574421367606e+00
2.697999999999999843e-01 3.040548273575728100e+00
2.701999999999999957e-01 3.190757940358369460e+00
2.706000000000000072e-01 3.340576179807115409e+00
2.710000000000000187e-01 3.485771384585294896e+00
2.713999999999999746e-01 3.626386537357622064e+00
2.718999999999999750e-01 3.766108725681714287e+00
2.722999999999999865e-01 3.894048628307869464e+00
2.726999999999999980e-01 4.021185759551670458e+00
2.731000000000000094e-01 4.143915780212754640e+00
2.735000000000000209e-01 4.262288807444856609e+00
2.738999999999999768e-01 4.376357706758955857e+00
2.743999999999999773e-01 4.489100596392274767e+00
2.747999999999999887e-01 4.591756752836671396e+00
2.752000000000000002e-01 4.693188689199112140e+00
2.756000000000000116e-01 4.790511363154533520e+00
2.760000000000000231e-01 4.883770985104106011e+00
2.763999999999999790e-01 4.973029865267450056e+00
2.768999999999999795e-01 5.060615954739957623e+00
2.772999999999999909e-01 5.139740393664443019e+00
2.777000000000000024e-01 5.217301293540844043e+00
2.781000000000000139e-01 5.291068603455320485e+00
2.785000000000000253e-01 5.361104306072588699e+00
2.788999999999999813e-01 5.427455956684006821e+00
2.793999999999999817e-01 5.491862769633715224e+00
2.797999999999999932e-01 5.549354242949335436e+00
2.802000000000000046e-01 5.605010223493432697e+00
2.806000000000000161e-01 5.657218731229340491e+00
2.810000000000000275e-01 5.706032380025285455e+00
2.813999999999999835e-01 5.751501304370286505e+00
2.818999999999999839e-01 5.794824775675023965e+00
2.822999999999999954e-01 5.832675658723572631e+00
2.827000000000000068e-01 5.868494626687932758e+00
2.831000000000000183e-01 5.901207542646441873e+00
2.834999999999999742e-01 5.930872389263818434e+00
2.838999999999999857e-01 5.957555225116932363e+00
2.843999999999999861e-01 5.981930422353785914e+00
2.847999999999999976e-01 6.002189437157005258e+00
2.852000000000000091e-01 6.020264813343965571e+00
2.856000000000000205e-01 6.035579196101944710e+00
2.859999999999999765e-01 6.048202761161546093e+00
2.863999999999999879e-01 6.058189467281184903e+00
2.868999999999999884e-01 6.065787190838968890e+00
2.872999999999999998e-01 6.070485074964122596e+00
2.877000000000000113e-01 6.072904186928590242e+00
2.881000000000000227e-01 6.072921884661737657e+00
2.884999999999999787e-01 6.070577009768242327e+00
2.888999999999999901e-01 6.065952896374030345e+00
2.893999999999999906e-01 6.058883397333198140e+00
2.898000000000000020e-01 6.050030589480209109e+00
2.902000000000000135e-01 6.038806044519391847e+00
2.906000000000000250e-01 6.025546636425366920e+00
2.909999999999999809e-01 6.010283017930171390e+00
2.913999999999999924e-01 5.992999089215353514e+00
2.918999999999999928e-01 5.973327946799281030e+00
2.923000000000000043e-01 5.952848026140093118e+00
2.927000000000000157e-01 5.929980251627350540e+00
2.931000000000000272e-01 5.905350069454304851e+00
2.934999999999999831e-01 5.879055245313485223e+00
2.938999999999999946e-01 5.851062549090665144e+00
2.943999999999999950e-01 5.820692851203227214e+00
2.948000000000000065e-01 5.790324072346382245e+00
2.952000000000000179e-01 5.757673560802958335e+00
2.955999999999999739e-01 5.723516177177534026e+00
2.959999999999999853e-01 5.687969427133390710e+00
2.964999999999999858e-01 5.650058311306538350e+00
2.968999999999999972e-01 5.612799354418464226e+00
2.973000000000000087e-01 5.573207762769642137e+00
2.977000000000000202e-01 5.532400746125234470e+00
2.980999999999999761e-01 5.490401057035732890e+00
2.984999999999999876e-01 5.447225812654871824e+00
2.989999999999999880e-01 5.401783974038257163e+00
2.993999999999999995e-01 5.357595226452469994e+00
2.998000000000000109e-01 5.311165019119948205e+00
3.002000000000000224e-01 5.263763397556105339e+00
3.005999999999999783e-01 5.215399775992263010e+00
3.009999999999999898e-01 5.166090599137060480e+00
3.014999999999999902e-01 5.114533312717441049e+00
3.019000000000000017e-01 5.064805703277335702e+00
3.023000000000000131e-01 5.012901311827718587e+00
3.027000000000000246e-01 4.960239909613835430e+00
3.030999999999999805e-01 4.906802811048557977e+00
3.034999999999999920e-01 4.852636777631166076e+00
3.039999999999999925e-01 4.796272580188589707e+00
3.044000000000000039e-01 4.742237185982343561e+00
3.048000000000000154e-01 4.686068083223819514e+00
3.052000000000000268e-01 4.629284718058276127e+00
3.055999999999999828e-01 4.571895218403715155e+00
3.059999999999999942e-01 4.513985404336282592e+00
3.064999999999999947e-01 4.453949066958267089e+00
3.069000000000000061e-01 4.396551231674327376e+00
3.073000000000000176e-01 4.337107038046141838e+00
3.076999999999999735e-01 4.277203634016786715e+00
3.080999999999999850e-01 4.216872522871770279e+00
3.084999999999999964e-01 4.156124470303621976e+00
3.089999999999999969e-01 4.093305702509314692e+00
3.094000000000000083e-01 4.033432816446985036e+00
3.098000000000000198e-01 3.971531132675326425e+00
3.101999999999999758e-01 3.909317479380990168e+00
3.105999999999999872e-01 3.846793439954877769e+00
3.109999999999999987e-01 3.783925376622464309e+00
3.114999999999999991e-01 3.719100353554456007e+00
3.119000000000000106e-01 3.657401310912279158e+00
3.123000000000000220e-01 3.593741278057186239e+00
3.126999999999999780e-01 3.529861058707226551e+00
3.130999999999999894e-01 3.465733949939981517e+00
3.135000000000000009e-01 3.401380806502171783e+00
3.140000000000000013e-01 3.335105411620455484e+00
3.144000000000000128e-01 3.272102450285419462e+00
3.148000000000000242e-01 3.207197834039420048e+00
3.151999999999999802e-01 3.142109983485950941e+00
3.155999999999999917e-01 3.076871484393686629e+00
3.160000000000000031e-01 3.011493178367310009e+00
3.165000000000000036e-01 2.944192572470694547e+00
3.169000000000000150e-01 2.880283583649840384e+00
3.173000000000000265e-01 2.814490587843085923e+00
3.176999999999999824e-01 2.748575995503390157e+00
3.180999999999999939e-01 2.682548923784483730e+00
3.185000000000000053e-01 2.616429027796182361e+00
3.190000000000000058e-01 2.548423626905746975e+00
3.194000000000000172e-01 2.483891984176825218e+00
3.197999999999999732e-01 2.417476971034789202e+00
3.201999999999999846e-01 2.350992578331996263e+00
3.205999999999999961e-01 2.284409565189958968e+00
3.210999999999999965e-01 2.215983770983001477e+00
3.215000000000000080e-01 2.151062779784374879e+00
3.219000000000000195e-01 2.084272866460790574e+00
3.222999999999999754e-01 2.017414011714075084e+00
3.226999999999999869e-01 1.950502736165017570e+00
3.230999999999999983e-01 1.883533671017131095e+00
3.235999999999999988e-01 1.814696237833901549e+00
3.240000000000000102e-01 1.749408078677433753e+00
3.244000000000000217e-01 1.682262341084452828e+00
3.247999999999999776e-01 1.615066065535397888e+00
3.251999999999999891e-01 1.547808538343585782e+00
3.256000000000000005e-01 1.480512245459246312e+00
3.261000000000000010e-01 1.411348344249088171e+00
3.265000000000000124e-01 1.345752577207397938e+00
3.269000000000000239e-01 1.278303822279134083e+00
3.272999999999999798e-01 1.210801353664192170e+00
3.276999999999999913e-01 1.143257598735927250e+00
3.281000000000000028e-01 1.075663592164908700e+00
3.286000000000000032e-01 1.006205007745391455e+00
3.290000000000000147e-01 9.403345031107205321e-01
3.294000000000000261e-01 8.726011516495132403e-01
3.297999999999999821e-01 8.048206071224204283e-01
3.301999999999999935e-01 7.369946591282684478e-01
3.306000000000000050e-01 6.691245766450989452e-01
3.311000000000000054e-01 5.993773484680494645e-01
3.315000000000000169e-01 5.332393531018919663e-01
3.318999999999999728e-01 4.652311361297048475e-01
3.322999999999999843e-01 3.971729950696661904e-01
3.326999999999999957e-01 3.290707780974777563e-01
3.331000000000000072e-01 2.609264266362704698e-01
3.336000000000000076e-01 1.909013980961262735e-01
3.340000000000000191e-01 1.245015306479691497e-01
3.343999999999999750e-01 5.622604469774426794e-02
3.347999999999999865e-01 -1.209563431836992858e-02
3.351999999999999980e-01 -8.045738924663384251e-02
3.356000000000000094e-01 -1.488598751968600031e-01
3.361000000000000099e-01 -2.191418116913140257e-01
3.365000000000000213e-01 -2.857813850533877931e-01
3.368999999999999773e-01 -3.542968124267448227e-01
3.372999999999999887e-01 -4.228497018440289246e-01
3.377000000000000002e-01 -4.914353981954249218e-01
3.381000000000000116e-01 -5.600530945468209509e-01
3.386000000000000121e-01 -6.305476479010035940e-01
3.390000000000000235e-01 -6.973755631617639672e-01
3.393999999999999795e-01 -7.660760664472719972e-01
3.397999999999999909e-01 -8.347982421778769035e-01
3.402000000000000024e-01 -9.035396868865183118e-01
3.406000000000000139e-01 -9.722984005731974966e-01
3.411000000000000143e-01 -1.042920521772761289e+00
3.415000000000000258e-01 -1.109853307325763483e+00
3.418999999999999817e-01 -1.178642500391648751e+00
3.422999999999999932e-01 -1.247434231413612427e+00
3.427000000000000046e-01 -1.316221903858706632e+00
3.431000000000000161e-01 -1.385007172836744349e+00
3.436000000000000165e-01 -1.455629844546406648e+00
3.439999999999999725e-01 -1.522539804040252687e+00
3.443999999999999839e-01 -1.591278762798669311e+00
3.447999999999999954e-01 -1.659991394002178877e+00
3.452000000000000068e-01 -1.728675294183726230e+00
3.457000000000000073e-01 -1.799169616221939272e+00
3.461000000000000187e-01 -1.865929053305236174e+00
3.464999999999999747e-01 -1.934486643267159689e+00
3.468999999999999861e-01 -2.002991771185161252e+00
3.472999999999999976e-01 -2.071434378482369443e+00
3.477000000000000091e-01 -2.139809523735652697e+00
3.482000000000000095e-01 -2.209949273147223892e+00
3.486000000000000210e-01 -2.276333504022597154e+00
3.489999999999999769e-01 -2.344464742523313383e+00
3.493999999999999884e-01 -2.412501518980107562e+00
3.497999999999999998e-01 -2.480434640327089379e+00
3.502000000000000113e-01 -2.548254106564260102e+00
3.507000000000000117e-01 -2.617775688606004625e+00
3.511000000000000232e-01 -2.683527594329959687e+00
3.514999999999999791e-01 -2.750962288303581804e+00
3.518999999999999906e-01 -2.818252789211320053e+00
3.523000000000000020e-01 -2.885387038476302290e+00
3.527000000000000135e-01 -2.952357229164416452e+00
3.532000000000000139e-01 -3.020951596611745060e+00
3.536000000000000254e-01 -3.085770376233173184e+00
3.539999999999999813e-01 -3.152194198124795843e+00
3.543999999999999928e-01 -3.218419095928571672e+00
3.548000000000000043e-01 -3.284430145556648473e+00
3.552000000000000157e-01 -3.350219136607857529e+00
3.557000000000000162e-01 -3.417536300813049266e+00
3.561000000000000276e-01 -3.481091749913785005e+00
3.564999999999999836e-01 -3.546151851547709732e+00
3.568999999999999950e-01 -3.610950087670656394e+00
3.573000000000000065e-01 -3.675475072150846678e+00
3.577000000000000179e-01 -3.739713804988282320e+00
3.582000000000000184e-01 -3.805377383399080049e+00
3.585999999999999743e-01 -3.867296036355681199e+00
3.589999999999999858e-01 -3.930615072841721958e+00
3.593999999999999972e-01 -3.993608050750894201e+00
3.598000000000000087e-01 -4.056255852929462336e+00
3.602000000000000202e-01 -4.118554789597049570e+00
3.607000000000000206e-01 -4.182151040427226185e+00
3.610999999999999766e-01 -4.242046580449052584e+00
3.614999999999999880e-01 -4.303219031166414688e+00
3.618999999999999995e-01 -4.363991095752001392e+00
3.623000000000000109e-01 -4.424355101760720999e+00
3.627000000000000224e-01 -4.484297125104724557e+00
3.632000000000000228e-01 -4.545407379488701771e+00
3.635999999999999788e-01 -4.602871744419370081e+00
3.639999999999999902e-01 -4.661477474879034411e+00
3.644000000000000017e-01 -4.719616415739866788e+00
3.648000000000000131e-01 -4.777275239446964861e+00
3.652000000000000246e-01 -4.834444273555232208e+00
3.657000000000000250e-01 -4.892627197955101259e+00
3.660999999999999810e-01 -4.947254721332519978e+00
3.664999999999999925e-01 -5.002874403979580720e+00
3.669000000000000039e-01 -5.057955893560754035e+00
3.673000000000000154e-01 -5.112484534966228900e+00
3.677000000000000268e-01 -5.166455579838761025e+00
3.682000000000000273e-01 -5.221286344002121105e+00
3.685999999999999832e-01 -5.272661394034767746e+00
3.689999999999999947e-01 -5.324873818468054409e+00
3.694000000000000061e-01 -5.376484780857417434e+00
3.698000000000000176e-01 -5.427469508939307907e+00
3.701999999999999735e-01 -5.477829430087084006e+00
3.706999999999999740e-01 -5.528881247994622328e+00
3.710999999999999854e-01 -5.576614593366527650e+00
3.714999999999999969e-01 -5.625020028564078345e+00
3.719000000000000083e-01 -5.672747481096912736e+00
3.723000000000000198e-01 -5.719794933629747113e+00
3.728000000000000203e-01 -5.767391937980722361e+00
3.731999999999999762e-01 -5.811799083767151153e+00
3.735999999999999877e-01 -5.856730319327797751e+00
3.739999999999999991e-01 -5.900939420399425650e+00
3.744000000000000106e-01 -5.944418731872222139e+00
3.748000000000000220e-01 -5.987151464147359547e+00
3.753000000000000225e-01 -6.030253725458932124e+00
3.756999999999999784e-01 -6.070342752967028410e+00
3.760999999999999899e-01 -6.110788444000580633e+00
3.765000000000000013e-01 -6.150448421347453731e+00
3.769000000000000128e-01 -6.189323860738250360e+00
3.773000000000000242e-01 -6.227400586442368713e+00
3.778000000000000247e-01 -6.265662663585415793e+00
3.781999999999999806e-01 -6.301123055185887445e+00
3.785999999999999921e-01 -6.336753219027628781e+00
3.790000000000000036e-01 -6.371551113891332996e+00
3.794000000000000150e-01 -6.405514412222092169e+00
3.798000000000000265e-01 -6.438633189932059686e+00
3.803000000000000269e-01 -6.471760265208203577e+00
3.806999999999999829e-01 -6.502304300643353407e+00
3.810999999999999943e-01 -6.532845306089773985e+00
3.815000000000000058e-01 -6.562512849492270206e+00
3.819000000000000172e-01 -6.591302930850841513e+00
3.822999999999999732e-01 -6.619208953632544024e+00
3.827999999999999736e-01 -6.646944657043549753e+00
3.831999999999999851e-01 -6.672343882042216734e+00
3.835999999999999965e-01 -6.697560998071353744e+00
3.840000000000000080e-01 -6.721878769210302806e+00
3.844000000000000195e-01 -6.745282961151592538e+00
3.847999999999999754e-01 -6.767778077180729213e+00
3.852999999999999758e-01 -6.789926491209765658e+00
3.856999999999999873e-01 -6.810002074931533755e+00
3.860999999999999988e-01 -6.829732208295954621e+00
3.865000000000000102e-01 -6.848528955528601969e+00
3.869000000000000217e-01 -6.866395030316154724e+00
3.872999999999999776e-01 -6.883331105103707159e+00
3.877999999999999781e-01 -6.899755419825158498e+00
3.881999999999999895e-01 -6.914390272014096617e+00
3.886000000000000010e-01 -6.928509229647914047e+00
3.890000000000000124e-01 -6.941689380347616734e+00
3.894000000000000239e-01 -6.953930665536340427e+00
3.897999999999999798e-01 -6.965224295615251471e+00
3.902999999999999803e-01 -6.975853557051964415e+00
3.906999999999999917e-01 -6.984985076393867232e+00
3.911000000000000032e-01 -6.993450496071608846e+00
3.915000000000000147e-01 -7.000968991661501661e+00
3.919000000000000261e-01 -7.007548142361205379e+00
3.922999999999999821e-01 -7.013187562038947220e+00
3.927999999999999825e-01 -7.018007308146996692e+00
3.931999999999999940e-01 -7.021644266905411769e+00
3.936000000000000054e-01 -7.024473341692964112e+00
3.940000000000000169e-01 -7.026362895859724844e+00
3.943999999999999728e-01 -7.027324432691202105e+00
3.947999999999999843e-01 -7.027357372989737172e+00
3.952999999999999847e-01 -7.026432958221831448e+00
3.956999999999999962e-01 -7.024644774207597031e+00
3.961000000000000076e-01 -7.021912966148885715e+00
3.965000000000000191e-01 -7.018273813199985334e+00
3.968999999999999750e-01 -7.013719139630293142e+00
3.973999999999999755e-01 -7.008110358980253807e+00
3.977999999999999869e-01 -7.001906681908191210e+00
3.981999999999999984e-01 -6.994662377134988951e+00
3.986000000000000099e-01 -6.986526341339824420e+00
3.990000000000000213e-01 -6.977512153720358157e+00
3.993999999999999773e-01 -6.967620235078929802e+00
3.998999999999999777e-01 -6.956569054464204704e+00
4.002999999999999892e-01 -6.945244825169430314e+00
4.007000000000000006e-01 -6.932772813280568158e+00
4.011000000000000121e-01 -6.919454456501516582e+00
4.015000000000000235e-01 -6.905294561766389450e+00
4.018999999999999795e-01 -6.890314439294810356e+00
4.023999999999999799e-01 -6.874077852144380607e+00
4.027999999999999914e-01 -6.857891059862631700e+00
4.032000000000000028e-01 -6.840466130456938743e+00
4.036000000000000143e-01 -6.822252704336754903e+00
4.040000000000000258e-01 -6.803256009238532798e+00
4.043999999999999817e-01 -6.783482372717179132e+00
4.048999999999999821e-01 -6.762392359906003847e+00
4.052999999999999936e-01 -6.741656989091755037e+00
4.057000000000000051e-01 -6.719624510965721775e+00
4.061000000000000165e-01 -6.696861553460481176e+00
4.064999999999999725e-01 -6.673377385554070784e+00
4.068999999999999839e-01 -6.649191393378263371e+00
4.073999999999999844e-01 -6.623630058918040575e+00
4.077999999999999958e-01 -6.598734719246272640e+00
4.082000000000000073e-01 -6.572490768312049703e+00
4.086000000000000187e-01 -6.545585396575487103e+00
4.089999999999999747e-01 -6.518039200569529790e+00
4.093999999999999861e-01 -6.489855004563571228e+00
4.098999999999999866e-01 -6.460279341883282456e+00
4.102999999999999980e-01 -6.431643753611691494e+00
4.107000000000000095e-01 -6.401640698665771012e+00
4.111000000000000210e-01 -6.371060164340642373e+00
4.114999999999999769e-01 -6.339911419614344901e+00
4.118999999999999884e-01 -6.308212985107668480e+00
4.123999999999999888e-01 -6.275113411430137234e+00
4.128000000000000003e-01 -6.243228467555523409e+00
4.132000000000000117e-01 -6.209962191444168944e+00
4.136000000000000232e-01 -6.176209149640285112e+00
4.139999999999999791e-01 -6.141974838858364372e+00
4.143999999999999906e-01 -6.107277703807045377e+00
4.148999999999999910e-01 -6.071191103180280102e+00
4.153000000000000025e-01 -6.036571036808371815e+00
4.157000000000000139e-01 -6.000581791174336210e+00
4.161000000000000254e-01 -5.964194779847772132e+00
4.164999999999999813e-01 -5.927429347718869757e+00
4.168999999999999928e-01 -5.890293974166833202e+00
4.173999999999999932e-01 -5.851793759032397624e+00
4.178000000000000047e-01 -5.814980695677705924e+00
4.182000000000000162e-01 -5.776837597674727043e+00
4.186000000000000276e-01 -5.738395406424313450e+00
4.189999999999999836e-01 -5.699660677217825544e+00
4.193999999999999950e-01 -5.660662509873713333e+00
4.198999999999999955e-01 -5.620350258841250835e+00
4.203000000000000069e-01 -5.581911947449037292e+00
4.207000000000000184e-01 -5.542198862588095132e+00
4.210999999999999743e-01 -5.502286356924813937e+00
4.214999999999999858e-01 -5.462181178816436500e+00
4.219999999999999862e-01 -5.420822603194856093e+00
4.223999999999999977e-01 -5.381473618769533118e+00
4.228000000000000091e-01 -5.340907102341986068e+00
4.232000000000000206e-01 -5.300216644491308138e+00
4.235999999999999766e-01 -5.259417900327309603e+00
4.239999999999999880e-01 -5.218534793937837257e+00
4.244999999999999885e-01 -5.176473012082618119e+00
4.248999999999999999e-01 -5.136562605065197573e+00
4.253000000000000114e-01 -5.095503791560065388e+00
4.257000000000000228e-01 -5.054421481340442668e+00
4.260999999999999788e-01 -5.013332153785538203e+00
4.264999999999999902e-01 -4.972250808895348761e+00
4.269999999999999907e-01 -4.930084587700761745e+00
4.274000000000000021e-01 -4.890166336087158783e+00
4.278000000000000136e-01 -4.849198670213082707e+00
4.282000000000000250e-01 -4.808294928426856352e+00
4.285999999999999810e-01 -4.767476958904177664e+00
4.289999999999999925e-01 -4.726754047958364957e+00
4.294999999999999929e-01 -4.685057019829665492e+00
4.299000000000000044e-01 -4.645669694681683559e+00
4.303000000000000158e-01 -4.605328866219041473e+00
4.307000000000000273e-01 -4.565147078997983776e+00
4.310999999999999832e-01 -4.525132484842814051e+00
4.314999999999999947e-01 -4.485299738863340657e+00
4.319999999999999951e-01 -4.444598580438868574e+00
4.324000000000000066e-01 -4.406236732854621252e+00
4.328000000000000180e-01 -4.367032472825374434e+00
4.331999999999999740e-01 -4.328063598927902156e+00
4.335999999999999854e-01 -4.289343842184163869e+00
4.339999999999999969e-01 -4.250879412995331563e+00
4.344999999999999973e-01 -4.211658465585758293e+00
4.349000000000000088e-01 -4.174774368122800006e+00
4.353000000000000203e-01 -4.137155962840269652e+00
4.356999999999999762e-01 -4.099840943689513573e+00
4.360999999999999877e-01 -4.062839579648568566e+00
4.364999999999999991e-01 -4.026165332761357796e+00
4.369999999999999996e-01 -3.988849915560813919e+00
4.374000000000000110e-01 -3.953826418184599678e+00
4.378000000000000225e-01 -3.918179674582899175e+00
4.381999999999999784e-01 -3.882896586091010960e+00
4.385999999999999899e-01 -3.847983690665008005e+00
4.390000000000000013e-01 -3.813446988304892482e+00
4.395000000000000018e-01 -3.778379645252455621e+00
4.399000000000000132e-01 -3.745538086870170424e+00
4.403000000000000247e-01 -3.712176560240658674e+00
4.406999999999999806e-01 -3.679225150764883434e+00
4.410999999999999921e-01 -3.646682279245182290e+00
4.415000000000000036e-01 -3.614560390390198386e+00
4.420000000000000040e-01 -3.582005939184246923e+00
4.424000000000000155e-01 -3.551584074724155382e+00
4.428000000000000269e-01 -3.520744706489963960e+00
4.431999999999999829e-01 -3.490341069277735464e+00
4.435999999999999943e-01 -3.460377759620411275e+00
4.440000000000000058e-01 -3.430856315474068996e+00
4.445000000000000062e-01 -3.400999866697321128e+00
4.449000000000000177e-01 -3.373155544335120215e+00
4.452999999999999736e-01 -3.344979293254664920e+00
4.456999999999999851e-01 -3.317255369729114278e+00
4.460999999999999965e-01 -3.289985311714545446e+00
4.465999999999999970e-01 -3.262451387777551393e+00
4.470000000000000084e-01 -3.236806599152464603e+00
4.474000000000000199e-01 -3.210899868692801196e+00
4.477999999999999758e-01 -3.185445214145289583e+00
4.481999999999999873e-01 -3.160445021641701491e+00
4.485999999999999988e-01 -3.135894636072226849e+00
4.490999999999999992e-01 -3.111148385219772106e+00
4.495000000000000107e-01 -3.088141999422296724e+00
4.499000000000000221e-01 -3.064935882830860159e+00
4.502999999999999781e-01 -3.042168976640593492e+00
4.506999999999999895e-01 -3.019842666983269641e+00
4.511000000000000010e-01 -2.997950433238097290e+00
4.516000000000000014e-01 -2.975913774776770104e+00
4.520000000000000129e-01 -2.955453445126960066e+00
4.524000000000000243e-01 -2.934843152804919253e+00
4.527999999999999803e-01 -2.914645877818162756e+00
4.531999999999999917e-01 -2.894861333853367302e+00
4.536000000000000032e-01 -2.875482000289741880e+00
4.541000000000000036e-01 -2.855990594110614289e+00
4.545000000000000151e-01 -2.837908291920907100e+00
4.549000000000000266e-01 -2.819703379159621548e+00
4.552999999999999825e-01 -2.801874945777544479e+00
4.556999999999999940e-01 -2.784417184840560555e+00
4.561000000000000054e-01 -2.767323365326709084e+00
4.566000000000000059e-01 -2.750130450518512681e+00
4.570000000000000173e-01 -2.734182895458591833e+00
4.573999999999999733e-01 -2.718121976126288253e+00
4.577999999999999847e-01 -2.702392460261040519e+00
4.581999999999999962e-01 -2.686977499687151827e+00
4.586000000000000076e-01 -2.671871942580319903e+00
4.591000000000000081e-01 -2.656666014655801433e+00
4.595000000000000195e-01 -2.642545266504277901e+00
4.598999999999999755e-01 -2.628306013046050271e+00
4.602999999999999869e-01 -2.614334238967029655e+00
4.606999999999999984e-01 -2.600618078756235185e+00
4.611000000000000099e-01 -2.587149859968573384e+00
4.616000000000000103e-01 -2.573562311630525734e+00
4.620000000000000218e-01 -2.560908532975966878e+00
4.623999999999999777e-01 -2.548112155792984890e+00
4.627999999999999892e-01 -2.535515526967247801e+00
4.632000000000000006e-01 -2.523111705075623767e+00
4.636000000000000121e-01 -2.510883438475358442e+00
4.641000000000000125e-01 -2.498500075456150160e+00
4.645000000000000240e-01 -2.486915805456375583e+00
4.648999999999999799e-01 -2.475151573526676696e+00
4.652999999999999914e-01 -2.463520820976184744e+00
4.657000000000000028e-01 -2.452004758206070889e+00
4.661000000000000143e-01 -2.440596367881051609e+00
4.666000000000000147e-01 -2.428977103504267099e+00
4.670000000000000262e-01 -2.418049101280786317e+00
4.673999999999999821e-01 -2.406888687049465236e+00
4.677999999999999936e-01 -2.395783559131464902e+00
4.682000000000000051e-01 -2.384726238147577781e+00
4.686000000000000165e-01 -2.373702068987992853e+00
4.691000000000000170e-01 -2.362406180592446781e+00
4.694999999999999729e-01 -2.351713630850370329e+00
4.698999999999999844e-01 -2.340719706762520946e+00
4.702999999999999958e-01 -2.329715186141728456e+00
4.707000000000000073e-01 -2.318688413878181365e+00
4.712000000000000077e-01 -2.307326034751148836e+00
4.716000000000000192e-01 -2.296511383400861028e+00
4.719999999999999751e-01 -2.285344780296899359e+00
4.723999999999999866e-01 -2.274108463506258282e+00
4.727999999999999980e-01 -2.262792357116786945e+00
4.732000000000000095e-01 -2.251386595617504760e+00
4.737000000000000099e-01 -2.239573128024298754e+00
4.741000000000000214e-01 -2.228266376267543425e+00
4.744999999999999774e-01 -2.216532245971770898e+00
4.748999999999999888e-01 -2.204668864033243469e+00
4.753000000000000003e-01 -2.192665826984904420e+00
4.757000000000000117e-01 -2.180515731359697895e+00
4.762000000000000122e-01 -2.167878276908528967e+00
4.766000000000000236e-01 -2.155738305801813137e+00
4.769999999999999796e-01 -2.143096303424040894e+00
4.773999999999999910e-01 -2.130271183892532338e+00
4.778000000000000025e-01 -2.117259333339061467e+00
4.782000000000000139e-01 -2.104051827675780029e+00
4.787000000000000144e-01 -2.090281595566074291e+00
4.791000000000000258e-01 -2.077025237151556070e+00
4.794999999999999818e-01 -2.063193152290614396e+00
4.798999999999999932e-01 -2.049140874363785336e+00
4.803000000000000047e-01 -2.034861537860088276e+00
4.807000000000000162e-01 -2.020354201356391766e+00
4.812000000000000166e-01 -2.005210982976737277e+00
4.815999999999999726e-01 -1.990625352618395016e+00
4.819999999999999840e-01 -1.975396571406056623e+00
4.823999999999999955e-01 -1.959921655704699672e+00
4.828000000000000069e-01 -1.944196412448436995e+00
4.832000000000000184e-01 -1.928221034703155423e+00
4.837000000000000188e-01 -1.911551186296020166e+00
4.840999999999999748e-01 -1.895498431036894971e+00
4.844999999999999862e-01 -1.878752725736707374e+00
4.848999999999999977e-01 -1.861748558392595898e+00
4.853000000000000091e-01 -1.844482794515540869e+00
4.857000000000000206e-01 -1.826958492682410506e+00
4.862000000000000210e-01 -1.808694275453069489e+00
4.865999999999999770e-01 -1.791131157994187539e+00
4.869999999999999885e-01 -1.772830856161056845e+00
4.873999999999999999e-01 -1.754274285349888496e+00
4.878000000000000114e-01 -1.735463445560682549e+00
4.882000000000000228e-01 -1.716403798837363270e+00
4.887000000000000233e-01 -1.696572352056095800e+00
4.890999999999999792e-01 -1.677537370901706515e+00
4.894999999999999907e-01 -1.657739917244273498e+00
4.899000000000000021e-01 -1.637704791141746608e+00
4.903000000000000136e-01 -1.617434396061182111e+00
4.907000000000000250e-01 -1.596939387112391140e+00
4.912000000000000255e-01 -1.575662410122095292e+00
4.915999999999999814e-01 -1.555281965747752793e+00
4.919999999999999929e-01 -1.534133939463678153e+00
4.924000000000000044e-01 -1.512781375223528402e+00
4.928000000000000158e-01 -1.491228273027303208e+00
4.932000000000000273e-01 -1.469483825940889332e+00
4.937000000000000277e-01 -1.446965842353859610e+00
4.940999999999999837e-01 -1.425453704031608870e+00
4.944999999999999951e-01 -1.403182298186779420e+00
4.949000000000000066e-01 -1.380753278473723755e+00
4.953000000000000180e-01 -1.358173451826554912e+00
4.958000000000000185e-01 -1.334838839413788003e+00
4.961999999999999744e-01 -1.312596032839689064e+00
4.965999999999999859e-01 -1.289618440499991303e+00
4.969999999999999973e-01 -1.266529234292067541e+00
4.974000000000000088e-01 -1.243336952171992582e+00
4.978000000000000203e-01 -1.220053921694672194e+00
4.983000000000000207e-01 -1.196058267426591160e+00
4.986999999999999766e-01 -1.173251960558485019e+00
4.990999999999999881e-01 -1.149754298877654790e+00
4.994999999999999996e-01 -1.126209350883504268e+00
4.999000000000000110e-01 -1.102628923510145853e+00
5.002999999999999670e-01 -1.079022285735615316e+00
5.008000000000000229e-01 -1.054767412091857537e+00
5.011999999999999789e-01 -1.031780899603841339e+00
5.016000000000000458e-01 -1.008169285735613929e+00
5.020000000000000018e-01 -9.845791924881808210e-01
5.023999999999999577e-01 -9.610242163944824334e-01
5.028000000000000247e-01 -9.375148954105945176e-01
5.032999999999999696e-01 -9.134359380819250251e-01
5.037000000000000366e-01 -8.906887393930464913e-01
5.040999999999999925e-01 -8.673934423154618933e-01
5.044999999999999485e-01 -8.441933968806312194e-01
5.049000000000000155e-01 -8.211033341105163919e-01
5.052999999999999714e-01 -7.981330609392335296e-01
5.058000000000000274e-01 -7.746803391197781830e-01
5.061999999999999833e-01 -7.526021350359111128e-01
5.066000000000000503e-01 -7.300660202599469351e-01
5.070000000000000062e-01 -7.076998881487014392e-01
5.073999999999999622e-01 -6.855152766582475188e-01
5.078000000000000291e-01 -6.635223202776041607e-01
5.082999999999999741e-01 -6.411491848405583838e-01
5.087000000000000410e-01 -6.201622969336014757e-01
5.090999999999999970e-01 -5.988166334372990729e-01
5.094999999999999529e-01 -5.777119526057127308e-01
5.099000000000000199e-01 -5.568554648400122487e-01
5.102999999999999758e-01 -5.362592287170681038e-01
5.108000000000000318e-01 -5.153888105719319768e-01
5.111999999999999877e-01 -4.958897218006118601e-01
5.116000000000000547e-01 -4.761363165180810819e-01
5.120000000000000107e-01 -4.566828353234007043e-01
5.123999999999999666e-01 -4.375407402604931661e-01
5.128000000000000336e-01 -4.187177037744528318e-01
5.132999999999999785e-01 -3.997270579185800421e-01
5.137000000000000455e-01 -3.820649995988638636e-01
5.141000000000000014e-01 -3.642514663983341672e-01
5.144999999999999574e-01 -3.467891262636905170e-01
5.149000000000000243e-01 -3.296883067498386222e-01
5.152999999999999803e-01 -3.129539492799124911e-01
5.158000000000000362e-01 -2.961557051270523044e-01
5.161999999999999922e-01 -2.806142755816437573e-01
5.165999999999999481e-01 -2.650184973093772656e-01
5.170000000000000151e-01 -2.498155086359403476e-01
5.173999999999999710e-01 -2.350082509844668155e-01
5.178000000000000380e-01 -2.206004553769166932e-01
5.182999999999999829e-01 -2.062235746769884026e-01
5.187000000000000499e-01 -1.930048468265344042e-01
5.191000000000000059e-01 -1.798233028617399754e-01
5.194999999999999618e-01 -1.670564899189072583e-01
5.199000000000000288e-01 -1.547046769760740959e-01
5.203999999999999737e-01 -1.424536456793028816e-01
5.208000000000000407e-01 -1.312598406892388492e-01
5.211999999999999966e-01 -1.201672208122933350e-01
5.215999999999999526e-01 -1.094964664463285164e-01
5.220000000000000195e-01 -9.924684656938217997e-02
5.223999999999999755e-01 -8.941649567047435521e-02
5.229000000000000314e-01 -7.975173099968289880e-02
5.232999999999999874e-01 -7.101079387265794851e-02
5.237000000000000544e-01 -6.243051888590042675e-02
5.241000000000000103e-01 -5.426297492110578741e-02
5.244999999999999662e-01 -4.650583442336745504e-02
5.249000000000000332e-01 -3.915436637072321896e-02
5.253999999999999782e-01 -3.201716420175421129e-02
5.258000000000000451e-01 -2.564917862268067950e-02
5.262000000000000011e-01 -1.948672790532006774e-02
5.265999999999999570e-01 -1.371081514403470897e-02
5.270000000000000240e-01 -8.314843805881266814e-03
5.273999999999999799e-01 -3.291813890860344032e-03
5.279000000000000359e-01 1.488327272038139203e-03
5.282999999999999918e-01 5.661556158804423484e-03
5.286999999999999478e-01 9.608492826391446320e-03
5.291000000000000147e-01 1.321248807084648286e-02
5.294999999999999707e-01 1.648313842511251598e-02
5.299000000000000377e-01 1.942784735624666914e-02
5.303999999999999826e-01 2.212844634410819633e-02
5.308000000000000496e-01 2.438642361383527510e-02
5.312000000000000055e-01 2.641809787440301677e-02
5.315999999999999615e-01 2.816602377772547960e-02
5.320000000000000284e-01 2.964233581282151031e-02
5.323999999999999844e-01 3.085730295772869114e-02
5.329000000000000403e-01 3.185040221388227982e-02
5.332999999999999963e-01 3.255426115384483371e-02
5.336999999999999522e-01 3.306171424897823979e-02
5.341000000000000192e-01 3.335709143196065318e-02
5.344999999999999751e-01 3.345358576867882294e-02
5.349000000000000421e-01 3.336692828109500547e-02
5.353999999999999870e-01 3.310123313144287815e-02
5.358000000000000540e-01 3.269363721222903751e-02
5.362000000000000099e-01 3.213646567487141170e-02
5.365999999999999659e-01 3.145141129124954388e-02
5.370000000000000329e-01 3.065160855038227133e-02
5.373999999999999888e-01 2.975265398521307822e-02
5.379000000000000448e-01 2.874383807659347187e-02
5.383000000000000007e-01 2.771955836000642923e-02
5.386999999999999567e-01 2.661195525604449774e-02
5.391000000000000236e-01 2.546579686072391810e-02
5.394999999999999796e-01 2.429662113012031471e-02
5.399000000000000465e-01 2.311942806423351177e-02
5.403999999999999915e-01 2.191598931288115185e-02
5.407999999999999474e-01 2.079812441562959094e-02
5.412000000000000144e-01 1.968587934389346220e-02
5.415999999999999703e-01 1.862734795883656119e-02
5.420000000000000373e-01 1.763520270555309424e-02
5.423999999999999932e-01 1.672663664992996707e-02
5.429000000000000492e-01 1.589564260721893635e-02
5.433000000000000052e-01 1.521972151087206022e-02
5.436999999999999611e-01 1.465023793841844189e-02
5.441000000000000281e-01 1.422287151970057228e-02
5.444999999999999840e-01 1.395248776569962303e-02
5.450000000000000400e-01 1.385206934113243811e-02
5.453999999999999959e-01 1.394007171890498768e-02
5.457999999999999519e-01 1.422503942611131646e-02
5.462000000000000188e-01 1.472312428705342853e-02
5.465999999999999748e-01 1.544659527976901224e-02
5.470000000000000417e-01 1.640831791523929273e-02
5.474999999999999867e-01 1.765572616355621030e-02
5.479000000000000536e-01 1.909951811444371428e-02
5.483000000000000096e-01 2.085053363425330708e-02
5.486999999999999655e-01 2.289039732976097877e-02
5.491000000000000325e-01 2.522818511311774453e-02
5.494999999999999885e-01 2.787362800628559456e-02
5.500000000000000444e-01 3.091936562498170601e-02
5.504000000000000004e-01 3.413207565499862955e-02
5.507999999999999563e-01 3.776261836661921889e-02
5.512000000000000233e-01 4.174327823197572507e-02
5.515999999999999792e-01 4.608718974008656905e-02
5.520000000000000462e-01 5.077619449563184478e-02
5.524999999999999911e-01 5.596249998542432436e-02
5.528999999999999471e-01 6.128083101698544866e-02
5.533000000000000140e-01 6.710601150313441621e-02
5.536999999999999700e-01 7.333313998343360396e-02
5.541000000000000369e-01 7.994057211233723814e-02
5.544999999999999929e-01 8.695689365852316000e-02
5.550000000000000488e-01 9.456358471779041652e-02
5.554000000000000048e-01 1.021767059104805864e-01
5.557999999999999607e-01 1.104014309237233843e-01
5.562000000000000277e-01 1.190371559369664822e-01
5.565999999999999837e-01 1.280795533953033305e-01
5.570000000000000506e-01 1.375340094305087246e-01
5.574999999999999956e-01 1.476674799637858471e-01
5.578999999999999515e-01 1.576774594569939347e-01
5.583000000000000185e-01 1.683617224263126433e-01
5.586999999999999744e-01 1.794529853956305376e-01
5.591000000000000414e-01 1.909477863210247428e-01
5.594999999999999973e-01 2.028412596915124544e-01
5.600000000000000533e-01 2.154630016320309982e-01
5.604000000000000092e-01 2.278124168336586319e-01
5.607999999999999652e-01 2.408770420284487568e-01
5.612000000000000322e-01 2.543202051793149177e-01
5.615999999999999881e-01 2.681353097533121788e-01
5.620000000000000551e-01 2.823144902394614242e-01
5.625000000000000000e-01 2.972411049014236362e-01
5.628999999999999559e-01 3.117268858823246114e-01
5.633000000000000229e-01 3.269451596159080320e-01
5.636999999999999789e-01 3.424835265969244369e-01
5.641000000000000458e-01 3.583380280669608009e-01
5.645000000000000018e-01 3.744955468722791503e-01
5.649999999999999467e-01 3.913826815927351488e-01
5.654000000000000137e-01 4.076619640436726089e-01
5.657999999999999696e-01 4.246452658768024579e-01
5.662000000000000366e-01 4.418805091330657575e-01
5.665999999999999925e-01 4.593451146147995989e-01
5.669999999999999485e-01 4.770227374318171676e-01
5.675000000000000044e-01 4.953897185639286604e-01
5.678999999999999604e-01 5.129714971156261738e-01
5.683000000000000274e-01 5.312047684714371609e-01
5.686999999999999833e-01 5.495819400087941231e-01
5.691000000000000503e-01 5.680861288814355037e-01
5.695999999999999952e-01 5.872034680714869337e-01
5.699999999999999512e-01 6.054095000556978245e-01
5.704000000000000181e-01 6.241890858243773765e-01
5.707999999999999741e-01 6.430135717746027213e-01
5.712000000000000410e-01 6.618678060820750719e-01
5.715999999999999970e-01 6.807301336369798728e-01
5.721000000000000529e-01 7.000764118723921126e-01
5.725000000000000089e-01 7.183789340000746870e-01
5.728999999999999648e-01 7.371233482313959140e-01
5.733000000000000318e-01 7.557856453089819571e-01
5.736999999999999877e-01 7.743414391010574604e-01
5.741000000000000547e-01 7.927681916515494365e-01
5.745999999999999996e-01 8.115286755068699120e-01
5.749999999999999556e-01 8.291257248520791379e-01
5.754000000000000226e-01 8.470112951009489688e-01
5.757999999999999785e-01 8.646728241082327626e-01
5.762000000000000455e-01 8.820761947201971598e-01
5.766000000000000014e-01 8.992044481784247090e-01
5.770999999999999464e-01 9.164794042282053965e-01
5.775000000000000133e-01 9.325235211505046307e-01
5.778999999999999693e-01 9.486689957741665236e-01
5.783000000000000362e-01 9.644268499585846310e-01
5.786999999999999922e-01 9.797839145441713526e-01
5.790999999999999481e-01 9.947138793113060595e-01
5.796000000000000041e-01 1.009579857451915252e+00
5.799999999999999600e-01 1.023182374901198566e+00
5.804000000000000270e-01 1.036676215943579393e+00
5.807999999999999829e-01 1.049629781436902887e+00
5.812000000000000499e-01 1.062039808974152066e+00
5.816000000000000059e-01 1.073862695451362814e+00
5.820999999999999508e-01 1.085379864228655400e+00
5.825000000000000178e-01 1.095671058367710282e+00
5.828999999999999737e-01 1.105613610718996664e+00
5.833000000000000407e-01 1.114879197740850314e+00
5.836999999999999966e-01 1.123445609032099446e+00
5.840999999999999526e-01 1.131299634191575754e+00
5.846000000000000085e-01 1.138590753903090613e+00
5.849999999999999645e-01 1.144737864434377306e+00
5.854000000000000314e-01 1.150286110759288105e+00
5.857999999999999874e-01 1.155016660732802070e+00
5.862000000000000544e-01 1.158927807239260144e+00
5.866000000000000103e-01 1.161990526372359556e+00
5.870999999999999552e-01 1.164233393775959691e+00
5.875000000000000222e-01 1.165481630512634315e+00
5.878999999999999782e-01 1.165872956942941796e+00
5.883000000000000451e-01 1.165344686840305899e+00
5.887000000000000011e-01 1.163873913452160735e+00
5.890999999999999570e-01 1.161443291888317519e+00
5.896000000000000130e-01 1.157945227354160389e+00
5.899999999999999689e-01 1.153645100766480303e+00
5.904000000000000359e-01 1.148246262230448567e+00
5.907999999999999918e-01 1.141830306540681184e+00
5.911999999999999478e-01 1.134380637164234651e+00
5.916000000000000147e-01 1.125884581656014127e+00
5.920999999999999597e-01 1.116084482962160118e+00
5.925000000000000266e-01 1.105730967354064953e+00
5.928999999999999826e-01 1.094045005093279288e+00
5.933000000000000496e-01 1.081276791189738073e+00
5.937000000000000055e-01 1.067418518709330133e+00
5.941999999999999504e-01 1.052048918442578973e+00
5.946000000000000174e-01 1.036389604952022259e+00
5.949999999999999734e-01 1.019209694697086332e+00
5.954000000000000403e-01 1.000916380975092279e+00
5.957999999999999963e-01 9.815031431652506688e-01
5.961999999999999522e-01 9.609723673993330051e-01
5.967000000000000082e-01 9.387284568100977555e-01
5.970999999999999641e-01 9.165306401368937816e-01
5.975000000000000311e-01 8.926252678380317551e-01
5.978999999999999870e-01 8.675990300281903878e-01
5.983000000000000540e-01 8.414422715975548028e-01
5.987000000000000099e-01 8.141734199194869959e-01
5.991999999999999549e-01 7.850211153228553451e-01
5.996000000000000218e-01 7.562911959425560049e-01
5.999999999999999778e-01 7.256895373303751118e-01
6.004000000000000448e-01 6.939857442291731404e-01
6.008000000000000007e-01 6.611920682817091777e-01
6.011999999999999567e-01 6.273164509111119891e-01
6.017000000000000126e-01 5.914228061026901573e-01
6.020999999999999686e-01 5.563535849664078548e-01
6.025000000000000355e-01 5.192879329252430010e-01
6.028999999999999915e-01 4.811825325268356823e-01
6.032999999999999474e-01 4.420486527492192841e-01
6.037000000000000144e-01 4.018981591033748413e-01
6.041999999999999593e-01 3.596360109065852018e-01
6.046000000000000263e-01 3.186114473607453146e-01
6.049999999999999822e-01 2.755066327310168872e-01
6.054000000000000492e-01 2.314493972989455361e-01
6.058000000000000052e-01 1.864551445315943412e-01
6.061999999999999611e-01 1.405432019838640523e-01
6.067000000000000171e-01 9.247482535974349549e-02
6.070999999999999730e-01 4.604591999236537503e-02
6.075000000000000400e-01 -2.498033319631304261e-03
6.078999999999999959e-01 -5.188133152181308161e-02
6.082999999999999519e-01 -1.020818574604496487e-01
6.087000000000000188e-01 -1.530764766465222415e-01
6.091999999999999638e-01 -2.062382436728049939e-01
6.096000000000000307e-01 -2.573578602719470698e-01
6.099999999999999867e-01 -3.105994902222803944e-01
6.104000000000000536e-01 -3.645400203541649398e-01
6.108000000000000096e-01 -4.191573747554418472e-01
6.111999999999999655e-01 -4.744296879151360113e-01
6.117000000000000215e-01 -5.318329361875335781e-01
6.120999999999999774e-01 -5.868266113121096694e-01
6.125000000000000444e-01 -6.439016835933158989e-01
6.129000000000000004e-01 -7.015271180999897993e-01
6.132999999999999563e-01 -7.596744527882129949e-01
6.137000000000000233e-01 -8.183207462348537353e-01
6.141999999999999682e-01 -8.790297518904298668e-01
6.146000000000000352e-01 -9.369987646947350868e-01
6.149999999999999911e-01 -9.969762207299378565e-01
6.153999999999999471e-01 -1.057345038990614716e+00
6.158000000000000140e-01 -1.118078488454803399e+00
6.161999999999999700e-01 -1.179151300144459569e+00
6.167000000000000259e-01 -1.242186317203748835e+00
6.170999999999999819e-01 -1.302203086112342811e+00
6.175000000000000488e-01 -1.364129925901551132e+00
6.179000000000000048e-01 -1.426292589960151291e+00
6.182999999999999607e-01 -1.488662288689319935e+00
6.188000000000000167e-01 -1.552897372123954511e+00
6.191999999999999726e-01 -1.613926100378978212e+00
6.196000000000000396e-01 -1.676769885784564540e+00
6.199999999999999956e-01 -1.739726091992485957e+00
6.203999999999999515e-01 -1.802768063892938422e+00
6.208000000000000185e-01 -1.865872129040827332e+00
6.212999999999999634e-01 -1.930719184401625599e+00
6.217000000000000304e-01 -1.992185732144789334e+00
6.220999999999999863e-01 -2.055353597655767750e+00
6.225000000000000533e-01 -2.118497363348298634e+00
6.229000000000000092e-01 -2.181603608420032536e+00
6.232999999999999652e-01 -2.244650081228221516e+00
6.238000000000000211e-01 -2.309313164688571618e+00
6.241999999999999771e-01 -2.370496482317505649e+00
6.246000000000000441e-01 -2.433263545087621882e+00
6.250000000000000000e-01 -2.495906490703997616e+00
6.253999999999999559e-01 -2.558409588144677560e+00
6.258000000000000229e-01 -2.620762895986529895e+00
6.262999999999999678e-01 -2.684627946566068513e+00
6.267000000000000348e-01 -2.744974353274909795e+00
6.270999999999999908e-01 -2.806810099254379853e+00
6.274999999999999467e-01 -2.868455786656984863e+00
6.279000000000000137e-01 -2.929902684460761630e+00
6.282999999999999696e-01 -2.991146985731591101e+00
6.288000000000000256e-01 -3.053826752375584874e+00
6.291999999999999815e-01 -3.113012336630499366e+00
6.296000000000000485e-01 -3.173625982791521416e+00
6.300000000000000044e-01 -3.234029225485482772e+00
6.303999999999999604e-01 -3.294219006135521877e+00
6.308000000000000274e-01 -3.354203441895374560e+00
6.312999999999999723e-01 -3.415591994532963138e+00
6.317000000000000393e-01 -3.473564775458999776e+00
6.320999999999999952e-01 -3.532953328372583357e+00
6.324999999999999512e-01 -3.592164863950886300e+00
6.329000000000000181e-01 -3.651199668507229212e+00
6.332999999999999741e-01 -3.710077379816133725e+00
6.338000000000000300e-01 -3.770389889396667638e+00
6.341999999999999860e-01 -3.827412960829267519e+00
6.346000000000000529e-01 -3.885901889110364493e+00
6.350000000000000089e-01 -3.944297127611079645e+00
6.353999999999999648e-01 -4.002615214287494894e+00
6.358000000000000318e-01 -4.060886862826290411e+00
6.362999999999999767e-01 -4.120695995223838004e+00
6.367000000000000437e-01 -4.177365897496856384e+00
6.370999999999999996e-01 -4.235633921403156421e+00
6.374999999999999556e-01 -4.293951062463193580e+00
6.379000000000000226e-01 -4.352359017028365251e+00
6.382999999999999785e-01 -4.410879550791191761e+00
6.388000000000000345e-01 -4.471134610856108971e+00
6.391999999999999904e-01 -4.528419076167529589e+00
6.395999999999999464e-01 -4.587511471248093997e+00
6.400000000000000133e-01 -4.646870890234962914e+00
6.403999999999999693e-01 -4.706532602106165974e+00
6.408000000000000362e-01 -4.766550648103298649e+00
6.412999999999999812e-01 -4.828586712361458311e+00
6.417000000000000481e-01 -4.887815466926274333e+00
6.421000000000000041e-01 -4.949159894861929310e+00
6.424999999999999600e-01 -5.011047791412529762e+00
6.429000000000000270e-01 -5.073528232490226664e+00
6.433999999999999719e-01 -5.138352944111149512e+00
6.438000000000000389e-01 -5.200476596402595852e+00
6.441999999999999948e-01 -5.265056846792173673e+00
6.445999999999999508e-01 -5.330453027840621694e+00
6.450000000000000178e-01 -5.396726005058920528e+00
6.453999999999999737e-01 -5.463934181914120281e+00
6.459000000000000297e-01 -5.533979001177692147e+00
6.462999999999999856e-01 -5.601407982710937539e+00
6.467000000000000526e-01 -5.671806530740405528e+00
6.471000000000000085e-01 -5.743403202494620885e+00
6.474999999999999645e-01 -5.816263132462613505e+00
6.479000000000000314e-01 -5.890458244732230675e+00
6.483999999999999764e-01 -5.968093984581277489e+00
6.488000000000000433e-01 -6.043130361066515910e+00
6.491999999999999993e-01 -6.121752961664125081e+00
6.495999999999999552e-01 -6.202006130695134622e+00
6.500000000000000222e-01 -6.283958423450901165e+00
6.503999999999999782e-01 -6.367693150151038317e+00
6.509000000000000341e-01 -6.455590477687103146e+00
6.512999999999999901e-01 -6.540804881478146982e+00
6.516999999999999460e-01 -6.630339079171002403e+00
6.521000000000000130e-01 -6.721973038363143971e+00
6.524999999999999689e-01 -6.815787372922788023e+00
6.529000000000000359e-01 -6.911861948360928487e+00
6.533999999999999808e-01 -7.012928842106902927e+00
6.538000000000000478e-01 -7.111116476982484613e+00
6.542000000000000037e-01 -7.214467833632956406e+00
6.545999999999999597e-01 -7.320414220760752322e+00
6.550000000000000266e-01 -7.429048965920777015e+00
6.553999999999999826e-01 -7.540447027871435282e+00
6.559000000000000385e-01 -7.657781173465892266e+00
6.562999999999999945e-01 -7.771884377693739410e+00
6.566999999999999504e-01 -7.892104589653230917e+00
6.571000000000000174e-01 -8.015436714936312157e+00
6.574999999999999734e-01 -8.141966139674739367e+00
6.579000000000000403e-01 -8.271789384489327546e+00
6.583999999999999853e-01 -8.408580326510778136e+00
6.588000000000000522e-01 -8.541645789819853007e+00
6.592000000000000082e-01 -8.681850681357749622e+00
6.595999999999999641e-01 -8.825691930927879625e+00
6.600000000000000311e-01 -8.973260941997297735e+00
6.603999999999999870e-01 -9.124630538835381444e+00
6.609000000000000430e-01 -9.284092503869979751e+00
6.612999999999999989e-01 -9.439145479053333787e+00
6.616999999999999549e-01 -9.602459225900251027e+00
6.621000000000000218e-01 -9.769913230960950656e+00
6.624999999999999778e-01 -9.941598459564842116e+00
6.629000000000000448e-01 -1.011760731517901135e+01
6.633999999999999897e-01 -1.030287495838798151e+01
6.637999999999999456e-01 -1.048288903535611993e+01
6.642000000000000126e-01 -1.067231497583123101e+01
6.645999999999999686e-01 -1.086638279495934789e+01
6.650000000000000355e-01 -1.106516027576830830e+01
6.653999999999999915e-01 -1.126873538358751681e+01
6.659000000000000474e-01 -1.148279743006126985e+01
6.663000000000000034e-01 -1.169054883591119243e+01
6.666999999999999593e-01 -1.190889402202033232e+01
