0.000000000000000000e+00 1.417803821134801592e-02
3.299999999999999982e-03 2.416066975760586266e-02
6.499999999999999702e-03 3.232049418113071282e-02
9.799999999999999684e-03 3.737776910713212081e-02
1.310000000000000053e-02 3.553170266144364819e-02
1.640000000000000138e-02 1.986388558022839784e-02
1.959999999999999937e-02 -1.923226497328017759e-02
2.290000000000000022e-02 -9.528580884898429915e-02
2.620000000000000107e-02 -2.236392335846123236e-01
2.949999999999999845e-02 -4.221819529949721872e-01
3.269999999999999990e-02 -7.042150183904294369e-01
3.599999999999999728e-02 -1.088035109118322019e+00
3.930000000000000160e-02 -1.584245979781611968e+00
4.259999999999999898e-02 -2.202993169111443716e+00
4.580000000000000043e-02 -2.937024211175883526e+00
4.909999999999999781e-02 -3.791059916594185175e+00
5.240000000000000213e-02 -4.756428039461931156e+00
5.559999999999999665e-02 -5.805095489901421324e+00
5.890000000000000097e-02 -6.930882794984861484e+00
6.219999999999999835e-02 -8.107798218595199558e+00
6.550000000000000266e-02 -9.318124568668318730e+00
6.869999999999999718e-02 -1.052452566250453536e+01
7.199999999999999456e-02 -1.172136569036961085e+01
7.530000000000000582e-02 -1.288540274462949675e+01
7.860000000000000320e-02 -1.400565110380036948e+01
8.179999999999999771e-02 -1.505626707095163042e+01
8.509999999999999509e-02 -1.604005415572559556e+01
8.840000000000000635e-02 -1.694718857072871643e+01
9.160000000000000087e-02 -1.775929659150232709e+01
9.489999999999999825e-02 -1.847854005582338033e+01
9.819999999999999563e-02 -1.909297559690627466e+01
1.015000000000000069e-01 -1.959522760293550903e+01
1.047000000000000014e-01 -1.997129200120398096e+01
1.079999999999999988e-01 -2.021770731239394436e+01
1.112999999999999962e-01 -2.032634150700344122e+01
1.145999999999999935e-01 -2.029326551670648726e+01
1.178000000000000019e-01 -2.012154688307263939e+01
1.210999999999999993e-01 -1.981589633874410339e+01
1.243999999999999967e-01 -1.938958478939742136e+01
1.277000000000000079e-01 -1.885860780693317196e+01
1.308999999999999886e-01 -1.825398543879212809e+01
1.342000000000000137e-01 -1.759537776262655839e+01
1.375000000000000111e-01 -1.691104761826780134e+01
1.406999999999999917e-01 -1.623697957523721414e+01
1.439999999999999891e-01 -1.558872347983127860e+01
1.472999999999999865e-01 -1.498707421572187926e+01
1.506000000000000116e-01 -1.444013801647047046e+01
1.537999999999999923e-01 -1.395517664810715708e+01
1.570999999999999897e-01 -1.351801654447434586e+01
1.603999999999999870e-01 -1.311427057823894238e+01
1.637000000000000122e-01 -1.271924468604550107e+01
1.668999999999999928e-01 -1.231085462337307845e+01
1.701999999999999902e-01 -1.185606191884198424e+01
1.734999999999999876e-01 -1.133080417912947802e+01
1.768000000000000127e-01 -1.071190292676214106e+01
1.799999999999999933e-01 -9.995806047755026569e+00
1.832999999999999907e-01 -9.171227087888516039e+00
1.865999999999999881e-01 -8.244882370613984435e+00
1.897999999999999965e-01 -7.247011807800563865e+00
1.930999999999999939e-01 -6.191746361628990059e+00
1.963999999999999913e-01 -5.115780503699564719e+00
1.996999999999999886e-01 -4.050585356175954388e+00
2.028999999999999970e-01 -3.044299644508793090e+00
2.061999999999999944e-01 -2.116334817862095985e+00
2.094999999999999918e-01 -1.296783980143221715e+00
2.127999999999999892e-01 -6.009206166953739991e-01
2.159999999999999976e-01 -4.425253739025496874e-02
2.192999999999999949e-01 3.813638746290046733e-01
2.225999999999999923e-01 6.838159652596803584e-01
2.258000000000000007e-01 8.766466785531633610e-01
2.290999999999999981e-01 9.828376495802948476e-01
2.323999999999999955e-01 1.023721520147395925e+00
2.356999999999999929e-01 1.020582132514188833e+00
2.389000000000000012e-01 9.921923810173531866e-01
2.421999999999999986e-01 9.521406283698070627e-01
2.454999999999999960e-01 9.091229751347376098e-01
2.487999999999999934e-01 8.662018068635215506e-01
2.520000000000000018e-01 8.225285976769272089e-01
2.553000000000000269e-01 7.728620307579939785e-01
2.585999999999999965e-01 7.110089550913233358e-01
2.619000000000000217e-01 6.302678984792802197e-01
2.651000000000000023e-01 5.272653304355722215e-01
2.684000000000000274e-01 3.990197777557655257e-01
2.716999999999999971e-01 2.470475426838677491e-01
2.748999999999999777e-01 7.880188710929902918e-02
2.782000000000000028e-01 -9.937737296439924650e-02
2.814999999999999725e-01 -2.763778772712179310e-01
2.847999999999999976e-01 -4.417212147622675555e-01
2.879999999999999782e-01 -5.833137523326864526e-01
2.913000000000000034e-01 -6.948161881162063791e-01
2.945999999999999730e-01 -7.706408969327483982e-01
2.978999999999999981e-01 -8.095770387541644242e-01
3.010999999999999788e-01 -8.140573733978211379e-01
3.044000000000000039e-01 -7.900273253523137917e-01
3.076999999999999735e-01 -7.454411867042293194e-01
3.109000000000000097e-01 -6.903492057953578565e-01
3.141999999999999793e-01 -6.332483978578684614e-01
3.175000000000000044e-01 -5.820870429078447428e-01
3.207999999999999741e-01 -5.420086510304943372e-01
3.240000000000000102e-01 -5.155582349645226881e-01
3.272999999999999798e-01 -5.013793264299866159e-01
3.306000000000000050e-01 -4.957335734967439067e-01
3.338999999999999746e-01 -4.926533115750417191e-01
3.371000000000000107e-01 -4.852429998153681701e-01
3.403999999999999804e-01 -4.666135755860200685e-01
3.437000000000000055e-01 -4.312678287602594862e-01
3.469999999999999751e-01 -3.755862732145352489e-01
3.502000000000000113e-01 -2.999345771631840019e-01
3.534999999999999809e-01 -2.057609734497211074e-01
3.568000000000000060e-01 -9.785314036919676162e-02
3.599999999999999867e-01 1.552443484381816827e-02
3.633000000000000118e-01 1.280092171483555308e-01
3.665999999999999814e-01 2.315389671051136522e-01
3.699000000000000066e-01 3.200673123289032862e-01
3.730999999999999872e-01 3.884881369989825473e-01
3.764000000000000123e-01 4.361286296738955959e-01
3.796999999999999820e-01 4.639395762827638880e-01
3.830000000000000071e-01 4.756979597353629963e-01
3.861999999999999877e-01 4.770172335894882210e-01
3.895000000000000129e-01 4.744983519677067330e-01
3.927999999999999825e-01 4.745915722645576706e-01
3.961000000000000076e-01 4.826760894396879831e-01
3.992999999999999883e-01 5.018359447042239907e-01
4.026000000000000134e-01 5.330482953445123684e-01
4.058999999999999830e-01 5.744945321988228493e-01
4.091000000000000192e-01 6.212107139483719065e-01
4.123999999999999888e-01 6.675791983429595344e-01
4.157000000000000139e-01 7.062928950456018873e-01
4.189999999999999836e-01 7.304010645199134899e-01
4.222000000000000197e-01 7.340062951239295641e-01
4.254999999999999893e-01 7.134216644083122283e-01
4.288000000000000145e-01 6.674687126083327371e-01
4.320999999999999841e-01 5.974760555502905968e-01
4.353000000000000203e-01 5.088642470483040192e-01
4.385999999999999899e-01 4.069950670462446629e-01
4.419000000000000150e-01 2.995084517627618070e-01
4.450999999999999956e-01 1.957141043587191376e-01
4.484000000000000208e-01 1.015992196117721791e-01
4.516999999999999904e-01 2.333407805330871970e-02
4.550000000000000155e-01 -3.567783990749460316e-02
4.581999999999999962e-01 -7.378237338615586949e-02
4.615000000000000213e-01 -9.265923330379158274e-02
4.647999999999999909e-01 -9.520660807081456067e-02
4.681000000000000161e-01 -8.563590219322829433e-02
4.712999999999999967e-01 -6.884523600624449513e-02
4.746000000000000218e-01 -4.895255789424775295e-02
4.778999999999999915e-01 -2.935659729016582356e-02
4.812000000000000166e-01 -1.198196601848933868e-02
4.843999999999999972e-01 2.350105085581279812e-03
4.877000000000000224e-01 1.417803821134793960e-02
