0.000000000000000000e+00 1.742435262860802525e-01
2.000000000000000042e-03 3.401283981092894648e-01
4.100000000000000346e-03 4.830819048544339744e-01
6.100000000000000387e-03 5.696519230860692673e-01
8.200000000000000691e-03 5.861554168974149048e-01
1.020000000000000073e-02 5.170851753310912180e-01
1.230000000000000017e-02 3.478333029738406301e-01
1.430000000000000021e-02 9.257169735042294900e-02
1.640000000000000138e-02 -2.623524885263971984e-01
1.839999999999999969e-02 -6.730188877088328914e-01
2.050000000000000086e-02 -1.153279504479913342e+00
2.249999999999999917e-02 -1.641983427315790500e+00
2.460000000000000034e-02 -2.157569679715633626e+00
2.659999999999999865e-02 -2.641142744593320657e+00
2.869999999999999982e-02 -3.121841999290350333e+00
3.070000000000000159e-02 -3.559555502302217622e+00
3.280000000000000276e-02 -3.999358410559519683e+00
3.479999999999999760e-02 -4.424049807489648600e+00
3.690000000000000224e-02 -4.896540870159340919e+00
3.889999999999999708e-02 -5.410249855145448095e+00
4.100000000000000172e-02 -6.043388882583209387e+00
4.299999999999999656e-02 -6.775342133224396157e+00
4.510000000000000120e-02 -7.693458198746631282e+00
4.710000000000000298e-02 -8.736932001772629519e+00
4.920000000000000068e-02 -9.994819342218907110e+00
5.120000000000000245e-02 -1.135137121031332441e+01
5.330000000000000016e-02 -1.289135421790777158e+01
5.530000000000000193e-02 -1.444954563278905013e+01
5.739999999999999963e-02 -1.610360418047121556e+01
5.940000000000000141e-02 -1.769660118995279063e+01
6.140000000000000319e-02 -1.917436738597875134e+01
6.350000000000000089e-02 -2.057195570179438704e+01
6.550000000000000266e-02 -2.173500567186647459e+01
6.759999999999999343e-02 -2.272730916635435605e+01
6.959999999999999520e-02 -2.345480939654976638e+01
7.169999999999999984e-02 -2.397631806565741996e+01
7.370000000000000162e-02 -2.426563940460535918e+01
7.580000000000000626e-02 -2.437302994955167179e+01
7.779999999999999416e-02 -2.432588877412746697e+01
7.989999999999999880e-02 -2.416025937164539172e+01
8.190000000000000058e-02 -2.392904900422750814e+01
8.400000000000000522e-02 -2.364872941126357020e+01
8.599999999999999312e-02 -2.336901533548673271e+01
8.809999999999999776e-02 -2.308460030673404617e+01
9.009999999999999953e-02 -2.282506163058337734e+01
9.220000000000000417e-02 -2.256570425702115301e+01
9.420000000000000595e-02 -2.231643361586792551e+01
9.629999999999999671e-02 -2.203979846536439879e+01
9.829999999999999849e-02 -2.174062458116836538e+01
1.004000000000000031e-01 -2.137719514521076292e+01
1.024000000000000049e-01 -2.096800109041993920e+01
1.044999999999999957e-01 -2.047413800243520754e+01
1.064999999999999974e-01 -1.993942619545883232e+01
1.086000000000000021e-01 -1.933083129290270463e+01
1.106000000000000039e-01 -1.871525318707115915e+01
1.126999999999999946e-01 -1.806378015109818946e+01
1.146999999999999964e-01 -1.745124023024591153e+01
1.168000000000000010e-01 -1.684767098437859900e+01
1.188000000000000028e-01 -1.631591722404827394e+01
1.208999999999999936e-01 -1.581904079228787019e+01
1.228999999999999954e-01 -1.538578333787536501e+01
1.248999999999999971e-01 -1.500102239443605612e+01
1.270000000000000018e-01 -1.462073201886442320e+01
1.290000000000000036e-01 -1.424851236544495414e+01
1.310999999999999943e-01 -1.382162599943006676e+01
1.330999999999999961e-01 -1.334469531822895583e+01
1.351999999999999869e-01 -1.275014438297425912e+01
1.371999999999999886e-01 -1.206747353584846749e+01
1.393000000000000071e-01 -1.122938591978028633e+01
1.413000000000000089e-01 -1.030613665779958055e+01
1.433999999999999997e-01 -9.234320111993312707e+00
1.454000000000000015e-01 -8.125123843147411762e+00
1.474999999999999922e-01 -6.920173983396353812e+00
1.494999999999999940e-01 -5.755343448805619211e+00
1.516000000000000125e-01 -4.576509203025810990e+00
1.535999999999999865e-01 -3.517848297365258503e+00
1.557000000000000051e-01 -2.528304307408918206e+00
1.577000000000000068e-01 -1.714147621224112017e+00
1.597999999999999976e-01 -1.027373893399945004e+00
1.617999999999999994e-01 -5.298235890915503621e-01
1.638999999999999901e-01 -1.784034334040623115e-01
1.658999999999999919e-01 1.151643873049082445e-02
1.680000000000000104e-01 7.493065882893476526e-02
1.700000000000000122e-01 3.188960789312193095e-02
1.721000000000000030e-01 -9.374813321544850364e-02
1.741000000000000048e-01 -2.644973927531162339e-01
1.761999999999999955e-01 -4.689351700590519423e-01
1.781999999999999973e-01 -6.694583410111817345e-01
1.802999999999999881e-01 -8.658007975060184602e-01
1.822999999999999898e-01 -1.034374534208708063e+00
1.842999999999999916e-01 -1.170700240807886816e+00
1.864000000000000101e-01 -1.280534747067228363e+00
1.884000000000000119e-01 -1.357021750869506826e+00
1.905000000000000027e-01 -1.410594760917100343e+00
1.925000000000000044e-01 -1.442361770225331075e+00
1.945999999999999952e-01 -1.460599996857427030e+00
1.965999999999999970e-01 -1.468950800737792051e+00
1.986999999999999877e-01 -1.472326014438330999e+00
2.006999999999999895e-01 -1.473424740720379544e+00
2.028000000000000080e-01 -1.474214192233212373e+00
2.048000000000000098e-01 -1.475446337131496533e+00
2.069000000000000006e-01 -1.477266829132578119e+00
2.089000000000000024e-01 -1.479000685877384758e+00
2.109999999999999931e-01 -1.479829872315181705e+00
2.129999999999999949e-01 -1.478489024990239153e+00
2.151000000000000134e-01 -1.473330707997684508e+00
2.170999999999999874e-01 -1.463112980018131060e+00
2.192000000000000060e-01 -1.444962478999403999e+00
2.212000000000000077e-01 -1.418345808791126039e+00
2.232999999999999985e-01 -1.378827844865076369e+00
2.253000000000000003e-01 -1.327815440191271401e+00
2.273999999999999910e-01 -1.259551413391894137e+00
2.293999999999999928e-01 -1.179082374521493115e+00
2.315000000000000113e-01 -1.080195515190599975e+00
2.335000000000000131e-01 -9.728128292644105946e-01
2.356000000000000039e-01 -8.513106098559688473e-01
2.376000000000000056e-01 -7.300100082148971437e-01
2.396999999999999964e-01 -6.044544845244335107e-01
2.416999999999999982e-01 -4.905641532220097467e-01
2.437999999999999889e-01 -3.847938395896850494e-01
2.457999999999999907e-01 -2.987702661111561464e-01
2.477999999999999925e-01 -2.346186751964548234e-01
2.499000000000000110e-01 -1.903814814458089921e-01
2.519000000000000128e-01 -1.685231636112325126e-01
2.540000000000000036e-01 -1.641253868197074250e-01
2.560000000000000053e-01 -1.725804312403786678e-01
2.580999999999999961e-01 -1.884283079850054554e-01
2.600999999999999979e-01 -2.041285669443104189e-01
2.621999999999999886e-01 -2.151486901912691430e-01
2.641999999999999904e-01 -2.165875752736430015e-01
2.662999999999999812e-01 -2.065448522093381034e-01
2.682999999999999829e-01 -1.865694322478885225e-01
2.703999999999999737e-01 -1.582413201973967842e-01
2.723999999999999755e-01 -1.290789206424731161e-01
2.745000000000000218e-01 -1.033597157144341694e-01
2.765000000000000235e-01 -8.963990743267222228e-02
2.786000000000000143e-01 -9.254568222937456512e-02
2.806000000000000161e-01 -1.149289416722374252e-01
2.827000000000000068e-01 -1.588688432180543897e-01
2.847000000000000086e-01 -2.171953800324885608e-01
2.867999999999999994e-01 -2.875032673862423227e-01
2.888000000000000012e-01 -3.541642257782915415e-01
2.908999999999999919e-01 -4.105075113080978721e-01
2.928999999999999937e-01 -4.402899483500647970e-01
2.949999999999999845e-01 -4.351503275955127537e-01
2.969999999999999862e-01 -3.889430497942382714e-01
2.990999999999999770e-01 -2.955080451482597903e-01
3.010999999999999788e-01 -1.665350825977188198e-01
3.032000000000000250e-01 -1.486821567300705693e-03
3.052000000000000268e-01 1.742435262860786982e-01
