0.000000000000000000e+00 -3.993474646938917516e+00
8.000000000000000383e-04 -4.315531303875694391e+00
1.600000000000000077e-03 -4.649920250673828193e+00
2.399999999999999790e-03 -4.996157172768681320e+00
3.099999999999999891e-03 -5.340965868298374275e+00
3.899999999999999821e-03 -5.722093709582759757e+00
4.700000000000000185e-03 -6.100691728496392408e+00
5.499999999999999681e-03 -6.488940274847371903e+00
6.300000000000000044e-03 -6.886243323642935010e+00
7.100000000000000408e-03 -7.291993601973048023e+00
7.799999999999999642e-03 -7.690860680295542373e+00
8.600000000000000006e-03 -8.126367036837747193e+00
9.400000000000000369e-03 -8.553745937124144660e+00
1.020000000000000073e-02 -8.987090289869600568e+00
1.099999999999999936e-02 -9.425780855487762011e+00
1.179999999999999973e-02 -9.869205650640473948e+00
1.250000000000000069e-02 -1.030087407417925682e+01
1.329999999999999932e-02 -1.076784899619691949e+01
1.409999999999999969e-02 -1.122189285283436888e+01
1.490000000000000005e-02 -1.167831701398465860e+01
1.569999999999999868e-02 -1.213656101713692870e+01
1.650000000000000078e-02 -1.259608616019398220e+01
1.720000000000000001e-02 -1.304004763265908728e+01
1.799999999999999864e-02 -1.351685665975975681e+01
1.880000000000000074e-02 -1.397709409957769289e+01
1.959999999999999937e-02 -1.443657928343691843e+01
2.040000000000000147e-02 -1.489484124466112114e+01
2.120000000000000009e-02 -1.535141749574667891e+01
2.189999999999999933e-02 -1.578978823715847035e+01
2.270000000000000143e-02 -1.625773749663114387e+01
2.350000000000000006e-02 -1.670662331307741866e+01
2.429999999999999868e-02 -1.715210425477698664e+01
2.510000000000000078e-02 -1.759377385921899872e+01
2.589999999999999941e-02 -1.803123990347894434e+01
2.659999999999999865e-02 -1.841013634381949160e+01
2.740000000000000074e-02 -1.887686503928817316e+01
2.819999999999999937e-02 -1.931448816267001334e+01
2.900000000000000147e-02 -1.973126352035268027e+01
2.980000000000000010e-02 -2.014193135950789326e+01
3.059999999999999873e-02 -2.054612719263202436e+01
3.139999999999999736e-02 -2.094348425931142543e+01
3.209999999999999659e-02 -2.131990228231771667e+01
3.289999999999999869e-02 -2.171628897871350361e+01
3.370000000000000079e-02 -2.209102660644342109e+01
3.450000000000000289e-02 -2.245753655103781554e+01
3.529999999999999805e-02 -2.281548178750391997e+01
3.610000000000000014e-02 -2.316452833250358978e+01
3.679999999999999938e-02 -2.349240010069978624e+01
3.760000000000000148e-02 -2.383466299389472454e+01
3.839999999999999664e-02 -2.415514411028618369e+01
3.919999999999999873e-02 -2.446551065184409879e+01
4.000000000000000083e-02 -2.476550015605761246e+01
4.080000000000000293e-02 -2.505485462292672239e+01
4.150000000000000216e-02 -2.532355937660219425e+01
4.229999999999999732e-02 -2.560070713207744575e+01
4.309999999999999942e-02 -2.585680001808192685e+01
4.390000000000000152e-02 -2.610141426461585468e+01
4.469999999999999668e-02 -2.633440574039484972e+01
4.549999999999999878e-02 -2.655565422249440388e+01
4.619999999999999801e-02 -2.675774414103275944e+01
4.700000000000000011e-02 -2.696253688476999955e+01
4.780000000000000221e-02 -2.714805395032350788e+01
4.859999999999999737e-02 -2.732159525546336099e+01
4.939999999999999947e-02 -2.748316933767870651e+01
5.020000000000000157e-02 -2.763282228860968104e+01
5.090000000000000080e-02 -2.776585662370078111e+01
5.170000000000000290e-02 -2.789668973198148905e+01
5.249999999999999806e-02 -2.801113137437890188e+01
5.330000000000000016e-02 -2.811410556460674215e+01
5.410000000000000225e-02 -2.820579741929789819e+01
5.489999999999999741e-02 -2.828642098010697836e+01
5.559999999999999665e-02 -2.834780109912394863e+01
5.639999999999999875e-02 -2.841334789435521913e+01
5.720000000000000084e-02 -2.846416836376297965e+01
5.800000000000000294e-02 -2.850292756978421238e+01
5.879999999999999810e-02 -2.853190358189441866e+01
5.960000000000000020e-02 -2.855139649173373684e+01
6.040000000000000230e-02 -2.856171278680577785e+01
6.110000000000000153e-02 -2.856318210050866213e+01
6.189999999999999669e-02 -2.855602149932434486e+01
6.270000000000000573e-02 -2.854061518134998821e+01
6.350000000000000089e-02 -2.851722595070555499e+01
6.429999999999999605e-02 -2.848612001365372493e+01
6.510000000000000508e-02 -2.844757341184908483e+01
6.579999999999999738e-02 -2.840351161608274921e+01
6.660000000000000642e-02 -2.834910712033092040e+01
6.740000000000000158e-02 -2.828962414937643643e+01
6.819999999999999674e-02 -2.822353847000418625e+01
6.900000000000000577e-02 -2.815102242177157166e+01
6.980000000000000093e-02 -2.807219131723287120e+01
7.049999999999999323e-02 -2.799019557635724453e+01
7.130000000000000226e-02 -2.789591210384526576e+01
7.209999999999999742e-02 -2.779857461378435346e+01
7.290000000000000646e-02 -2.769510959456522059e+01
7.370000000000000162e-02 -2.758548650036780003e+01
7.449999999999999678e-02 -2.746964225621380251e+01
7.520000000000000295e-02 -2.735188885192473762e+01
7.599999999999999811e-02 -2.721894991183130230e+01
7.679999999999999327e-02 -2.708384120746629264e+01
7.760000000000000231e-02 -2.694201487196164280e+01
7.839999999999999747e-02 -2.679329693031012383e+01
7.920000000000000651e-02 -2.663748554711979111e+01
7.989999999999999880e-02 -2.648022258033950038e+01
8.069999999999999396e-02 -2.630376424152910886e+01
8.150000000000000300e-02 -2.612541602955688091e+01
8.229999999999999816e-02 -2.593911911146673077e+01
8.309999999999999332e-02 -2.574466426433415123e+01
8.390000000000000235e-02 -2.554184097566275469e+01
8.459999999999999465e-02 -2.533801676383468404e+01
8.540000000000000369e-02 -2.511034755488658732e+01
8.619999999999999885e-02 -2.488136097693280036e+01
8.699999999999999400e-02 -2.464337693445780531e+01
8.780000000000000304e-02 -2.439629618787523313e+01
8.859999999999999820e-02 -2.414008316005171650e+01
8.930000000000000437e-02 -2.390816957807721010e+01
9.009999999999999953e-02 -2.361001680742245057e+01
9.089999999999999469e-02 -2.331665650777869558e+01
9.170000000000000373e-02 -2.302416998814135241e+01
9.249999999999999889e-02 -2.272292233089907398e+01
9.329999999999999405e-02 -2.241314168600844070e+01
9.410000000000000309e-02 -2.209509435970315749e+01
9.479999999999999538e-02 -2.178073189268347676e+01
9.560000000000000442e-02 -2.143559501475771256e+01
9.639999999999999958e-02 -2.109495216273596441e+01
9.719999999999999474e-02 -2.074767660832753435e+01
9.800000000000000377e-02 -2.039430444317254043e+01
9.879999999999999893e-02 -2.003541575891112103e+01
9.950000000000000511e-02 -1.968455658487972570e+01
1.003000000000000003e-01 -1.930360991005766280e+01
1.010999999999999954e-01 -1.893205291208404617e+01
1.019000000000000045e-01 -1.855769170324806794e+01
1.026999999999999996e-01 -1.818127581270796966e+01
1.034999999999999948e-01 -1.780358381127658163e+01
1.042000000000000010e-01 -1.743880854403357361e+01
1.049999999999999961e-01 -1.704754902155996277e+01
1.058000000000000052e-01 -1.667080201868115097e+01
1.066000000000000003e-01 -1.629596139241466801e+01
1.073999999999999955e-01 -1.592382995315968586e+01
1.082000000000000045e-01 -1.555516505512507486e+01
1.088999999999999968e-01 -1.520358325044360903e+01
1.097000000000000058e-01 -1.483120413063427812e+01
1.105000000000000010e-01 -1.447732596255242932e+01
1.112999999999999962e-01 -1.412970681285330521e+01
1.121000000000000052e-01 -1.378894139196501634e+01
1.129000000000000004e-01 -1.345558961657836683e+01
1.136000000000000065e-01 -1.314158288962322807e+01
1.144000000000000017e-01 -1.281297956709171970e+01
1.151999999999999968e-01 -1.250452234929781525e+01
1.160000000000000059e-01 -1.220504168134468692e+01
1.168000000000000010e-01 -1.191476546326129693e+01
1.175999999999999962e-01 -1.163385479300833403e+01
1.183000000000000024e-01 -1.139603012271918026e+01
1.190999999999999975e-01 -1.110957362897661049e+01
1.199000000000000066e-01 -1.084776121344696165e+01
1.207000000000000017e-01 -1.060440616830255678e+01
1.214999999999999969e-01 -1.037010440870930061e+01
1.223000000000000059e-01 -1.014459232219976315e+01
1.231000000000000011e-01 -9.927544023396489337e+00
1.237999999999999934e-01 -9.725890542681728590e+00
1.246000000000000024e-01 -9.517188222406076648e+00
1.254000000000000115e-01 -9.322935032773214559e+00
1.262000000000000066e-01 -9.135253180976880216e+00
1.270000000000000018e-01 -8.953559096204246615e+00
1.277999999999999969e-01 -8.777236711807935521e+00
1.285000000000000031e-01 -8.611679684156532844e+00
1.292999999999999983e-01 -8.438114348367651729e+00
1.300999999999999934e-01 -8.273974302676311510e+00
1.308999999999999886e-01 -8.112541088645672360e+00
1.317000000000000115e-01 -7.953136714606653612e+00
1.325000000000000067e-01 -7.795092453469296245e+00
1.332000000000000128e-01 -7.643319091687266642e+00
1.340000000000000080e-01 -7.480483411525209014e+00
1.348000000000000032e-01 -7.322685499434106404e+00
1.355999999999999983e-01 -7.163793685593176086e+00
1.363999999999999935e-01 -7.003282797063438814e+00
1.371999999999999886e-01 -6.840677446312326992e+00
1.378999999999999948e-01 -6.681422980926734922e+00
1.386999999999999900e-01 -6.507538287188415538e+00
1.395000000000000129e-01 -6.336330232908698790e+00
1.403000000000000080e-01 -6.161682199601031584e+00
1.411000000000000032e-01 -5.983417585139259920e+00
1.418999999999999984e-01 -5.801427026983572155e+00
1.426000000000000045e-01 -5.622279328679042010e+00
1.433999999999999997e-01 -5.426166646093081525e+00
1.441999999999999948e-01 -5.233022867023247926e+00
1.449999999999999900e-01 -5.036400214927586383e+00
1.458000000000000129e-01 -4.836528575183558054e+00
1.466000000000000081e-01 -4.633702081085912639e+00
1.472999999999999865e-01 -4.454030603433006164e+00
1.481000000000000094e-01 -4.228027726789071572e+00
1.489000000000000046e-01 -4.011310407744741902e+00
1.496999999999999997e-01 -3.800744885486049718e+00
1.504999999999999949e-01 -3.589513289969942900e+00
1.512999999999999901e-01 -3.378203935761059817e+00
1.521000000000000130e-01 -3.167433881175842458e+00
1.527999999999999914e-01 -2.965257777560340813e+00
1.535999999999999865e-01 -2.750101358322170952e+00
1.544000000000000095e-01 -2.544868187956490502e+00
1.552000000000000046e-01 -2.342820169268271968e+00
1.559999999999999998e-01 -2.144629550174783184e+00
1.567999999999999949e-01 -1.950957801517792412e+00
1.575000000000000011e-01 -1.769079729018155689e+00
1.582999999999999963e-01 -1.579729509308542390e+00
1.590999999999999914e-01 -1.403391857454312497e+00
1.598999999999999866e-01 -1.233996851101717418e+00
1.607000000000000095e-01 -1.072065911107002112e+00
1.615000000000000047e-01 -9.180779458300473150e-01
1.622000000000000108e-01 -7.775432489181869355e-01
1.630000000000000060e-01 -6.355902499733202538e-01
1.638000000000000012e-01 -5.077897986241451944e-01
1.645999999999999963e-01 -3.893218637920684566e-01
1.653999999999999915e-01 -2.803893205132766409e-01
1.661999999999999866e-01 -1.811342917412259723e-01
1.668999999999999928e-01 -9.472102668187534769e-02
1.676999999999999880e-01 -1.191626120024724678e-02
1.685000000000000109e-01 5.807275090996380507e-02
1.693000000000000060e-01 1.184342608650713613e-01
1.701000000000000012e-01 1.693293852979705083e-01
1.708999999999999964e-01 2.109782491724784270e-01
1.716000000000000025e-01 2.425729456681671448e-01
1.723999999999999977e-01 2.676726034614459460e-01
1.731999999999999929e-01 2.834090459007388429e-01
1.739999999999999880e-01 2.912713630867346803e-01
1.748000000000000109e-01 2.917066299977222332e-01
1.756000000000000061e-01 2.851949132810692178e-01
1.763000000000000123e-01 2.740588941704925063e-01
1.771000000000000074e-01 2.541034139861332308e-01
1.779000000000000026e-01 2.291616008068759758e-01
1.786999999999999977e-01 2.001341348702829759e-01
1.794999999999999929e-01 1.668665956762782066e-01
1.802999999999999881e-01 1.299239832248618998e-01
1.811000000000000110e-01 8.986603293692092820e-02
1.817999999999999894e-01 4.877626312382589424e-02
1.826000000000000123e-01 2.599035542262102816e-03
1.834000000000000075e-01 -4.355483862547612772e-02
1.842000000000000026e-01 -9.071944017266278526e-02
1.849999999999999978e-01 -1.384255794984770305e-01
1.857999999999999929e-01 -1.862338190848258079e-01
1.864999999999999991e-01 -2.320566839958245753e-01
1.872999999999999943e-01 -2.805596260422483779e-01
1.880999999999999894e-01 -3.263708475353602201e-01
1.889000000000000123e-01 -3.708729733676235929e-01
1.897000000000000075e-01 -4.138078306000543272e-01
1.905000000000000027e-01 -4.549595108727837456e-01
1.912000000000000088e-01 -4.927803899963815737e-01
1.920000000000000040e-01 -5.312439050314111677e-01
1.927999999999999992e-01 -5.661407855357272201e-01
1.935999999999999943e-01 -5.987798056553407244e-01
1.943999999999999895e-01 -6.291357924512702704e-01
1.952000000000000124e-01 -6.572153084054241923e-01
1.958999999999999908e-01 -6.821629159009808818e-01
1.967000000000000137e-01 -7.067321943778716031e-01
1.975000000000000089e-01 -7.283289206154086592e-01
1.983000000000000040e-01 -7.479638967805746219e-01
1.990999999999999992e-01 -7.657699082797846390e-01
1.998999999999999944e-01 -7.818967405194524600e-01
2.006000000000000005e-01 -7.960014735164349098e-01
2.013999999999999957e-01 -8.097666942811804214e-01
2.021999999999999909e-01 -8.218530887132732277e-01
2.030000000000000138e-01 -8.329408497058895522e-01
2.038000000000000089e-01 -8.432052251762983675e-01
2.046000000000000041e-01 -8.528159505453880573e-01
2.053000000000000103e-01 -8.616160104586486623e-01
2.061000000000000054e-01 -8.707141280840533515e-01
2.069000000000000006e-01 -8.792910261026417595e-01
2.076999999999999957e-01 -8.877914302970504323e-01
2.084999999999999909e-01 -8.963225469299440640e-01
2.093000000000000138e-01 -9.049735905949090053e-01
2.099999999999999922e-01 -9.127036467200694281e-01
2.107999999999999874e-01 -9.225746270295102081e-01
2.116000000000000103e-01 -9.322543797325599790e-01
2.124000000000000055e-01 -9.418914670624891627e-01
2.132000000000000006e-01 -9.518015293996551218e-01
2.139999999999999958e-01 -9.619552688412625896e-01
2.147999999999999909e-01 -9.723048999808974191e-01
2.154999999999999971e-01 -9.824141594227150387e-01
2.162999999999999923e-01 -9.933197040595131977e-01
2.170999999999999874e-01 -1.003811818682047274e+00
2.179000000000000103e-01 -1.014156204204254896e+00
2.187000000000000055e-01 -1.024238348129753451e+00
2.195000000000000007e-01 -1.033935481713971205e+00
2.202000000000000068e-01 -1.042799827095677756e+00
2.210000000000000020e-01 -1.051661940783072291e+00
2.217999999999999972e-01 -1.059431266267955030e+00
2.225999999999999923e-01 -1.066300325163366702e+00
2.233999999999999875e-01 -1.072146382048418722e+00
2.242000000000000104e-01 -1.076852949419492500e+00
2.248999999999999888e-01 -1.080203347830949845e+00
2.257000000000000117e-01 -1.082436715590757270e+00
2.265000000000000069e-01 -1.083136964376473887e+00
2.273000000000000020e-01 -1.082348831950185497e+00
2.280999999999999972e-01 -1.080022103718305537e+00
2.288999999999999924e-01 -1.076124317169979028e+00
2.295999999999999985e-01 -1.070849870716662933e+00
2.303999999999999937e-01 -1.063577471163292820e+00
2.311999999999999889e-01 -1.054956495014143236e+00
2.320000000000000118e-01 -1.044822618836044992e+00
2.328000000000000069e-01 -1.033236628035413052e+00
2.336000000000000021e-01 -1.020280068432312781e+00
2.343000000000000083e-01 -1.006565393354247551e+00
2.351000000000000034e-01 -9.906638719479806676e-01
2.358999999999999986e-01 -9.742487975486567864e-01
2.366999999999999937e-01 -9.569475272279484024e-01
2.374999999999999889e-01 -9.389158380613490396e-01
2.383000000000000118e-01 -9.203172425452395000e-01
2.389999999999999902e-01 -9.037086344241936908e-01
2.398000000000000131e-01 -8.827928799387432246e-01
2.406000000000000083e-01 -8.628586553600515741e-01
2.414000000000000035e-01 -8.437452864996869417e-01
2.421999999999999986e-01 -8.249487883653056075e-01
2.429999999999999938e-01 -8.066418963777959306e-01
2.437999999999999889e-01 -7.889895938753163085e-01
2.444999999999999951e-01 -7.727378447954565965e-01
2.452999999999999903e-01 -7.562634260989672397e-01
2.461000000000000132e-01 -7.414657587568415087e-01
2.469000000000000083e-01 -7.278723246805033353e-01
2.477000000000000035e-01 -7.155808342980781722e-01
2.484999999999999987e-01 -7.046730063686118539e-01
2.492000000000000048e-01 -6.955326229394737103e-01
2.500000000000000000e-01 -6.872344108364860649e-01
2.508000000000000229e-01 -6.807643036764258193e-01
2.515999999999999903e-01 -6.757986840199843304e-01
2.524000000000000132e-01 -6.723172622952864330e-01
2.531999999999999806e-01 -6.702747322686161136e-01
2.539000000000000146e-01 -6.696202168934278776e-01
2.546999999999999820e-01 -6.702362140146210789e-01
2.555000000000000049e-01 -6.720561424780869819e-01
2.562999999999999723e-01 -6.749495647657323127e-01
2.570999999999999952e-01 -6.787829517193345596e-01
2.579000000000000181e-01 -6.834102783461302177e-01
2.585999999999999965e-01 -6.884818796038356670e-01
2.594000000000000195e-01 -6.944041548137104281e-01
2.601999999999999869e-01 -7.004296796617317522e-01
2.610000000000000098e-01 -7.065710775355794615e-01
2.617999999999999772e-01 -7.126488526007127566e-01
2.626000000000000001e-01 -7.184840048571327076e-01
2.632999999999999785e-01 -7.237120463463188047e-01
2.641000000000000014e-01 -7.287277305157050522e-01
2.649000000000000243e-01 -7.328063372415417609e-01
2.656999999999999917e-01 -7.359853878060322874e-01
2.665000000000000147e-01 -7.381269072019398525e-01
2.672999999999999821e-01 -7.391079287529480624e-01
2.680000000000000160e-01 -7.388986149482017485e-01
2.687999999999999834e-01 -7.372561513626348928e-01
2.696000000000000063e-01 -7.341283895589432174e-01
2.703999999999999737e-01 -7.296050675318319634e-01
2.711999999999999966e-01 -7.235909517673850821e-01
2.720000000000000195e-01 -7.160845964165895028e-01
2.727999999999999869e-01 -7.071060431340508989e-01
2.735000000000000209e-01 -6.970793907489063468e-01
2.742999999999999883e-01 -6.849270385503838376e-01
2.751000000000000112e-01 -6.718789268066558407e-01
2.758999999999999786e-01 -6.576602962459864310e-01
2.767000000000000015e-01 -6.423986926884381887e-01
2.775000000000000244e-01 -6.262376452922363557e-01
2.782000000000000028e-01 -6.099416451014803009e-01
2.790000000000000258e-01 -5.918703522786070703e-01
2.797999999999999932e-01 -5.740239087294357612e-01
2.806000000000000161e-01 -5.559933775608523199e-01
2.813999999999999835e-01 -5.379790150210498334e-01
2.822000000000000064e-01 -5.201878377718662794e-01
2.828999999999999848e-01 -5.034386785492290795e-01
2.837000000000000077e-01 -4.861055266489832660e-01
2.844999999999999751e-01 -4.702236323616324487e-01
2.852999999999999980e-01 -4.553786421239475746e-01
2.861000000000000210e-01 -4.417585392740888683e-01
2.868999999999999884e-01 -4.295395467365635822e-01
2.876000000000000223e-01 -4.192467237376177880e-01
2.883999999999999897e-01 -4.099375197174239815e-01
2.892000000000000126e-01 -4.028301623402516518e-01
2.899999999999999800e-01 -3.976700215670254113e-01
2.908000000000000029e-01 -3.945468078258695943e-01
2.916000000000000258e-01 -3.935252148830681862e-01
2.923000000000000043e-01 -3.945902321905672694e-01
2.931000000000000272e-01 -3.979382206086480300e-01
2.938999999999999946e-01 -4.033882151405168703e-01
2.947000000000000175e-01 -4.109706388595575910e-01
2.954999999999999849e-01 -4.206356980284339797e-01
2.963000000000000078e-01 -4.323088384961618069e-01
2.969999999999999862e-01 -4.441380206908639994e-01
2.978000000000000091e-01 -4.607180890947861207e-01
2.985999999999999766e-01 -4.783240915600456833e-01
2.993999999999999995e-01 -4.968809094216976030e-01
3.002000000000000224e-01 -5.167828732192072394e-01
3.009999999999999898e-01 -5.378502058770803229e-01
3.018000000000000127e-01 -5.598946428162093758e-01
3.024999999999999911e-01 -5.819039008106152711e-01
3.033000000000000140e-01 -6.061200108081278293e-01
3.040999999999999814e-01 -6.298949335299953711e-01
3.049000000000000044e-01 -6.538401834576260674e-01
3.057000000000000273e-01 -6.777542647564765987e-01
3.064999999999999947e-01 -7.014436982538495569e-01
3.071999999999999731e-01 -7.239008507010242788e-01
3.079999999999999960e-01 -7.474129364088033523e-01
3.088000000000000189e-01 -7.693562952173705893e-01
3.095999999999999863e-01 -7.904048582782412513e-01
3.104000000000000092e-01 -8.104309151632942410e-01
3.111999999999999766e-01 -8.293234991962089575e-01
3.119000000000000106e-01 -8.463794713659948954e-01
3.126999999999999780e-01 -8.633751923995446331e-01
3.135000000000000009e-01 -8.784206411273657311e-01
3.143000000000000238e-01 -8.921083044487722047e-01
3.150999999999999912e-01 -9.044392323492899122e-01
3.159000000000000141e-01 -9.154362185662547891e-01
3.165999999999999925e-01 -9.248119268599565013e-01
3.174000000000000155e-01 -9.336318054779771947e-01
3.181999999999999829e-01 -9.409844894819441308e-01
3.190000000000000058e-01 -9.473086546689691856e-01
3.197999999999999732e-01 -9.527265822800043971e-01
3.205999999999999961e-01 -9.573748014732744727e-01
3.212999999999999745e-01 -9.612669639882653883e-01
3.220999999999999974e-01 -9.649739666602993315e-01
3.229000000000000203e-01 -9.682516980604682910e-01
3.236999999999999877e-01 -9.714075314420483886e-01
3.245000000000000107e-01 -9.746157313841521397e-01
3.252999999999999781e-01 -9.780470333076668465e-01
3.260000000000000120e-01 -9.817283472933399091e-01
3.267999999999999794e-01 -9.862374056097865660e-01
3.276000000000000023e-01 -9.913054343337867058e-01
3.284000000000000252e-01 -9.972074900609092518e-01
3.291999999999999926e-01 -1.004061531136549501e+00
3.300000000000000155e-01 -1.011970028402483956e+00
3.306999999999999940e-01 -1.019846427707725933e+00
3.315000000000000169e-01 -1.030872926074218654e+00
3.322999999999999843e-01 -1.042702997073142290e+00
3.331000000000000072e-01 -1.055391562996804700e+00
3.338999999999999746e-01 -1.069290318521288752e+00
3.346999999999999975e-01 -1.084352213661071485e+00
3.355000000000000204e-01 -1.100501685934243135e+00
3.361999999999999988e-01 -1.117018771361859342e+00
3.370000000000000218e-01 -1.135618880697698119e+00
3.377999999999999892e-01 -1.154298742803277156e+00
3.386000000000000121e-01 -1.173490461272842067e+00
3.393999999999999795e-01 -1.192988490286323255e+00
3.402000000000000024e-01 -1.212565284023659373e+00
3.408999999999999808e-01 -1.231288203329110598e+00
3.417000000000000037e-01 -1.250952271961501383e+00
3.425000000000000266e-01 -1.269224655762831500e+00
3.432999999999999940e-01 -1.286506695986041171e+00
3.441000000000000170e-01 -1.302508128052019876e+00
3.448999999999999844e-01 -1.316933943629844617e+00
3.456000000000000183e-01 -1.329067041673246852e+00
3.463999999999999857e-01 -1.339905535720216090e+00
3.472000000000000086e-01 -1.347891345556445852e+00
3.479999999999999760e-01 -1.353191870131001728e+00
3.487999999999999989e-01 -1.355565903181220389e+00
3.496000000000000218e-01 -1.354796246775357149e+00
3.503000000000000003e-01 -1.350865086741643406e+00
3.511000000000000232e-01 -1.343087090530251881e+00
3.518999999999999906e-01 -1.331862236482127093e+00
3.527000000000000135e-01 -1.316926215815582335e+00
3.534999999999999809e-01 -1.298232120170750292e+00
3.543000000000000038e-01 -1.275775537022297623e+00
3.549999999999999822e-01 -1.250558935341726352e+00
3.558000000000000052e-01 -1.219793060181475708e+00
3.565999999999999726e-01 -1.186496118513941322e+00
3.573999999999999955e-01 -1.149899601723373133e+00
3.582000000000000184e-01 -1.110242857698097607e+00
3.589999999999999858e-01 -1.067819003071011075e+00
3.597000000000000197e-01 -1.028648885730425677e+00
3.604999999999999871e-01 -9.777674159752285377e-01
3.613000000000000100e-01 -9.276172794548297462e-01
3.620999999999999774e-01 -8.780402383791922061e-01
3.629000000000000004e-01 -8.278893219778816759e-01
3.637000000000000233e-01 -7.777376218910361239e-01
3.644999999999999907e-01 -7.281939568487535430e-01
3.652000000000000246e-01 -6.816017497083195487e-01
3.659999999999999920e-01 -6.335412713973742616e-01
3.668000000000000149e-01 -5.898063592902504926e-01
3.675999999999999823e-01 -5.494219634107487815e-01
3.684000000000000052e-01 -5.131243566688932223e-01
3.691999999999999726e-01 -4.816645723883763996e-01
3.699000000000000066e-01 -4.566622668416698838e-01
3.706999999999999740e-01 -4.362782232940742855e-01
3.714999999999999969e-01 -4.238598980666390958e-01
3.723000000000000198e-01 -4.192848661423164147e-01
3.730999999999999872e-01 -4.232783337837699444e-01
3.739000000000000101e-01 -4.365482676673165807e-01
3.745999999999999885e-01 -4.588645489269107536e-01
3.754000000000000115e-01 -4.936125321503272434e-01
3.761999999999999789e-01 -5.386757294550533759e-01
3.770000000000000018e-01 -5.955426055851033018e-01
3.778000000000000247e-01 -6.647498293139910697e-01
3.785999999999999921e-01 -7.467860444224729832e-01
3.793000000000000260e-01 -8.385990320254097519e-01
3.800999999999999934e-01 -9.510565447285618257e-01
3.809000000000000163e-01 -1.074013100825842670e+00
3.816999999999999837e-01 -1.211239206763896403e+00
3.825000000000000067e-01 -1.362956745909858158e+00
3.832999999999999741e-01 -1.529327089134419504e+00
3.840000000000000080e-01 -1.703908705967989601e+00
3.847999999999999754e-01 -1.906381712956909835e+00
3.855999999999999983e-01 -2.117098247792672527e+00
3.864000000000000212e-01 -2.342531855596358348e+00
3.871999999999999886e-01 -2.582557675983249812e+00
3.880000000000000115e-01 -2.836994088155042615e+00
3.886999999999999900e-01 -3.071594617140633421e+00
3.895000000000000129e-01 -3.377993752918345027e+00
3.902999999999999803e-01 -3.684200867338160101e+00
3.911000000000000032e-01 -3.993474646938926398e+00
