0.000000000000000000e+00 -1.707892604562637251e+00
1.399999999999999986e-03 -1.789907754861882694e+00
2.700000000000000143e-03 -1.895652806343884889e+00
4.100000000000000346e-03 -2.027238145523911239e+00
5.400000000000000286e-03 -2.186007979411438207e+00
6.799999999999999621e-03 -2.374039295959732065e+00
8.200000000000000691e-03 -2.592389589819841245e+00
9.499999999999999764e-03 -2.842258363907524732e+00
1.089999999999999997e-02 -3.125328904913896366e+00
1.230000000000000017e-02 -3.441841396407527398e+00
1.359999999999999924e-02 -3.792309499020076746e+00
1.499999999999999944e-02 -4.177914426287952843e+00
1.629999999999999852e-02 -4.597470666859400978e+00
1.770000000000000046e-02 -5.051977180749533503e+00
1.909999999999999892e-02 -5.539744297232077841e+00
2.040000000000000147e-02 -6.059655144481108202e+00
2.179999999999999993e-02 -6.611571531659437007e+00
2.309999999999999901e-02 -7.191945218649365756e+00
2.450000000000000094e-02 -7.800444120664539405e+00
2.589999999999999941e-02 -8.433089606218032941e+00
2.719999999999999848e-02 -9.086915526534040666e+00
2.860000000000000042e-02 -9.760293465454564554e+00
2.999999999999999889e-02 -1.044810531148041122e+01
3.130000000000000143e-02 -1.114654543091877947e+01
3.269999999999999990e-02 -1.185337970688167530e+01
3.400000000000000244e-02 -1.256223845061268563e+01
3.540000000000000091e-02 -1.327125658862996538e+01
3.679999999999999938e-02 -1.397455254528220259e+01
3.810000000000000192e-02 -1.466803550092699204e+01
3.950000000000000039e-02 -1.534941164061713792e+01
4.080000000000000293e-02 -1.601264283278858969e+01
4.220000000000000140e-02 -1.665636111446303502e+01
4.359999999999999987e-02 -1.727567526675200327e+01
4.490000000000000241e-02 -1.786769603607678292e+01
4.630000000000000088e-02 -1.843128133668673385e+01
4.769999999999999934e-02 -1.896280608710449656e+01
4.900000000000000189e-02 -1.946053438495776078e+01
5.040000000000000036e-02 -1.992429853191609723e+01
5.170000000000000290e-02 -2.035153943912532526e+01
5.310000000000000137e-02 -2.074312370268243200e+01
5.449999999999999983e-02 -2.109776042885536285e+01
5.580000000000000238e-02 -2.141564902030126660e+01
5.720000000000000084e-02 -2.169801863556705257e+01
5.850000000000000339e-02 -2.194458320077368896e+01
5.990000000000000185e-02 -2.215715916060187851e+01
6.130000000000000032e-02 -2.233633866919694100e+01
6.260000000000000286e-02 -2.248353528104726351e+01
6.400000000000000133e-02 -2.260062731217422538e+01
6.529999999999999694e-02 -2.268879880234601742e+01
6.669999999999999540e-02 -2.275010932289441001e+01
6.809999999999999387e-02 -2.278612432027675894e+01
6.940000000000000335e-02 -2.279875165635346335e+01
7.080000000000000182e-02 -2.278991907880412171e+01
7.220000000000000029e-02 -2.276146659630938984e+01
7.349999999999999589e-02 -2.271536152713026979e+01
7.489999999999999436e-02 -2.265339181672075242e+01
7.620000000000000384e-02 -2.257760001036969300e+01
7.760000000000000231e-02 -2.248959592836594723e+01
7.900000000000000078e-02 -2.239135581414627651e+01
8.029999999999999638e-02 -2.228461175346045664e+01
8.169999999999999485e-02 -2.217070844046324396e+01
8.300000000000000433e-02 -2.205150463327740340e+01
8.440000000000000280e-02 -2.192796212298151914e+01
8.580000000000000127e-02 -2.180154348895053928e+01
8.709999999999999687e-02 -2.167321934232427338e+01
8.849999999999999534e-02 -2.154341802223625635e+01
8.989999999999999380e-02 -2.141293628480154609e+01
9.120000000000000329e-02 -2.128197824238057478e+01
9.260000000000000175e-02 -2.115015831423143311e+01
9.389999999999999736e-02 -2.101753629354196917e+01
9.529999999999999583e-02 -2.088301800016325060e+01
9.669999999999999429e-02 -2.074597499754795749e+01
9.800000000000000377e-02 -2.060521949593036339e+01
9.940000000000000224e-02 -2.045899038355002375e+01
1.006999999999999978e-01 -2.030611820435637327e+01
1.020999999999999963e-01 -2.014436609461124661e+01
1.034999999999999948e-01 -1.997230581298618546e+01
1.048000000000000043e-01 -1.978810652590098584e+01
1.062000000000000027e-01 -1.958956613006525060e+01
1.076000000000000012e-01 -1.937550135593011547e+01
1.088999999999999968e-01 -1.914452022469492221e+01
1.102999999999999953e-01 -1.889492699970799805e+01
1.116000000000000048e-01 -1.862667696681669582e+01
1.130000000000000032e-01 -1.833852526577081221e+01
1.144000000000000017e-01 -1.803113141677489750e+01
1.156999999999999973e-01 -1.770501759720983159e+01
1.170999999999999958e-01 -1.736030278269603500e+01
1.184000000000000052e-01 -1.699947267884080659e+01
1.198000000000000037e-01 -1.662318457974087949e+01
1.212000000000000022e-01 -1.623453044389167488e+01
1.224999999999999978e-01 -1.583605469502445118e+01
1.238999999999999962e-01 -1.542955445120303004e+01
1.252999999999999947e-01 -1.501895201817358050e+01
1.265999999999999903e-01 -1.460726250331874176e+01
1.280000000000000027e-01 -1.419646980422980320e+01
1.292999999999999983e-01 -1.379075261112492079e+01
1.307000000000000106e-01 -1.339141786783352472e+01
1.320999999999999952e-01 -1.300174872764302769e+01
1.333999999999999908e-01 -1.262362474971367554e+01
1.348000000000000032e-01 -1.225755509866760029e+01
1.360999999999999988e-01 -1.190564715594084610e+01
1.375000000000000111e-01 -1.156711349367092012e+01
1.388999999999999957e-01 -1.124260795599838936e+01
1.401999999999999913e-01 -1.093136198066772558e+01
1.416000000000000036e-01 -1.063137476785276192e+01
1.429999999999999882e-01 -1.034170831846989103e+01
1.443000000000000116e-01 -1.006027323115350747e+01
1.456999999999999962e-01 -9.784021285007964863e+00
1.469999999999999918e-01 -9.511338891325094025e+00
1.484000000000000041e-01 -9.238729351358839992e+00
1.497999999999999887e-01 -8.964310162412610694e+00
1.511000000000000121e-01 -8.685707395650958063e+00
1.524999999999999967e-01 -8.400130452722606833e+00
1.537999999999999923e-01 -8.106776277922413954e+00
1.552000000000000046e-01 -7.803428902769502074e+00
1.565999999999999892e-01 -7.490073534317053472e+00
1.579000000000000126e-01 -7.166578659036349386e+00
1.592999999999999972e-01 -6.832595219050322299e+00
1.607000000000000095e-01 -6.489961528818029457e+00
1.620000000000000051e-01 -6.140334632890066757e+00
1.633999999999999897e-01 -5.785016448105809062e+00
1.647000000000000131e-01 -5.427784876471005049e+00
1.660999999999999976e-01 -5.070483754948973854e+00
1.675000000000000100e-01 -4.717274130669611765e+00
1.688000000000000056e-01 -4.371594803538248364e+00
1.701999999999999902e-01 -4.036099714573635033e+00
1.715000000000000135e-01 -3.715311777629552559e+00
1.728999999999999981e-01 -3.411400614585804014e+00
1.743000000000000105e-01 -3.128075982817696943e+00
1.756000000000000061e-01 -2.867819627261000814e+00
1.769999999999999907e-01 -2.632043540530340398e+00
1.782999999999999863e-01 -2.423063764120438890e+00
1.796999999999999986e-01 -2.241077910804549322e+00
1.811000000000000110e-01 -2.086914949899716820e+00
1.824000000000000066e-01 -1.960225131179814451e+00
1.837999999999999912e-01 -1.859842292649781070e+00
1.852000000000000035e-01 -1.784688291012478167e+00
1.864999999999999991e-01 -1.732849045939382604e+00
1.879000000000000115e-01 -1.701959411618111595e+00
1.892000000000000071e-01 -1.689622617162960028e+00
1.905999999999999917e-01 -1.693033992199647786e+00
1.920000000000000040e-01 -1.709393257337065375e+00
1.932999999999999996e-01 -1.735841812744631119e+00
1.947000000000000119e-01 -1.769713599595778231e+00
1.960000000000000075e-01 -1.808363149950146909e+00
1.973999999999999921e-01 -1.849614079784469123e+00
1.988000000000000045e-01 -1.891389412512120005e+00
2.001000000000000001e-01 -1.932059790503236840e+00
2.015000000000000124e-01 -1.970474683055154053e+00
2.028999999999999970e-01 -2.005667559572859471e+00
2.041999999999999926e-01 -2.037150005390405028e+00
2.056000000000000050e-01 -2.064844335700075639e+00
2.069000000000000006e-01 -2.088803895327029814e+00
2.083000000000000129e-01 -2.109509243287326807e+00
2.096999999999999975e-01 -2.127486865660947135e+00
2.109999999999999931e-01 -2.143450975849543916e+00
2.124000000000000055e-01 -2.158203996411431014e+00
2.137000000000000011e-01 -2.172447437694660533e+00
2.151000000000000134e-01 -2.186912867123218973e+00
2.164999999999999980e-01 -2.202127742267346644e+00
2.177999999999999936e-01 -2.218493013421275695e+00
2.192000000000000060e-01 -2.236256814778914137e+00
2.205999999999999905e-01 -2.255379281138422787e+00
2.218999999999999861e-01 -2.275650420014148079e+00
2.232999999999999985e-01 -2.296707037853452871e+00
2.245999999999999941e-01 -2.317894084473892669e+00
2.260000000000000064e-01 -2.338545486927072314e+00
2.273999999999999910e-01 -2.357768529033120508e+00
2.286999999999999866e-01 -2.374665366520143372e+00
2.300999999999999990e-01 -2.388371320363096739e+00
2.313999999999999946e-01 -2.397966940656909074e+00
2.328000000000000069e-01 -2.402712361050042045e+00
2.341999999999999915e-01 -2.401934855775110123e+00
2.354999999999999871e-01 -2.395170950051395575e+00
2.368999999999999995e-01 -2.382115938213327233e+00
2.383000000000000118e-01 -2.362714235748343494e+00
2.396000000000000074e-01 -2.337122931570281281e+00
2.409999999999999920e-01 -2.305633998312459187e+00
2.422999999999999876e-01 -2.268886197891569978e+00
2.437000000000000000e-01 -2.227491689251946294e+00
2.451000000000000123e-01 -2.182391169483806070e+00
2.464000000000000079e-01 -2.134546585806015973e+00
2.477999999999999925e-01 -2.084839336002256793e+00
2.490999999999999881e-01 -2.034436550416069078e+00
2.505000000000000004e-01 -1.984141321065578500e+00
2.519000000000000128e-01 -1.934963817032361533e+00
2.531999999999999806e-01 -1.887667763893132289e+00
2.545999999999999930e-01 -1.842757055132272059e+00
2.560000000000000053e-01 -1.800796165849711583e+00
2.572999999999999732e-01 -1.762048998352307105e+00
2.586999999999999855e-01 -1.726507787825388052e+00
2.600000000000000089e-01 -1.694205417519364154e+00
2.614000000000000212e-01 -1.664790979652992720e+00
2.627999999999999781e-01 -1.637971808524814721e+00
2.641000000000000014e-01 -1.613271751846826252e+00
2.655000000000000138e-01 -1.590103038026127624e+00
2.667999999999999816e-01 -1.567998251066362592e+00
2.681999999999999940e-01 -1.546359968395934148e+00
2.696000000000000063e-01 -1.524781576453734244e+00
2.708999999999999742e-01 -1.502899866819217500e+00
2.722999999999999865e-01 -1.480424951287433011e+00
2.736999999999999988e-01 -1.457326752014252103e+00
2.750000000000000222e-01 -1.433686967505674259e+00
2.763999999999999790e-01 -1.409692999731561924e+00
2.777000000000000024e-01 -1.385835374568581413e+00
2.791000000000000147e-01 -1.362593917247818975e+00
2.805000000000000271e-01 -1.340711648433138281e+00
2.817999999999999949e-01 -1.320960248611854571e+00
2.832000000000000073e-01 -1.304121867607500818e+00
2.844999999999999751e-01 -1.291098234006707424e+00
2.858999999999999875e-01 -1.282653822576909963e+00
2.872999999999999998e-01 -1.279555224004646385e+00
2.886000000000000232e-01 -1.282404746026662101e+00
2.899999999999999800e-01 -1.291670156414413073e+00
2.913000000000000034e-01 -1.307599325600322659e+00
2.927000000000000157e-01 -1.330291997919227365e+00
2.940999999999999726e-01 -1.359534497033466405e+00
2.953999999999999959e-01 -1.394905419497623589e+00
2.968000000000000083e-01 -1.435851939903224794e+00
2.982000000000000206e-01 -1.481433629337271629e+00
2.994999999999999885e-01 -1.530592310159438529e+00
3.009000000000000008e-01 -1.582244007584508561e+00
3.022000000000000242e-01 -1.634898701996341241e+00
3.035999999999999810e-01 -1.687324147554446707e+00
3.049999999999999933e-01 -1.737963770105455330e+00
3.063000000000000167e-01 -1.785419570556230351e+00
3.076999999999999735e-01 -1.828478785617465796e+00
3.089999999999999969e-01 -1.865789702785588755e+00
3.104000000000000092e-01 -1.896441382859320512e+00
3.118000000000000216e-01 -1.919510476777509522e+00
3.130999999999999894e-01 -1.934416798307873941e+00
3.145000000000000018e-01 -1.940863787209243352e+00
3.159000000000000141e-01 -1.938756283485277176e+00
3.171999999999999820e-01 -1.928344874014351396e+00
3.185999999999999943e-01 -1.910114894865564628e+00
3.199000000000000177e-01 -1.884906653614877303e+00
3.212999999999999745e-01 -1.853702989891249597e+00
3.226999999999999869e-01 -1.817864162747780954e+00
3.240000000000000102e-01 -1.778915067072316614e+00
3.254000000000000226e-01 -1.738467286894101793e+00
3.266999999999999904e-01 -1.698515087085436637e+00
3.281000000000000028e-01 -1.660925567100060229e+00
3.295000000000000151e-01 -1.627890432360706852e+00
3.307999999999999829e-01 -1.601567719259521461e+00
3.321999999999999953e-01 -1.584100799705660645e+00
3.336000000000000076e-01 -1.577784655614989706e+00
3.348999999999999755e-01 -1.584818080005989893e+00
3.362999999999999878e-01 -1.607421870802838493e+00
3.376000000000000112e-01 -1.647709878145473983e+00
3.390000000000000235e-01 -1.707892604562637695e+00
