0.000000000000000000e+00 -1.905744932156461902e+00
1.299999999999999940e-03 -1.932190320808903072e+00
2.599999999999999881e-03 -1.956758333990969101e+00
4.000000000000000083e-03 -1.977945098691740400e+00
5.300000000000000024e-03 -1.994406460240458312e+00
6.599999999999999964e-03 -2.005143330313527539e+00
7.900000000000000772e-03 -2.009546384567940880e+00
9.199999999999999845e-03 -2.007478904644350859e+00
1.060000000000000005e-02 -1.999311026174493300e+00
1.190000000000000085e-02 -1.985972803479375548e+00
1.319999999999999993e-02 -1.968925836799705786e+00
1.450000000000000074e-02 -1.950153104225205158e+00
1.590000000000000094e-02 -1.932063643871406722e+00
1.720000000000000001e-02 -1.917490137299448172e+00
1.849999999999999908e-02 -1.909507126420385559e+00
1.980000000000000163e-02 -1.911356776679960179e+00
2.110000000000000070e-02 -1.926296816558690450e+00
2.249999999999999917e-02 -1.957530951376085682e+00
2.380000000000000171e-02 -2.007953109847550710e+00
2.510000000000000078e-02 -2.080150323038044036e+00
2.639999999999999986e-02 -2.176232458888527344e+00
2.769999999999999893e-02 -2.297699809785970881e+00
2.910000000000000087e-02 -2.445681332990977008e+00
3.039999999999999994e-02 -2.620297717464984633e+00
3.169999999999999901e-02 -2.821268625114445872e+00
3.300000000000000155e-02 -3.047528974258395085e+00
3.440000000000000002e-02 -3.297867829710137588e+00
3.570000000000000256e-02 -3.569990351549966690e+00
3.699999999999999817e-02 -3.861646131603724719e+00
3.830000000000000071e-02 -4.170250622188956591e+00
3.960000000000000325e-02 -4.492987767410874689e+00
4.100000000000000172e-02 -4.827628549151975257e+00
4.229999999999999732e-02 -5.171321849452596986e+00
4.359999999999999987e-02 -5.522069422684622531e+00
4.490000000000000241e-02 -5.878169184116119439e+00
4.619999999999999801e-02 -6.238282180864921145e+00
4.760000000000000342e-02 -6.602239569992124579e+00
4.889999999999999902e-02 -6.969582983417060618e+00
5.020000000000000157e-02 -7.341036860635966832e+00
5.149999999999999717e-02 -7.717580589760371979e+00
5.290000000000000258e-02 -8.101285201336382968e+00
5.419999999999999818e-02 -8.493669190523693402e+00
5.550000000000000072e-02 -8.897107461010529406e+00
5.680000000000000326e-02 -9.313927613445102338e+00
5.809999999999999887e-02 -9.746202996932323614e+00
5.949999999999999734e-02 -1.019651766516101254e+01
6.079999999999999988e-02 -1.066598625306354897e+01
6.210000000000000242e-02 -1.115589378475927695e+01
6.339999999999999802e-02 -1.166675172475286892e+01
6.469999999999999363e-02 -1.219805208921054884e+01
6.610000000000000597e-02 -1.274940673329255070e+01
6.740000000000000158e-02 -1.331824236572634490e+01
6.869999999999999718e-02 -1.390206814467116025e+01
7.000000000000000666e-02 -1.449740029910509165e+01
7.130000000000000226e-02 -1.509984801492350037e+01
7.270000000000000073e-02 -1.570546107336804376e+01
7.399999999999999634e-02 -1.630840720742644123e+01
7.530000000000000582e-02 -1.690363392228850259e+01
7.660000000000000142e-02 -1.748558043379634341e+01
7.799999999999999989e-02 -1.804979826317678260e+01
7.929999999999999549e-02 -1.859079101231596809e+01
8.060000000000000497e-02 -1.910455032034853673e+01
8.190000000000000058e-02 -1.958749807648139907e+01
8.319999999999999618e-02 -2.003674471640898602e+01
8.459999999999999465e-02 -2.045099795606725124e+01
8.590000000000000413e-02 -2.082887218720501110e+01
8.719999999999999973e-02 -2.117068448278496007e+01
8.849999999999999534e-02 -2.147750274342405064e+01
8.980000000000000482e-02 -2.175115413774225814e+01
9.120000000000000329e-02 -2.199463480714427632e+01
9.249999999999999889e-02 -2.221094335518615637e+01
9.379999999999999449e-02 -2.240388272333031949e+01
9.510000000000000397e-02 -2.257738834902489344e+01
9.650000000000000244e-02 -2.273563993295604391e+01
9.779999999999999805e-02 -2.288229517865097762e+01
9.909999999999999365e-02 -2.302094739679698421e+01
1.004000000000000031e-01 -2.315456825565912169e+01
1.016999999999999987e-01 -2.328549110065649330e+01
1.030999999999999972e-01 -2.341543330855850158e+01
1.044000000000000067e-01 -2.354502020340406787e+01
1.057000000000000023e-01 -2.367423301507184874e+01
1.069999999999999979e-01 -2.380217624229667450e+01
1.082999999999999935e-01 -2.392711748971621688e+01
1.097000000000000058e-01 -2.404689107450030150e+01
1.110000000000000014e-01 -2.415849537951034520e+01
1.122999999999999970e-01 -2.425874024749827385e+01
1.136000000000000065e-01 -2.434419110607551318e+01
1.150000000000000050e-01 -2.441150647111136607e+01
1.163000000000000006e-01 -2.445737491886039194e+01
1.175999999999999962e-01 -2.447894388563399204e+01
1.189000000000000057e-01 -2.447385399982843879e+01
1.202000000000000013e-01 -2.444040813132760093e+01
1.215999999999999998e-01 -2.437756803657768856e+01
1.228999999999999954e-01 -2.428521000730304280e+01
1.242000000000000048e-01 -2.416393289089886665e+01
1.255000000000000004e-01 -2.401512765235791846e+01
1.267999999999999960e-01 -2.384095986459977468e+01
1.282000000000000084e-01 -2.364385746831747426e+01
1.295000000000000040e-01 -2.342719545928561686e+01
1.307999999999999996e-01 -2.319425042925330516e+01
1.320999999999999952e-01 -2.294852348823654609e+01
1.333999999999999908e-01 -2.269346564456598259e+01
1.348000000000000032e-01 -2.243182745671645506e+01
1.360999999999999988e-01 -2.216651707927494641e+01
1.373999999999999944e-01 -2.189939454215909365e+01
1.386999999999999900e-01 -2.163176341726507701e+01
1.401000000000000023e-01 -2.136367906533454786e+01
1.413999999999999979e-01 -2.109496813042105856e+01
1.426999999999999935e-01 -2.082415282130710210e+01
1.439999999999999891e-01 -2.054906005319438478e+01
1.453000000000000125e-01 -2.026692077909758893e+01
1.466999999999999971e-01 -1.997389901108828525e+01
1.479999999999999927e-01 -1.966652241677002522e+01
1.492999999999999883e-01 -1.934061411074496917e+01
1.506000000000000116e-01 -1.899219447362931135e+01
1.519000000000000072e-01 -1.861769195403603661e+01
1.532999999999999918e-01 -1.821337378000253793e+01
1.545999999999999874e-01 -1.777721197704289935e+01
1.559000000000000108e-01 -1.730742675677294073e+01
1.572000000000000064e-01 -1.680364490413711209e+01
1.585999999999999910e-01 -1.626580516887855765e+01
1.598999999999999866e-01 -1.569634778427180422e+01
1.612000000000000099e-01 -1.509810024667193140e+01
1.625000000000000056e-01 -1.447524874603167611e+01
1.638000000000000012e-01 -1.383333069161695761e+01
1.652000000000000135e-01 -1.317775795443512266e+01
1.665000000000000091e-01 -1.251623462361001238e+01
1.678000000000000047e-01 -1.185592377648979223e+01
1.691000000000000003e-01 -1.120444745300964051e+01
1.703999999999999959e-01 -1.056968175494204054e+01
1.718000000000000083e-01 -9.958141957972326708e+00
1.731000000000000039e-01 -9.377274759444189201e+00
1.743999999999999995e-01 -8.832683945038786177e+00
1.756999999999999951e-01 -8.329349631378377694e+00
1.771000000000000074e-01 -7.870277675332125966e+00
1.784000000000000030e-01 -7.458224280189430289e+00
1.796999999999999986e-01 -7.093775005629348485e+00
1.809999999999999942e-01 -6.776241836090953541e+00
1.822999999999999898e-01 -6.503626681526267994e+00
1.837000000000000022e-01 -6.272253859074464089e+00
1.849999999999999978e-01 -6.077842928417034329e+00
1.862999999999999934e-01 -5.914784392695025872e+00
1.875999999999999890e-01 -5.776834502086114931e+00
1.889000000000000123e-01 -5.657313252923008129e+00
1.902999999999999969e-01 -5.549179906385261596e+00
1.915999999999999925e-01 -5.445735637339236490e+00
1.928999999999999881e-01 -5.340457765692609549e+00
1.942000000000000115e-01 -5.227512191323414825e+00
1.955999999999999961e-01 -5.101681948280987200e+00
1.968999999999999917e-01 -4.959054080055123492e+00
1.981999999999999873e-01 -4.796632307904871162e+00
1.995000000000000107e-01 -4.612687688946860654e+00
2.008000000000000063e-01 -4.406820746944645428e+00
2.021999999999999909e-01 -4.179482277615216290e+00
2.034999999999999865e-01 -3.932811768161635246e+00
2.048000000000000098e-01 -3.669596601208708897e+00
2.061000000000000054e-01 -3.393581519253210388e+00
2.074000000000000010e-01 -3.109283466790219386e+00
2.088000000000000134e-01 -2.821203687030179541e+00
2.101000000000000090e-01 -2.534772191868272628e+00
2.114000000000000046e-01 -2.254942366080376459e+00
2.127000000000000002e-01 -1.986561807850727002e+00
2.139999999999999958e-01 -1.734151026604459744e+00
2.154000000000000081e-01 -1.501252048941426276e+00
2.167000000000000037e-01 -1.291237868551528889e+00
2.179999999999999993e-01 -1.106265452701431284e+00
2.192999999999999949e-01 -9.477443254861137589e-01
2.207000000000000073e-01 -8.159542053778191528e-01
2.220000000000000029e-01 -7.106126411306833424e-01
2.232999999999999985e-01 -6.304017752278945341e-01
2.245999999999999941e-01 -5.733372302943159360e-01
2.258999999999999897e-01 -5.368512358008853402e-01
2.273000000000000020e-01 -5.179039239486480373e-01
2.285999999999999976e-01 -5.132199261665354451e-01
2.298999999999999932e-01 -5.193847594985099292e-01
2.311999999999999889e-01 -5.330395706547109702e-01
2.325000000000000122e-01 -5.510193440931774322e-01
2.338999999999999968e-01 -5.705304443670725645e-01
2.351999999999999924e-01 -5.891730179779330889e-01
2.364999999999999880e-01 -6.051042891560648451e-01
2.378000000000000114e-01 -6.170446560307523143e-01
2.391999999999999960e-01 -6.243173139091534596e-01
2.404999999999999916e-01 -6.268013886524410605e-01
2.417999999999999872e-01 -6.249214781132040875e-01
2.431000000000000105e-01 -6.195587102659798617e-01
2.444000000000000061e-01 -6.119699775776960005e-01
2.457999999999999907e-01 -6.036619881917074659e-01
2.470999999999999863e-01 -5.963131122144916807e-01
2.484000000000000097e-01 -5.916245069038261750e-01
2.497000000000000053e-01 -5.912201510601339249e-01
2.510000000000000009e-01 -5.965395715169025115e-01
2.524000000000000132e-01 -6.087777582098520268e-01
2.536999999999999811e-01 -6.287646592250573097e-01
2.550000000000000044e-01 -6.569729595920524856e-01
2.562999999999999723e-01 -6.934523001120896923e-01
2.576999999999999846e-01 -7.379288756566008134e-01
2.590000000000000080e-01 -7.896515320664090343e-01
2.602999999999999758e-01 -8.476169145686163198e-01
2.615999999999999992e-01 -9.105489506184157866e-01
2.629000000000000226e-01 -9.769562287809702150e-01
2.642999999999999794e-01 -1.045363283263171406e+00
2.656000000000000028e-01 -1.114117933569712449e+00
2.669000000000000261e-01 -1.181751910616863244e+00
2.681999999999999940e-01 -1.246921446690146151e+00
2.695000000000000173e-01 -1.308475769374479736e+00
2.708999999999999742e-01 -1.365623460033183800e+00
2.721999999999999975e-01 -1.417733434483612331e+00
2.735000000000000209e-01 -1.464580722710447480e+00
2.747999999999999887e-01 -1.506221933530899282e+00
2.761000000000000121e-01 -1.542982196009264007e+00
2.775000000000000244e-01 -1.575480291705819491e+00
2.787999999999999923e-01 -1.604438190503137518e+00
2.801000000000000156e-01 -1.630754394974235133e+00
2.813999999999999835e-01 -1.655349102255176730e+00
2.827999999999999958e-01 -1.679162882299009896e+00
2.841000000000000192e-01 -1.702984773126448026e+00
2.853999999999999870e-01 -1.727491333905852633e+00
2.867000000000000104e-01 -1.753149212546164071e+00
2.879999999999999782e-01 -1.780176391401538050e+00
2.893999999999999906e-01 -1.808583115693476406e+00
2.907000000000000139e-01 -1.838054327622871797e+00
2.919999999999999818e-01 -1.868084420523806521e+00
2.933000000000000052e-01 -1.897950498707265510e+00
2.945999999999999730e-01 -1.926762068991737964e+00
2.959999999999999853e-01 -1.953573751083421683e+00
2.973000000000000087e-01 -1.977345988031400159e+00
2.985999999999999766e-01 -1.997123335772465813e+00
2.998999999999999999e-01 -2.012045960946419410e+00
3.013000000000000123e-01 -2.021446688043239792e+00
3.025999999999999801e-01 -2.024862579315886535e+00
3.039000000000000035e-01 -2.022125155191600854e+00
3.052000000000000268e-01 -2.013356207048412561e+00
3.064999999999999947e-01 -1.998999234568898276e+00
3.079000000000000070e-01 -1.979759305189758178e+00
3.091999999999999749e-01 -1.956660169756922585e+00
3.104999999999999982e-01 -1.930915930079475373e+00
3.118000000000000216e-01 -1.903911082494640139e+00
3.130999999999999894e-01 -1.877126915608529956e+00
3.145000000000000018e-01 -1.852012284056554714e+00
3.158000000000000251e-01 -1.830001009637372000e+00
3.170999999999999930e-01 -1.812329531524167869e+00
3.184000000000000163e-01 -1.800014726253370778e+00
3.197999999999999732e-01 -1.793767958444295596e+00
3.210999999999999965e-01 -1.793972790089371161e+00
3.224000000000000199e-01 -1.800631488054883711e+00
3.236999999999999877e-01 -1.813367981416551533e+00
3.250000000000000111e-01 -1.831434283110132011e+00
3.264000000000000234e-01 -1.853788165996136605e+00
3.276999999999999913e-01 -1.879066210082189103e+00
3.290000000000000147e-01 -1.905744932156461680e+00
