0.000000000000000000e+00 -6.073865788522641029e-01
1.799999999999999951e-03 -6.312552035903501446e-01
3.599999999999999901e-03 -6.842993892438569148e-01
5.400000000000000286e-03 -7.679999898099710842e-01
7.199999999999999803e-03 -8.834878725588627413e-01
8.999999999999999320e-03 -1.031576421351930506e+00
1.080000000000000057e-02 -1.212802102874828591e+00
1.260000000000000009e-02 -1.427473277893123171e+00
1.439999999999999961e-02 -1.675716641655760064e+00
1.619999999999999912e-02 -1.957529531832474579e+00
1.799999999999999864e-02 -2.272821110621642493e+00
1.980000000000000163e-02 -2.621441679324185703e+00
2.160000000000000114e-02 -3.003214602155802826e+00
2.340000000000000066e-02 -3.417936991673074409e+00
2.520000000000000018e-02 -3.865375331284771399e+00
2.699999999999999969e-02 -4.345252958660628551e+00
2.879999999999999921e-02 -4.857201261112178869e+00
3.059999999999999873e-02 -5.400726536490210172e+00
3.239999999999999825e-02 -5.975145433588226140e+00
3.420000000000000123e-02 -6.579526574653764115e+00
3.599999999999999728e-02 -7.212626240814492107e+00
3.780000000000000027e-02 -7.872820944947733324e+00
3.960000000000000325e-02 -8.558062236299614156e+00
4.139999999999999930e-02 -9.265817034968456767e+00
4.320000000000000229e-02 -9.993056059035273719e+00
4.499999999999999833e-02 -1.073622297693925098e+01
4.680000000000000132e-02 -1.149126364586394544e+01
4.859999999999999737e-02 -1.225363345285710359e+01
5.040000000000000036e-02 -1.301836837110899125e+01
5.220000000000000334e-02 -1.378014466528792958e+01
5.399999999999999939e-02 -1.453338077898374259e+01
5.580000000000000238e-02 -1.527236444062783605e+01
5.759999999999999842e-02 -1.599133993506178619e+01
5.940000000000000141e-02 -1.668464680887292673e+01
6.119999999999999746e-02 -1.734689226434235465e+01
6.300000000000000044e-02 -1.797303063303087711e+01
6.479999999999999649e-02 -1.855851839887480992e+01
6.660000000000000642e-02 -1.909938636383451893e+01
6.840000000000000246e-02 -1.959239213448953265e+01
7.019999999999999851e-02 -2.003501030759653290e+01
7.199999999999999456e-02 -2.042554795668448619e+01
7.380000000000000449e-02 -2.076309429438489218e+01
7.560000000000000053e-02 -2.104754850678328637e+01
7.739999999999999658e-02 -2.127955625673750006e+01
7.920000000000000651e-02 -2.146045299181503196e+01
8.100000000000000255e-02 -2.159219109321847796e+01
8.279999999999999860e-02 -2.167718497188276672e+01
8.459999999999999465e-02 -2.171822974062824585e+01
8.640000000000000457e-02 -2.171838187967733091e+01
8.820000000000000062e-02 -2.168079401154134089e+01
8.999999999999999667e-02 -2.160860822886737509e+01
9.180000000000000659e-02 -2.150487755130113143e+01
9.360000000000000264e-02 -2.137240074682919300e+01
9.539999999999999869e-02 -2.121371292110785589e+01
9.719999999999999474e-02 -2.103099922943523836e+01
9.900000000000000466e-02 -2.082606658208680628e+01
1.008000000000000007e-01 -2.060035690261103269e+01
1.025999999999999968e-01 -2.035497868742588423e+01
1.044000000000000067e-01 -2.009073515155789380e+01
1.062000000000000027e-01 -1.980820149357425564e+01
1.079999999999999988e-01 -1.950783300150290245e+01
1.097999999999999948e-01 -1.919003351314546180e+01
1.116000000000000048e-01 -1.885527258491210745e+01
1.135000000000000037e-01 -1.848613113975138944e+01
1.152999999999999997e-01 -1.813761081709379042e+01
1.170999999999999958e-01 -1.775679839534401339e+01
1.189000000000000057e-01 -1.736334098526351610e+01
1.207000000000000017e-01 -1.695925446473666653e+01
1.224999999999999978e-01 -1.654701006259051965e+01
1.242999999999999938e-01 -1.612947749106091777e+01
1.260999999999999899e-01 -1.570988582659940391e+01
1.279000000000000137e-01 -1.529178719184917767e+01
1.297000000000000097e-01 -1.487887745115784099e+01
1.315000000000000058e-01 -1.447496476008726596e+01
1.333000000000000018e-01 -1.408377240985175050e+01
1.350999999999999979e-01 -1.370881137364155578e+01
1.368999999999999939e-01 -1.335322077357232651e+01
1.386999999999999900e-01 -1.301966877795137734e+01
1.405000000000000138e-01 -1.271016838943750749e+01
1.423000000000000098e-01 -1.242598309409830648e+01
1.441000000000000059e-01 -1.216758075867637245e+01
1.459000000000000019e-01 -1.193450864731248728e+01
1.476999999999999980e-01 -1.172544113006751232e+01
1.494999999999999940e-01 -1.153814249099169942e+01
1.512999999999999901e-01 -1.136955910359603727e+01
1.531000000000000139e-01 -1.121588864614257908e+01
1.549000000000000099e-01 -1.107271140958185107e+01
1.567000000000000060e-01 -1.093511664530918637e+01
1.585000000000000020e-01 -1.079790881682388992e+01
1.602999999999999980e-01 -1.065581344735367963e+01
1.620999999999999941e-01 -1.050362514640066181e+01
1.638999999999999901e-01 -1.033641850382125504e+01
1.656999999999999862e-01 -1.014979145722822906e+01
1.675000000000000100e-01 -9.939960043781725929e+00
1.693000000000000060e-01 -9.703986698040063530e+00
1.711000000000000021e-01 -9.439838781823905123e+00
1.728999999999999981e-01 -9.146508544397351059e+00
1.746999999999999942e-01 -8.824042178746211107e+00
1.764999999999999902e-01 -8.473551235435500928e+00
1.782999999999999863e-01 -8.097168798080808472e+00
1.801000000000000101e-01 -7.697975778012709824e+00
1.819000000000000061e-01 -7.279884901003824460e+00
1.837000000000000022e-01 -6.847493511887915218e+00
1.854999999999999982e-01 -6.405916372542625581e+00
1.872999999999999943e-01 -5.960587046014625301e+00
1.890999999999999903e-01 -5.517077191184043272e+00
1.908999999999999864e-01 -5.080877953526138135e+00
1.927000000000000102e-01 -4.657217153855635061e+00
1.945000000000000062e-01 -4.250880798281489348e+00
1.963000000000000023e-01 -3.866058651076344166e+00
1.980999999999999983e-01 -3.506215562523482543e+00
1.998999999999999944e-01 -3.173999796763678827e+00
2.016999999999999904e-01 -2.871187982153408313e+00
2.034999999999999865e-01 -2.598662257003884868e+00
2.053000000000000103e-01 -2.356435464961888826e+00
2.071000000000000063e-01 -2.143697489493163300e+00
2.089000000000000024e-01 -1.958911757200625825e+00
2.106999999999999984e-01 -1.799921251097385877e+00
2.124999999999999944e-01 -1.664085643072779064e+00
2.142999999999999905e-01 -1.548434916403688577e+00
2.160999999999999865e-01 -1.449818309476254452e+00
2.179000000000000103e-01 -1.365066057490257556e+00
2.197000000000000064e-01 -1.291132077885223550e+00
2.215000000000000024e-01 -1.225230208726550085e+00
2.232999999999999985e-01 -1.164943139154245744e+00
2.250999999999999945e-01 -1.108313270280381291e+00
2.268999999999999906e-01 -1.053899764830886987e+00
2.286999999999999866e-01 -1.000805037190815483e+00
2.305000000000000104e-01 -9.486766143017983932e-01
2.323000000000000065e-01 -8.976751223890646614e-01
2.341000000000000025e-01 -8.484117207284084250e-01
2.358999999999999986e-01 -8.018751512879928045e-01
2.376999999999999946e-01 -7.593292983248824957e-01
2.394999999999999907e-01 -7.222038738111394851e-01
2.412999999999999867e-01 -6.919800399451404571e-01
2.431000000000000105e-01 -6.700716045324083270e-01
2.449000000000000066e-01 -6.577236434969304657e-01
2.467000000000000026e-01 -6.559078916428233708e-01
2.484999999999999987e-01 -6.652537426543345678e-01
2.503000000000000225e-01 -6.859817027722903138e-01
2.520999999999999908e-01 -7.178747749192687655e-01
2.539000000000000146e-01 -7.602714024213189647e-01
2.556999999999999829e-01 -8.120751114287357852e-01
2.575000000000000067e-01 -8.718038254899849182e-01
2.592999999999999750e-01 -9.376455013359759061e-01
2.610999999999999988e-01 -1.007538883857459266e+00
2.629000000000000226e-01 -1.079266261082366452e+00
2.646999999999999909e-01 -1.150556897942803358e+00
2.665000000000000147e-01 -1.219182917081980566e+00
2.682999999999999829e-01 -1.283066977643797513e+00
2.701000000000000068e-01 -1.340369646125064707e+00
2.718999999999999750e-01 -1.389566704312888090e+00
2.736999999999999988e-01 -1.429514387670832498e+00
2.755000000000000226e-01 -1.459487252872849306e+00
2.772999999999999909e-01 -1.479197919507674763e+00
2.791000000000000147e-01 -1.488796056805843371e+00
2.808999999999999830e-01 -1.488836754491878134e+00
2.827000000000000068e-01 -1.480237949914775530e+00
2.844999999999999751e-01 -1.464213798900197983e+00
2.862999999999999989e-01 -1.442197857858321441e+00
2.881000000000000227e-01 -1.415753706295156844e+00
2.898999999999999910e-01 -1.386480198471669478e+00
2.917000000000000148e-01 -1.355920715062897353e+00
2.934999999999999831e-01 -1.325476540646647328e+00
2.953000000000000069e-01 -1.296327059084315003e+00
2.970999999999999752e-01 -1.269368760157389087e+00
2.988999999999999990e-01 -1.245170372033492345e+00
3.007000000000000228e-01 -1.223946371221129148e+00
3.024999999999999911e-01 -1.205554240865293503e+00
3.043000000000000149e-01 -1.189511917787426487e+00
3.060999999999999832e-01 -1.175037484548007605e+00
3.079000000000000070e-01 -1.161100868145628739e+00
3.096999999999999753e-01 -1.146500777102219759e+00
3.114999999999999991e-01 -1.129941708099533093e+00
3.133000000000000229e-01 -1.110125945979150597e+00
3.150999999999999912e-01 -1.085844934594671907e+00
3.169000000000000150e-01 -1.056061591385616394e+00
3.186999999999999833e-01 -1.019995608678352816e+00
3.205000000000000071e-01 -9.771832020269620722e-01
3.222999999999999754e-01 -9.275314744289560043e-01
3.240999999999999992e-01 -8.713472209444237393e-01
3.259000000000000230e-01 -8.093465445708764028e-01
3.276999999999999913e-01 -7.426424092032772872e-01
3.295000000000000151e-01 -6.727096329975466027e-01
3.312999999999999834e-01 -6.013335042454071022e-01
3.331000000000000072e-01 -5.305370263969850786e-01
3.348999999999999755e-01 -4.624962259982542956e-01
3.367999999999999883e-01 -3.966612290021021558e-01
3.386000000000000121e-01 -3.435768096616002021e-01
3.403999999999999804e-01 -2.969454185730613371e-01
3.422000000000000042e-01 -2.613709725251166516e-01
3.439999999999999725e-01 -2.383543122419735649e-01
3.457999999999999963e-01 -2.290090697940175002e-01
3.476000000000000201e-01 -2.340114864899691949e-01
3.493999999999999884e-01 -2.535643632350823573e-01
3.512000000000000122e-01 -2.873911300824220638e-01
3.529999999999999805e-01 -3.347474191023708245e-01
3.548000000000000043e-01 -3.944570710191387386e-01
3.565999999999999726e-01 -4.649644564211341535e-01
3.583999999999999964e-01 -5.444074823974844879e-01
3.602000000000000202e-01 -6.307055296232245700e-01
3.619999999999999885e-01 -7.216475848253707248e-01
3.638000000000000123e-01 -8.149966116351166079e-01
3.655999999999999805e-01 -9.085844247582434141e-01
3.674000000000000044e-01 -1.000404186656915106e+00
3.691999999999999726e-01 -1.088694086339240696e+00
3.709999999999999964e-01 -1.172000773126288697e+00
3.728000000000000203e-01 -1.249232783782532552e+00
3.745999999999999885e-01 -1.319689158390698669e+00
3.764000000000000123e-01 -1.383066433715272936e+00
3.781999999999999806e-01 -1.439448692844280897e+00
3.800000000000000044e-01 -1.489268187700628632e+00
3.817999999999999727e-01 -1.533258766172560517e+00
3.835999999999999965e-01 -1.572385305880653839e+00
3.854000000000000203e-01 -1.607764085029994350e+00
3.871999999999999886e-01 -1.640574034069310461e+00
3.890000000000000124e-01 -1.671971358202286373e+00
3.907999999999999807e-01 -1.702998977791021051e+00
3.926000000000000045e-01 -1.734503975395996100e+00
3.943999999999999728e-01 -1.767076532861281413e+00
3.961999999999999966e-01 -1.800989567098848276e+00
3.980000000000000204e-01 -1.836164491702416024e+00
3.997999999999999887e-01 -1.872163342777021677e+00
4.016000000000000125e-01 -1.908185547189373832e+00
4.033999999999999808e-01 -1.943105985482621145e+00
4.052000000000000046e-01 -1.975515942234570499e+00
4.069999999999999729e-01 -2.003793609375918106e+00
4.087999999999999967e-01 -2.026183029911972966e+00
4.106000000000000205e-01 -2.040887160837427050e+00
4.123999999999999888e-01 -2.046162439369388686e+00
4.142000000000000126e-01 -2.040421216714352948e+00
4.159999999999999809e-01 -2.022325506409081708e+00
4.178000000000000047e-01 -1.990875977684104736e+00
4.195999999999999730e-01 -1.945485200486364752e+00
4.213999999999999968e-01 -1.886038198439241809e+00
4.232000000000000206e-01 -1.812930568035644674e+00
4.249999999999999889e-01 -1.727091465365013123e+00
4.268000000000000127e-01 -1.629976039880286498e+00
4.285999999999999810e-01 -1.523547421124949119e+00
4.304000000000000048e-01 -1.410228089585179756e+00
4.321999999999999731e-01 -1.292840744223847871e+00
4.339999999999999969e-01 -1.174531673332654957e+00
4.358000000000000207e-01 -1.058684188299157336e+00
4.375999999999999890e-01 -9.488234348623905134e-01
4.394000000000000128e-01 -8.485188964311172199e-01
4.411999999999999811e-01 -7.612943311690738568e-01
4.430000000000000049e-01 -6.905375898870811380e-01
4.447999999999999732e-01 -6.394233710204484389e-01
4.465999999999999970e-01 -6.108484789245602897e-01
4.484000000000000208e-01 -6.073865788522641029e-01
