0.000000000000000000e+00 -1.914495227027420143e-01
2.000000000000000042e-03 -1.025620189203841348e-01
3.899999999999999821e-03 -2.513441838934411116e-02
5.899999999999999863e-03 3.779920913595743309e-02
7.799999999999999642e-03 7.764681005160220528e-02
9.799999999999999684e-03 9.078621140024147051e-02
1.170000000000000033e-02 7.062540851881914106e-02
1.370000000000000037e-02 1.075122678699199502e-02
1.559999999999999928e-02 -9.278235832570336239e-02
1.760000000000000106e-02 -2.507814791498165774e-01
1.949999999999999997e-02 -4.640202472537761080e-01
2.149999999999999828e-02 -7.493384379984292520e-01
2.340000000000000066e-02 -1.103246852316910775e+00
2.539999999999999897e-02 -1.549736511621376378e+00
2.740000000000000074e-02 -2.085011556992462989e+00
2.929999999999999966e-02 -2.714212334008117899e+00
3.130000000000000143e-02 -3.466714738957162201e+00
3.320000000000000034e-02 -4.315700791465906683e+00
3.520000000000000212e-02 -5.300961049967947147e+00
3.710000000000000103e-02 -6.379417262176156456e+00
3.910000000000000281e-02 -7.593765371476700388e+00
4.100000000000000172e-02 -8.882267471803196202e+00
4.299999999999999656e-02 -1.028818075641926200e+01
4.490000000000000241e-02 -1.173194627043772442e+01
4.689999999999999725e-02 -1.325573205396455556e+01
4.880000000000000310e-02 -1.476709618315597261e+01
5.079999999999999793e-02 -1.630657259047586649e+01
5.269999999999999685e-02 -1.777750378871120773e+01
5.469999999999999862e-02 -1.921918546220172175e+01
5.670000000000000040e-02 -2.055621395937999552e+01
5.859999999999999931e-02 -2.176961736802611824e+01
6.060000000000000109e-02 -2.288248489574043631e+01
6.250000000000000000e-02 -2.383192647763101846e+01
6.450000000000000178e-02 -2.465672738231787875e+01
6.640000000000000069e-02 -2.531826763224772137e+01
6.840000000000000246e-02 -2.585376786107330815e+01
7.030000000000000138e-02 -2.624749842311635106e+01
7.230000000000000315e-02 -2.653241013734832521e+01
7.420000000000000207e-02 -2.670957658811813928e+01
7.620000000000000384e-02 -2.680436217650991537e+01
7.810000000000000275e-02 -2.682630378448380526e+01
8.010000000000000453e-02 -2.679021812431172833e+01
8.210000000000000631e-02 -2.670546995865999662e+01
8.400000000000000522e-02 -2.657955259590865538e+01
8.599999999999999312e-02 -2.640984162941494873e+01
8.790000000000000591e-02 -2.620169722752735453e+01
8.989999999999999380e-02 -2.594148864339511462e+01
9.180000000000000659e-02 -2.563352593776435029e+01
9.379999999999999449e-02 -2.525683187110841388e+01
9.569999999999999341e-02 -2.482022825784677167e+01
9.769999999999999518e-02 -2.429907032912516840e+01
9.959999999999999409e-02 -2.371259337816446688e+01
1.015999999999999959e-01 -2.303545012185897889e+01
1.034999999999999948e-01 -2.230075058910342278e+01
1.054999999999999966e-01 -2.148382998027368984e+01
1.074999999999999983e-01 -2.062128114980215443e+01
1.093999999999999972e-01 -1.972839903183637489e+01
1.113999999999999990e-01 -1.878959064487053254e+01
1.132999999999999979e-01 -1.786160530767616450e+01
1.152999999999999997e-01 -1.691724805799642084e+01
1.171999999999999986e-01 -1.601124895334538323e+01
1.192000000000000004e-01 -1.511240764327523500e+01
1.210999999999999993e-01 -1.426770578237420750e+01
1.231000000000000011e-01 -1.344154347405552663e+01
1.250000000000000000e-01 -1.267084495520965781e+01
1.270000000000000018e-01 -1.191686823272233653e+01
1.288999999999999868e-01 -1.120812369776477802e+01
1.308999999999999886e-01 -1.050523884934067098e+01
1.328999999999999904e-01 -9.825147627716912524e+00
1.348000000000000032e-01 -9.161101882246583727e+00
1.368000000000000049e-01 -8.485860157984333796e+00
1.386999999999999900e-01 -7.827071216365972361e+00
1.406999999999999917e-01 -7.154993527677455667e+00
1.426000000000000045e-01 -6.502382009144867858e+00
1.446000000000000063e-01 -5.844897738220017125e+00
1.464999999999999913e-01 -5.219042237587598443e+00
1.484999999999999931e-01 -4.604616745338721451e+00
1.504000000000000059e-01 -4.037843492564133108e+00
1.524000000000000077e-01 -3.500690921642793274e+00
1.542999999999999927e-01 -3.024149106375591867e+00
1.562999999999999945e-01 -2.590549062439026162e+00
1.582000000000000073e-01 -2.221822672192336867e+00
1.602000000000000091e-01 -1.899791762818083818e+00
1.622000000000000108e-01 -1.633242359967148616e+00
1.640999999999999959e-01 -1.414818585211192525e+00
1.660999999999999976e-01 -1.229981012316299527e+00
1.680000000000000104e-01 -1.079039802433686246e+00
1.700000000000000122e-01 -9.459633279929056116e-01
1.718999999999999972e-01 -8.287838154026562210e-01
1.738999999999999990e-01 -7.149144639690228065e-01
1.758000000000000118e-01 -6.042105923298773940e-01
1.778000000000000136e-01 -4.883147687016860528e-01
1.796999999999999986e-01 -3.712134798486927401e-01
1.817000000000000004e-01 -2.485361806782907523e-01
1.836000000000000132e-01 -1.283032834081432594e-01
1.855999999999999872e-01 -8.986435511299781242e-03
1.875999999999999890e-01 1.006988241933196027e-01
1.895000000000000018e-01 1.963179436695438040e-01
1.915000000000000036e-01 2.767144400569251927e-01
1.933999999999999886e-01 3.347182506014838577e-01
1.953999999999999904e-01 3.710491888776337732e-01
1.973000000000000032e-01 3.830962548898854125e-01
1.993000000000000049e-01 3.724689475444756259e-01
2.011999999999999900e-01 3.414406323301042434e-01
2.031999999999999917e-01 2.920913795564265558e-01
2.051000000000000045e-01 2.303125641646493471e-01
2.071000000000000063e-01 1.578180644287252854e-01
2.089999999999999913e-01 8.195582274706711412e-02
2.109999999999999931e-01 3.270110314449799216e-03
2.129999999999999949e-01 -7.239151573834971820e-02
2.149000000000000077e-01 -1.427242912535658936e-01
2.169000000000000095e-01 -2.086045974235173073e-01
2.187999999999999945e-01 -2.664216550729595623e-01
2.207999999999999963e-01 -3.190159444396630795e-01
2.227000000000000091e-01 -3.646498750490753671e-01
2.247000000000000108e-01 -4.064874309655596707e-01
2.265999999999999959e-01 -4.437035026357643019e-01
2.285999999999999976e-01 -4.790344365404625715e-01
2.305000000000000104e-01 -5.115917491592396615e-01
2.325000000000000122e-01 -5.432475108667583763e-01
2.343999999999999972e-01 -5.725622969341104262e-01
2.363999999999999990e-01 -6.005525227198567073e-01
2.384000000000000008e-01 -6.256793536545539602e-01
2.403000000000000136e-01 -6.474092074774923100e-01
2.422999999999999876e-01 -6.659186364306853845e-01
2.442000000000000004e-01 -6.800286494755033440e-01
2.462000000000000022e-01 -6.904468656877681410e-01
2.480999999999999872e-01 -6.970588737129180812e-01
2.500999999999999890e-01 -7.009933190901751487e-01
2.520000000000000018e-01 -7.031055373066947833e-01
2.540000000000000036e-01 -7.047700026931055239e-01
2.559000000000000163e-01 -7.071362896610180471e-01
2.579000000000000181e-01 -7.113587111686693332e-01
2.597999999999999754e-01 -7.179316049033825919e-01
2.617999999999999772e-01 -7.272556310273226021e-01
2.636999999999999900e-01 -7.384481727912294291e-01
2.656999999999999917e-01 -7.508114319776278967e-01
2.676999999999999935e-01 -7.621601319278830111e-01
2.696000000000000063e-01 -7.702623545447380149e-01
2.716000000000000081e-01 -7.727965638197502596e-01
2.735000000000000209e-01 -7.669842692781002613e-01
2.755000000000000226e-01 -7.502580930751212573e-01
2.773999999999999799e-01 -7.213544111180333340e-01
2.793999999999999817e-01 -6.779629299621049432e-01
2.812999999999999945e-01 -6.216259188655746115e-01
2.832999999999999963e-01 -5.507935492049561566e-01
2.852000000000000091e-01 -4.703363376539465568e-01
2.872000000000000108e-01 -3.796949136662549074e-01
2.891000000000000236e-01 -2.865907527922213482e-01
2.911000000000000254e-01 -1.914495227027412649e-01
