0.000000000000000000e+00 -6.031552747096615708e-01
2.399999999999999790e-03 -5.286979454743137019e-01
4.700000000000000185e-03 -4.581780967952890360e-01
7.100000000000000408e-03 -3.934832646751462715e-01
9.400000000000000369e-03 -3.421121247639131724e-01
1.179999999999999973e-02 -3.103985757428611714e-01
1.420000000000000082e-02 -3.086155108867855712e-01
1.650000000000000078e-02 -3.475116283502500680e-01
1.890000000000000013e-02 -4.417672306598008358e-01
2.120000000000000009e-02 -6.013830659550158941e-01
2.359999999999999945e-02 -8.458504425681858674e-01
2.589999999999999941e-02 -1.179447219286185566e+00
2.829999999999999877e-02 -1.620607251085309342e+00
3.070000000000000159e-02 -2.180523288592850495e+00
3.300000000000000155e-02 -2.849614984036647147e+00
3.540000000000000091e-02 -3.652025497295563472e+00
3.769999999999999740e-02 -4.560470745214458610e+00
4.009999999999999676e-02 -5.590644265216054620e+00
4.250000000000000305e-02 -6.736682275929298136e+00
4.479999999999999954e-02 -7.959087111725845709e+00
4.719999999999999890e-02 -9.282862859122960941e+00
4.950000000000000233e-02 -1.065102159696223794e+01
5.190000000000000169e-02 -1.207783780644881766e+01
5.430000000000000104e-02 -1.354534901158361748e+01
5.659999999999999754e-02 -1.499981504942641486e+01
5.899999999999999689e-02 -1.646591995927310137e+01
6.130000000000000032e-02 -1.787830565910181235e+01
6.370000000000000662e-02 -1.924925288911499521e+01
6.610000000000000597e-02 -2.055655321506019817e+01
6.840000000000000246e-02 -2.175211667903771939e+01
7.080000000000000182e-02 -2.285383913562929692e+01
7.309999999999999831e-02 -2.381345912979687185e+01
7.549999999999999767e-02 -2.464680459944698754e+01
7.779999999999999416e-02 -2.532118577146574268e+01
8.019999999999999352e-02 -2.584900043268100234e+01
8.260000000000000675e-02 -2.622785200491694368e+01
8.490000000000000324e-02 -2.645799912553827582e+01
8.730000000000000260e-02 -2.655641223752229152e+01
8.959999999999999909e-02 -2.653621140421448388e+01
9.199999999999999845e-02 -2.641531726030682847e+01
9.439999999999999780e-02 -2.621113976737747819e+01
9.669999999999999429e-02 -2.594867349592452044e+01
9.909999999999999365e-02 -2.563645400805069841e+01
1.014000000000000040e-01 -2.529781946683800697e+01
1.038000000000000034e-01 -2.493373750626200192e+01
1.062000000000000027e-01 -2.454708125375544725e+01
1.084999999999999992e-01 -2.414491836636057798e+01
1.108999999999999986e-01 -2.370719907719756137e+01
1.131999999999999951e-01 -2.323676783095212173e+01
1.155999999999999944e-01 -2.270966881099952062e+01
1.179999999999999938e-01 -2.211111115279732786e+01
1.203000000000000042e-01 -2.144492543119606864e+01
1.227000000000000035e-01 -2.068207043756314079e+01
1.250000000000000000e-01 -1.984489235405146701e+01
1.274000000000000132e-01 -1.891115812134191287e+01
1.297000000000000097e-01 -1.792157789510686783e+01
1.320999999999999952e-01 -1.687098597350540530e+01
1.345000000000000084e-01 -1.578136899636258228e+01
1.368000000000000049e-01 -1.470391866070423781e+01
1.391999999999999904e-01 -1.363221493781814075e+01
1.414999999999999869e-01 -1.262366416164065086e+01
1.439000000000000001e-01 -1.167553673231851086e+01
1.463000000000000134e-01 -1.080474087776411807e+01
1.486000000000000099e-01 -1.003725723467390374e+01
1.509999999999999953e-01 -9.349662005950118981e+00
1.532999999999999918e-01 -8.754131301594073378e+00
1.557000000000000051e-01 -8.221654895620636339e+00
1.580999999999999905e-01 -7.733746256058831037e+00
1.603999999999999870e-01 -7.278855407160315316e+00
1.628000000000000003e-01 -6.820548257494386313e+00
1.650999999999999968e-01 -6.353538188668746756e+00
1.675000000000000100e-01 -5.852156215960997443e+00
1.698999999999999955e-01 -5.307061851945415576e+00
1.721999999999999920e-01 -4.730338304677582428e+00
1.746000000000000052e-01 -4.109817174057917022e+00
1.769000000000000017e-01 -3.477293131679849658e+00
1.792999999999999872e-01 -2.830812249747891141e+00
1.816000000000000114e-01 -2.210642181418332353e+00
1.839999999999999969e-01 -1.623638284408827515e+00
1.864000000000000101e-01 -1.091003591536372053e+00
1.887000000000000066e-01 -6.399958654559180227e-01
1.910999999999999921e-01 -2.686631458952740137e-01
1.933999999999999886e-01 7.440155504267156189e-03
1.958000000000000018e-01 1.963902794902568083e-01
1.981999999999999873e-01 3.034110651625738786e-01
2.005000000000000115e-01 3.393805145216338137e-01
2.028999999999999970e-01 3.202421133773186157e-01
2.051999999999999935e-01 2.636757808126241609e-01
2.076000000000000068e-01 1.850518746807021109e-01
2.099999999999999922e-01 9.891822739738953540e-02
2.122999999999999887e-01 1.893715232195200202e-02
2.147000000000000020e-01 -4.925705170222974272e-02
2.169999999999999984e-01 -9.978148116747807828e-02
2.194000000000000117e-01 -1.335780450991261581e-01
2.217999999999999972e-01 -1.529542334275149629e-01
2.240999999999999936e-01 -1.622585249844797073e-01
2.265000000000000069e-01 -1.671656278874544543e-01
2.288000000000000034e-01 -1.725969402640016304e-01
2.311999999999999889e-01 -1.827072405850065362e-01
2.335000000000000131e-01 -1.992409879035653142e-01
2.358999999999999986e-01 -2.226692605381198897e-01
2.383000000000000118e-01 -2.513257562843455029e-01
2.406000000000000083e-01 -2.812741710904194115e-01
2.429999999999999938e-01 -3.093894324828461162e-01
2.452999999999999903e-01 -3.308807781043916485e-01
2.477000000000000035e-01 -3.430155132006389440e-01
2.500999999999999890e-01 -3.436179201057616983e-01
2.524000000000000132e-01 -3.326901505320661867e-01
2.548000000000000265e-01 -3.114004947804071000e-01
2.570999999999999952e-01 -2.836387166094406775e-01
2.595000000000000084e-01 -2.530847622869471514e-01
2.619000000000000217e-01 -2.245827930146552798e-01
2.641999999999999904e-01 -2.032709547172045494e-01
2.666000000000000036e-01 -1.923220454399374446e-01
2.688999999999999724e-01 -1.942263407150447985e-01
2.712999999999999856e-01 -2.095352786496506581e-01
2.736999999999999988e-01 -2.373112480912465960e-01
2.760000000000000231e-01 -2.739322869941425709e-01
2.783999999999999808e-01 -3.166500879884859287e-01
2.807000000000000051e-01 -3.597341666974141483e-01
2.831000000000000183e-01 -4.001940417486544166e-01
2.853999999999999870e-01 -4.333991397645634569e-01
2.878000000000000003e-01 -4.579972569345367450e-01
2.902000000000000135e-01 -4.732442687841073581e-01
2.924999999999999822e-01 -4.801156925728681801e-01
2.948999999999999955e-01 -4.814630518249071178e-01
2.972000000000000197e-01 -4.810171097049578126e-01
2.995999999999999774e-01 -4.830656695367594455e-01
3.019999999999999907e-01 -4.919410853495441160e-01
3.043000000000000149e-01 -5.107103273991675518e-01
3.066999999999999726e-01 -5.422842085851330429e-01
3.089999999999999969e-01 -5.861555780333865817e-01
3.114000000000000101e-01 -6.421766729646103400e-01
3.138000000000000234e-01 -7.078412942560535770e-01
3.160999999999999921e-01 -7.775285802612301733e-01
3.185000000000000053e-01 -8.485969503426089577e-01
3.207999999999999741e-01 -9.139378779681305298e-01
3.231999999999999873e-01 -9.704584732256344992e-01
3.256000000000000005e-01 -1.014060687751864531e+00
3.279000000000000248e-01 -1.041406227488621106e+00
3.302999999999999825e-01 -1.051899085212682383e+00
3.326000000000000068e-01 -1.045425910653851709e+00
3.350000000000000200e-01 -1.022798346859578267e+00
3.372999999999999887e-01 -9.867871713129590105e-01
3.397000000000000020e-01 -9.389699972873912781e-01
3.421000000000000152e-01 -8.815510948854418105e-01
3.443999999999999839e-01 -8.182091429222517753e-01
3.467999999999999972e-01 -7.488238010399740352e-01
3.491000000000000214e-01 -6.771681035724349540e-01
3.514999999999999791e-01 -6.031552747096620148e-01
