0.000000000000000000e+00 -5.072874010384956778e-01
2.299999999999999961e-03 -4.390671422470756036e-01
4.700000000000000185e-03 -4.220331286793687076e-01
7.000000000000000146e-03 -4.906152413431416615e-01
9.400000000000000369e-03 -6.763178341227927826e-01
1.170000000000000033e-02 -9.962192512495355867e-01
1.409999999999999969e-02 -1.489889896121206814e+00
1.640000000000000138e-02 -2.144182493558078217e+00
1.870000000000000134e-02 -2.963454658393307906e+00
2.110000000000000070e-02 -4.008359744938680080e+00
2.340000000000000066e-02 -5.190518156743367584e+00
2.580000000000000002e-02 -6.530894742571710765e+00
2.809999999999999998e-02 -7.938942050817170859e+00
3.049999999999999933e-02 -9.461662130701407492e+00
3.280000000000000276e-02 -1.097497201592872784e+01
3.509999999999999926e-02 -1.246768047842749638e+01
3.749999999999999861e-02 -1.400778389967859106e+01
3.980000000000000204e-02 -1.544241757071776888e+01
4.220000000000000140e-02 -1.680924735517860924e+01
4.449999999999999789e-02 -1.803407338508469238e+01
4.689999999999999725e-02 -1.918022602852717640e+01
4.920000000000000068e-02 -2.017555441345612977e+01
5.149999999999999717e-02 -2.104382775889627766e+01
5.390000000000000346e-02 -2.183934997852117732e+01
5.619999999999999996e-02 -2.249575280331089644e+01
5.859999999999999931e-02 -2.304576796018536911e+01
6.090000000000000274e-02 -2.346893773288016760e+01
6.329999999999999516e-02 -2.379204442731202818e+01
6.560000000000000553e-02 -2.399528548687854368e+01
6.790000000000000202e-02 -2.408916687796040534e+01
7.030000000000000138e-02 -2.407465313621232994e+01
7.259999999999999787e-02 -2.394944538594860362e+01
7.499999999999999722e-02 -2.371595237543439083e+01
7.729999999999999372e-02 -2.339361167487193782e+01
7.969999999999999307e-02 -2.297506908954848015e+01
8.200000000000000344e-02 -2.249681916965267092e+01
8.429999999999999993e-02 -2.196941479750313775e+01
8.669999999999999929e-02 -2.136870759186479773e+01
8.899999999999999578e-02 -2.075370307375757051e+01
9.139999999999999514e-02 -2.011049413237123318e+01
9.370000000000000551e-02 -1.947367311551540325e+01
9.610000000000000486e-02 -1.880714222472416353e+01
9.840000000000000135e-02 -1.814590125213703686e+01
1.006999999999999978e-01 -1.747210875245259487e+01
1.030999999999999972e-01 -1.672751680041656286e+01
1.053999999999999937e-01 -1.595653995580469342e+01
1.078000000000000069e-01 -1.511592921142637280e+01
1.101000000000000034e-01 -1.423398331529842586e+01
1.125000000000000028e-01 -1.325467583196341437e+01
1.147999999999999993e-01 -1.223597717083339376e+01
1.170999999999999958e-01 -1.117363042637348869e+01
1.194999999999999951e-01 -1.000822804606805150e+01
1.218000000000000055e-01 -8.852387642540778145e+00
1.242000000000000048e-01 -7.686343609480993599e+00
1.265000000000000013e-01 -6.589620248232749944e+00
1.288999999999999868e-01 -5.526023985612956047e+00
1.312000000000000111e-01 -4.583195920237317367e+00
1.335000000000000075e-01 -3.758628487165255549e+00
1.358999999999999930e-01 -3.015452908437956658e+00
1.381999999999999895e-01 -2.424089082853972954e+00
1.406000000000000028e-01 -1.953329866662986580e+00
1.428999999999999992e-01 -1.610646502060177010e+00
1.453000000000000125e-01 -1.357171074712905101e+00
1.476000000000000090e-01 -1.187400033046395631e+00
1.499000000000000055e-01 -1.071716416559160168e+00
1.522999999999999909e-01 -9.831789794079308642e-01
1.545999999999999874e-01 -9.114140780790273011e-01
1.570000000000000007e-01 -8.388507703148158079e-01
1.592999999999999972e-01 -7.608568986435341186e-01
1.617000000000000104e-01 -6.711634352989449548e-01
1.640000000000000069e-01 -5.786362817341380582e-01
1.663000000000000034e-01 -4.896753446491283746e-01
1.686999999999999889e-01 -4.088612455440147064e-01
1.710000000000000131e-01 -3.544261988243690431e-01
1.733999999999999986e-01 -3.334032519725999011e-01
1.756999999999999951e-01 -3.526667805506073505e-01
1.781000000000000083e-01 -4.153505007121139347e-01
1.804000000000000048e-01 -5.159491245114503633e-01
1.827999999999999903e-01 -6.532717658845765829e-01
1.850999999999999868e-01 -8.094920209111228226e-01
1.874000000000000110e-01 -9.737933637334347248e-01
1.897999999999999965e-01 -1.144576164598748891e+00
1.920999999999999930e-01 -1.295552216214668206e+00
1.945000000000000062e-01 -1.422983210786262331e+00
1.968000000000000027e-01 -1.515183577247503743e+00
1.991999999999999882e-01 -1.575359674178830049e+00
2.015000000000000124e-01 -1.601221073076026125e+00
2.038000000000000089e-01 -1.600122462404403922e+00
2.061999999999999944e-01 -1.578063556671910561e+00
2.084999999999999909e-01 -1.544705390967335612e+00
2.109000000000000041e-01 -1.507969455484427623e+00
2.132000000000000006e-01 -1.476830950283796406e+00
2.156000000000000139e-01 -1.454501896092837310e+00
2.179000000000000103e-01 -1.444478903989931062e+00
2.202000000000000068e-01 -1.445023174660671650e+00
2.225999999999999923e-01 -1.453297085783499476e+00
2.248999999999999888e-01 -1.463635278475073020e+00
2.273000000000000020e-01 -1.470051346361467948e+00
2.295999999999999985e-01 -1.466473854985981484e+00
2.320000000000000118e-01 -1.448171806117170668e+00
2.343000000000000083e-01 -1.413669820941230393e+00
2.366000000000000048e-01 -1.363618895816614218e+00
2.389999999999999902e-01 -1.296469370293256151e+00
2.412999999999999867e-01 -1.221880489360196220e+00
2.437000000000000000e-01 -1.143718403852310272e+00
2.459999999999999964e-01 -1.072496837169528705e+00
2.484000000000000097e-01 -1.010697582898862246e+00
2.506999999999999784e-01 -9.672038309221437924e-01
2.530000000000000027e-01 -9.431624590348051118e-01
2.554000000000000159e-01 -9.385958459056837899e-01
2.576999999999999846e-01 -9.529248180671264778e-01
2.600999999999999979e-01 -9.819586453046120766e-01
2.624000000000000221e-01 -1.018484316212533880e+00
2.647999999999999798e-01 -1.058074951304337930e+00
2.671000000000000041e-01 -1.092369015532147714e+00
2.693999999999999728e-01 -1.117464482762238420e+00
2.717999999999999861e-01 -1.131370552176698796e+00
2.741000000000000103e-01 -1.131296101823436651e+00
2.765000000000000235e-01 -1.118773388390845724e+00
2.787999999999999923e-01 -1.097552638042208706e+00
2.812000000000000055e-01 -1.070776896926655342e+00
2.834999999999999742e-01 -1.044587880949536807e+00
2.857999999999999985e-01 -1.022612418713334748e+00
2.882000000000000117e-01 -1.006699388535487349e+00
2.904999999999999805e-01 -9.999454064994830471e-01
2.928999999999999937e-01 -1.001369688079104092e+00
2.952000000000000179e-01 -1.008524613765294342e+00
2.975999999999999757e-01 -1.018124335814206693e+00
2.998999999999999999e-01 -1.025430101454952281e+00
3.022000000000000242e-01 -1.026837532564571109e+00
3.045999999999999819e-01 -1.019031450910108161e+00
3.069000000000000061e-01 -1.000693023908429957e+00
3.093000000000000194e-01 -9.719309726692317852e-01
3.115999999999999881e-01 -9.367823749356367635e-01
3.140000000000000013e-01 -8.976075110195225193e-01
3.163000000000000256e-01 -8.618716779168035247e-01
3.185999999999999943e-01 -8.338484727418805642e-01
3.210000000000000075e-01 -8.163319115554728000e-01
3.232999999999999763e-01 -8.136853174408149592e-01
3.256999999999999895e-01 -8.250852297426656268e-01
3.280000000000000138e-01 -8.465066216828438517e-01
3.304000000000000270e-01 -8.729603895752211518e-01
3.326999999999999957e-01 -8.949590219514178546e-01
3.350000000000000200e-01 -9.046970684987413192e-01
3.373999999999999777e-01 -8.940602265809166616e-01
3.397000000000000020e-01 -8.571377886977102900e-01
3.421000000000000152e-01 -7.915793081151404342e-01
3.443999999999999839e-01 -7.047845725564397812e-01
3.467999999999999972e-01 -6.024762303543722552e-01
3.491000000000000214e-01 -5.072874010384954557e-01
