0.000000000000000000e+00 -7.423263899286590117e+01
6.499999999999999702e-03 -7.709272624968870957e+01
1.290000000000000001e-02 -8.102170271298152215e+01
1.940000000000000058e-02 -8.627575082048907973e+01
2.580000000000000002e-02 -9.292006069568529369e+01
3.230000000000000232e-02 -1.007942529864886865e+02
3.869999999999999829e-02 -1.095281306735110149e+02
4.519999999999999712e-02 -1.185996528479553120e+02
5.160000000000000003e-02 -1.274262705924694927e+02
5.809999999999999887e-02 -1.354703118151403487e+02
6.450000000000000178e-02 -1.423258408209911465e+02
7.099999999999999367e-02 -1.477760548182078537e+02
7.739999999999999658e-02 -1.518027620339520070e+02
8.390000000000000235e-02 -1.545541028830478751e+02
9.030000000000000526e-02 -1.562778069445934648e+02
9.679999999999999716e-02 -1.572450676457588088e+02
1.032000000000000001e-01 -1.576802181192396972e+02
1.097000000000000058e-01 -1.577200377378992187e+02
1.160999999999999949e-01 -1.574088497419431292e+02
1.226000000000000006e-01 -1.567194678515600685e+02
1.290000000000000036e-01 -1.556026703969273797e+02
1.355000000000000093e-01 -1.540266564007628460e+02
1.418999999999999984e-01 -1.520101707516743943e+02
1.484000000000000041e-01 -1.496170109679262339e+02
1.547999999999999932e-01 -1.469416631931554207e+02
1.612999999999999989e-01 -1.440581176111545005e+02
1.676999999999999880e-01 -1.409799724275948165e+02
1.741999999999999937e-01 -1.376360120072809252e+02
1.806000000000000105e-01 -1.338666121496767971e+02
1.870999999999999885e-01 -1.294684069960516410e+02
1.935000000000000053e-01 -1.242482951992772087e+02
2.000000000000000111e-01 -1.180980674334113019e+02
2.064000000000000001e-01 -1.110534281843515600e+02
2.129000000000000059e-01 -1.033139252014889280e+02
2.192999999999999949e-01 -9.523089856037732659e+01
2.258000000000000007e-01 -8.724264422320744927e+01
2.321999999999999897e-01 -7.978659390351759839e+01
2.386999999999999955e-01 -7.319969960589938296e+01
2.451000000000000123e-01 -6.764517104433005557e+01
2.515999999999999903e-01 -6.307062125521444784e+01
2.580000000000000071e-01 -5.922889983740307684e+01
2.645000000000000129e-01 -5.573806897213763278e+01
2.708999999999999742e-01 -5.218187653569758311e+01
2.773999999999999799e-01 -4.821265022571812864e+01
2.837999999999999967e-01 -4.363888000656135091e+01
2.903000000000000025e-01 -3.846725627919895629e+01
2.967000000000000193e-01 -3.289746006448694970e+01
3.032000000000000250e-01 -2.726389602842646198e+01
3.095999999999999863e-01 -2.195050613047531485e+01
3.160999999999999921e-01 -1.729346664416824453e+01
3.225999999999999979e-01 -1.350553115902196133e+01
3.290000000000000147e-01 -1.063542522033043625e+01
3.355000000000000204e-01 -8.572135245217934241e+00
3.418999999999999817e-01 -7.091108111286386517e+00
3.483999999999999875e-01 -5.923878397420216046e+00
3.548000000000000043e-01 -4.832143491907380017e+00
3.613000000000000100e-01 -3.663721592645465375e+00
3.677000000000000268e-01 -2.378070268872269022e+00
3.741999999999999771e-01 -1.035266412818918624e+00
3.805999999999999939e-01 2.422658007201533015e-01
3.870999999999999996e-01 1.323146450681494057e+00
3.935000000000000164e-01 2.115253414999299864e+00
4.000000000000000222e-01 2.595937036954217625e+00
4.063999999999999835e-01 2.814646065777493877e+00
4.128999999999999893e-01 2.870181072848534853e+00
4.193000000000000060e-01 2.871707390310904717e+00
4.258000000000000118e-01 2.897846287159894008e+00
4.321999999999999731e-01 2.968106926645280641e+00
4.386999999999999789e-01 3.036168785909095114e+00
4.450999999999999956e-01 3.006822648163976819e+00
4.516000000000000014e-01 2.770410392793164700e+00
4.580000000000000182e-01 2.243036757076334098e+00
4.645000000000000240e-01 1.398357311671711845e+00
4.708999999999999853e-01 2.809353704729397050e-01
4.773999999999999910e-01 -1.004948553357631669e+00
4.838000000000000078e-01 -2.325923008695017558e+00
4.903000000000000136e-01 -3.562329661640425194e+00
4.966999999999999749e-01 -4.647405669300940900e+00
5.031999999999999806e-01 -5.593102060104256701e+00
5.096000000000000529e-01 -6.492512593442428148e+00
5.161000000000000032e-01 -7.500337539792228725e+00
5.224999999999999645e-01 -8.795983097209347790e+00
5.290000000000000258e-01 -1.054177265757084392e+01
5.353999999999999870e-01 -1.284741375253527984e+01
5.419000000000000483e-01 -1.575170842652750203e+01
5.483000000000000096e-01 -1.922177386396175081e+01
5.547999999999999599e-01 -2.317216181410236686e+01
5.612000000000000322e-01 -2.748923044857854592e+01
5.676999999999999824e-01 -3.205805031039400177e+01
5.741000000000000547e-01 -3.677458745702316634e+01
5.806000000000000050e-01 -4.154940538083548773e+01
5.869999999999999662e-01 -4.629441479915606550e+01
5.935000000000000275e-01 -5.091186045951602779e+01
5.998999999999999888e-01 -5.528367134885338174e+01
6.064000000000000501e-01 -5.928031514782795597e+01
6.128000000000000114e-01 -6.278365737021301385e+01
6.192999999999999616e-01 -6.572693781734268725e+01
6.257000000000000339e-01 -6.813390070022406064e+01
6.321999999999999842e-01 -7.015275926951963470e+01
6.385999999999999455e-01 -7.205934603571297714e+01
6.451000000000000068e-01 -7.423263899286588696e+01
