0.000000000000000000e+00 -3.309228117318085083e+01
2.860000000000000042e-02 -3.912424527938274821e+01
5.720000000000000084e-02 -4.398899816731543666e+01
8.580000000000000127e-02 -4.904202384458004360e+01
1.144000000000000017e-01 -5.380981574215677199e+01
1.429999999999999882e-01 -5.869270008170258279e+01
1.716000000000000025e-01 -6.306799141492437855e+01
2.001999999999999891e-01 -6.585891344258762103e+01
2.288000000000000034e-01 -6.832731686902192791e+01
2.574000000000000177e-01 -7.087552587626490208e+01
2.859999999999999765e-01 -7.257577376302148764e+01
3.145999999999999908e-01 -7.366872984360276178e+01
3.432000000000000051e-01 -7.503552524522613965e+01
3.718000000000000194e-01 -7.652177002912561932e+01
4.003999999999999782e-01 -7.759454117491567615e+01
4.289999999999999925e-01 -7.848839783661104264e+01
4.576000000000000068e-01 -7.921528717006081877e+01
4.862000000000000210e-01 -8.020685771128513863e+01
5.148000000000000353e-01 -8.182176869166984545e+01
5.433999999999999941e-01 -8.333957556117539411e+01
5.719999999999999529e-01 -8.522942478373776964e+01
6.006000000000000227e-01 -8.772083158715682316e+01
6.291999999999999815e-01 -9.012208617570325941e+01
6.578000000000000513e-01 -9.239684259232743102e+01
6.864000000000000101e-01 -9.363144911731390607e+01
7.149999999999999689e-01 -9.408330029267020223e+01
7.436000000000000387e-01 -9.514587199474310353e+01
7.721999999999999975e-01 -9.606226575767622933e+01
8.007999999999999563e-01 -9.618420641204468780e+01
8.294000000000000261e-01 -9.587065614310859019e+01
8.579999999999999849e-01 -9.536190105094787839e+01
8.866000000000000547e-01 -9.458553639250715150e+01
9.152000000000000135e-01 -9.354807119627551515e+01
9.437999999999999723e-01 -9.310052361705265866e+01
9.724000000000000421e-01 -9.215619902140576869e+01
1.000999999999999890e+00 -8.935252364314247586e+01
1.029600000000000071e+00 -8.632147841428846391e+01
1.058200000000000029e+00 -8.371777810329420788e+01
1.086799999999999988e+00 -8.126529401475394820e+01
1.115399999999999947e+00 -7.889239911940511263e+01
1.143999999999999906e+00 -7.538587556967692649e+01
1.172600000000000087e+00 -7.135461378656590625e+01
1.201200000000000045e+00 -6.791607125524716082e+01
1.229800000000000004e+00 -6.404193592527794010e+01
1.258399999999999963e+00 -5.965418640104959991e+01
1.286999999999999922e+00 -5.578161297485919334e+01
1.315600000000000103e+00 -5.236011618910352183e+01
1.344200000000000061e+00 -4.892555545374585790e+01
1.372800000000000020e+00 -4.552967925090304391e+01
1.401399999999999979e+00 -4.223674383273198174e+01
1.429999999999999938e+00 -3.940627841056168990e+01
1.458599999999999897e+00 -3.747710646782534383e+01
1.487200000000000077e+00 -3.590397706325806126e+01
1.515800000000000036e+00 -3.479398218918423424e+01
1.544399999999999995e+00 -3.464241527714573721e+01
1.572999999999999954e+00 -3.485026610356637633e+01
1.601599999999999913e+00 -3.520581812477600181e+01
1.630200000000000093e+00 -3.507229991917072454e+01
1.658800000000000052e+00 -3.418030999197916486e+01
1.687400000000000011e+00 -3.398630307537739270e+01
1.715999999999999970e+00 -3.429291044481755790e+01
1.744599999999999929e+00 -3.405050945816805097e+01
1.773200000000000109e+00 -3.360472387936695782e+01
1.801800000000000068e+00 -3.325107615519316795e+01
1.830400000000000027e+00 -3.291437386459974590e+01
1.858999999999999986e+00 -3.258977196622128503e+01
1.887599999999999945e+00 -3.295865578056708500e+01
1.916199999999999903e+00 -3.360304611455408974e+01
1.944800000000000084e+00 -3.285558419985708412e+01
1.973400000000000043e+00 -3.148012831518904164e+01
2.001999999999999780e+00 -3.044989445576023002e+01
2.030600000000000183e+00 -2.940341832801556521e+01
2.059200000000000141e+00 -2.873234520462859720e+01
2.087800000000000100e+00 -2.756408043168238464e+01
2.116400000000000059e+00 -2.519957726475779936e+01
2.145000000000000018e+00 -2.305932494959171919e+01
2.173599999999999977e+00 -2.116630736117634370e+01
2.202199999999999935e+00 -1.856766839376984279e+01
2.230799999999999894e+00 -1.590652075553878220e+01
2.259399999999999853e+00 -1.389925418314476069e+01
2.287999999999999812e+00 -1.209984289496716059e+01
2.316600000000000215e+00 -1.025573876386623340e+01
2.345200000000000173e+00 -8.510276687812879715e+00
2.373800000000000132e+00 -6.929609517405094898e+00
2.402400000000000091e+00 -6.106096386971025858e+00
2.431000000000000050e+00 -6.002163442919264291e+00
2.459600000000000009e+00 -6.141300102964336816e+00
2.488199999999999967e+00 -7.069014219194339255e+00
2.516799999999999926e+00 -8.729394834004084558e+00
2.545399999999999885e+00 -1.063122250390231649e+01
2.573999999999999844e+00 -1.248386889268799038e+01
2.602599999999999802e+00 -1.353131871955602072e+01
2.631200000000000205e+00 -1.438957118762465548e+01
2.659800000000000164e+00 -1.614730605768305693e+01
2.688400000000000123e+00 -1.792769441580651346e+01
2.717000000000000082e+00 -1.902981805053670072e+01
2.745600000000000041e+00 -2.028780748349706897e+01
2.774199999999999999e+00 -2.156828317541255302e+01
2.802799999999999958e+00 -2.268428855240523490e+01
2.831399999999999917e+00 -2.636645199481110780e+01
2.859999999999999876e+00 -3.309228117318082241e+01
