0.000000000000000000e+00 1.856027952568090811e+01
2.860000000000000042e-02 1.722574089580333023e+01
5.720000000000000084e-02 1.110820498440376269e+01
8.580000000000000127e-02 1.817337625312917204e+00
1.144000000000000017e-01 -8.148999736434253904e+00
1.429999999999999882e-01 -1.808701259014066309e+01
1.716000000000000025e-01 -2.834406344388593268e+01
2.001999999999999891e-01 -3.819342142844577381e+01
2.288000000000000034e-01 -4.680588006450826555e+01
2.574000000000000177e-01 -5.487895652324542084e+01
2.859999999999999765e-01 -6.319488052883573204e+01
3.145999999999999908e-01 -7.088048451324851840e+01
3.432000000000000051e-01 -7.665383882977556596e+01
3.718000000000000194e-01 -8.055756297532043675e+01
4.003999999999999782e-01 -8.326674070729561095e+01
4.289999999999999925e-01 -8.474089243314119813e+01
4.576000000000000068e-01 -8.464869932215643189e+01
4.862000000000000210e-01 -8.347244734539786748e+01
5.148000000000000353e-01 -8.222343176096080697e+01
5.433999999999999941e-01 -8.135701195131997565e+01
5.719999999999999529e-01 -8.072786388952184211e+01
6.006000000000000227e-01 -8.030846924508210805e+01
6.291999999999999815e-01 -8.015955026829456642e+01
6.578000000000000513e-01 -7.999854243761471650e+01
6.864000000000000101e-01 -7.944469913508815750e+01
7.149999999999999689e-01 -7.823916155890454149e+01
7.436000000000000387e-01 -7.597479564429727361e+01
7.721999999999999975e-01 -7.244424613885227870e+01
8.007999999999999563e-01 -6.803006117428665789e+01
8.294000000000000261e-01 -6.260236697751667378e+01
8.579999999999999849e-01 -5.508187633945130557e+01
8.866000000000000547e-01 -4.583486376051806133e+01
9.152000000000000135e-01 -3.788172926284187980e+01
9.437999999999999723e-01 -3.362782134369064124e+01
9.724000000000000421e-01 -3.227950170538490937e+01
1.000999999999999890e+00 -3.228652669355588500e+01
1.029600000000000071e+00 -3.386476528088701343e+01
1.058200000000000029e+00 -3.744777358079301166e+01
1.086799999999999988e+00 -4.216166040683494032e+01
1.115399999999999947e+00 -4.703977138541860370e+01
1.143999999999999906e+00 -5.170597246989364493e+01
1.172600000000000087e+00 -5.574886261897834316e+01
1.201200000000000045e+00 -5.920729043103667522e+01
1.229800000000000004e+00 -6.284183404600481992e+01
1.258399999999999963e+00 -6.649913609436899264e+01
1.286999999999999922e+00 -6.874619380593135531e+01
1.315600000000000103e+00 -6.904390805494834638e+01
1.344200000000000061e+00 -6.826454495597326400e+01
1.372800000000000020e+00 -6.667120111224421919e+01
1.401399999999999979e+00 -6.365526516533147117e+01
1.429999999999999938e+00 -5.951808341666479407e+01
1.458599999999999897e+00 -5.543416960876763255e+01
1.487200000000000077e+00 -5.190109685595906797e+01
1.515800000000000036e+00 -4.876412333091690954e+01
1.544399999999999995e+00 -4.610399819612025141e+01
1.572999999999999954e+00 -4.397476722407380834e+01
1.601599999999999913e+00 -4.203736321948900212e+01
1.630200000000000093e+00 -4.000992649150487779e+01
1.658800000000000052e+00 -3.767614730606153017e+01
1.687400000000000011e+00 -3.451502683519859715e+01
1.715999999999999970e+00 -3.026275640036993408e+01
1.744599999999999929e+00 -2.534079966685784413e+01
1.773200000000000109e+00 -1.971751773721821976e+01
1.801800000000000068e+00 -1.235175272779138922e+01
1.830400000000000027e+00 -3.224730012827277559e+00
1.858999999999999986e+00 5.136615485145465954e+00
1.887599999999999945e+00 9.963334258890533590e+00
1.916199999999999903e+00 1.122433110994193584e+01
1.944800000000000084e+00 1.063544271967468369e+01
1.973400000000000043e+00 8.815141642103426989e+00
2.001999999999999780e+00 5.314863426434103033e+00
2.030600000000000183e+00 3.549890256599903537e-01
2.059200000000000141e+00 -5.314083797792719110e+00
2.087800000000000100e+00 -1.126718133679564993e+01
2.116400000000000059e+00 -1.695457722037751580e+01
2.145000000000000018e+00 -2.181154458854754807e+01
2.173599999999999977e+00 -2.634768180072516941e+01
2.202199999999999935e+00 -3.128159270129001968e+01
2.230799999999999894e+00 -3.569299677617773625e+01
2.259399999999999853e+00 -3.816312236705170591e+01
2.287999999999999812e+00 -3.899353435957065983e+01
2.316600000000000215e+00 -3.910063495493571395e+01
2.345200000000000173e+00 -3.809948322038145818e+01
2.373800000000000132e+00 -3.556917955141536680e+01
2.402400000000000091e+00 -3.249134166553516678e+01
2.431000000000000050e+00 -2.984599193039815646e+01
2.459600000000000009e+00 -2.759615521232797519e+01
2.488199999999999967e+00 -2.575441031743509512e+01
2.516799999999999926e+00 -2.456630171236551163e+01
2.545399999999999885e+00 -2.370847978813361934e+01
2.573999999999999844e+00 -2.281060372867573705e+01
2.602599999999999802e+00 -2.189744756201697484e+01
2.631200000000000205e+00 -2.048499857697004245e+01
2.659800000000000164e+00 -1.786725277253828637e+01
2.688400000000000123e+00 -1.441088140733099721e+01
2.717000000000000082e+00 -1.056303511536060391e+01
2.745600000000000041e+00 -5.348959121596671196e+00
2.774199999999999999e+00 1.912626459384883404e+00
2.802799999999999958e+00 9.672603821365377996e+00
2.831399999999999917e+00 1.566859777342439131e+01
2.859999999999999876e+00 1.856027952568090811e+01
