0.000000000000000000e+00 -3.785176313522396896e+01
7.100000000000000408e-03 -4.134754050066661080e+01
1.430000000000000021e-02 -4.322561857886390868e+01
2.139999999999999888e-02 -4.375868679316545240e+01
2.860000000000000042e-02 -4.367994427645430733e+01
3.570000000000000256e-02 -4.412803952670039109e+01
4.290000000000000063e-02 -4.647997606568067397e+01
5.000000000000000278e-02 -5.210762775250233858e+01
5.709999999999999798e-02 -6.209813894784511490e+01
6.429999999999999605e-02 -7.700701879003699446e+01
7.140000000000000513e-02 -9.670050064287808311e+01
7.860000000000000320e-02 -1.203338773581549219e+02
8.569999999999999840e-02 -1.464650922751581277e+02
9.289999999999999647e-02 -1.732993361810961801e+02
1.000000000000000056e-01 -1.989830665902500755e+02
1.071000000000000008e-01 -2.219138210527911497e+02
1.142999999999999988e-01 -2.409722775911036479e+02
1.213999999999999940e-01 -2.556238971044440973e+02
1.285999999999999921e-01 -2.659088487327429675e+02
1.356999999999999873e-01 -2.722904611160568038e+02
1.428999999999999992e-01 -2.754515033621592579e+02
1.499999999999999944e-01 -2.760604778395821768e+02
1.570999999999999897e-01 -2.746097412814301606e+02
1.643000000000000016e-01 -2.713238784576003013e+02
1.713999999999999968e-01 -2.661985840157681764e+02
1.786000000000000087e-01 -2.590956454999471248e+02
1.857000000000000040e-01 -2.499084153163422570e+02
1.928999999999999881e-01 -2.386931043798040264e+02
2.000000000000000111e-01 -2.257517515290124095e+02
2.071000000000000063e-01 -2.116185302649804498e+02
2.142999999999999905e-01 -1.969610071828045648e+02
2.214000000000000135e-01 -1.824209268732692237e+02
2.285999999999999976e-01 -1.684430982949554334e+02
2.356999999999999929e-01 -1.551496047150392030e+02
2.429000000000000048e-01 -1.422943404545293049e+02
2.500000000000000000e-01 -1.293295069060579294e+02
2.570999999999999952e-01 -1.155555327624572612e+02
2.642999999999999794e-01 -1.003310664812137958e+02
2.713999999999999746e-01 -8.328159906369796772e+01
2.786000000000000143e-01 -6.444607323977625413e+01
2.857000000000000095e-01 -4.433652067343606973e+01
2.928999999999999937e-01 -2.387014559998855390e+01
2.999999999999999889e-01 -4.216324125988485605e+00
3.070999999999999841e-01 1.343068390931346734e+01
3.143000000000000238e-01 2.807332404546459514e+01
3.214000000000000190e-01 3.909032080749037164e+01
3.286000000000000032e-01 4.633089261722119545e+01
3.356999999999999984e-01 5.009836930295883661e+01
3.428999999999999826e-01 5.104774707153634239e+01
3.499999999999999778e-01 5.001798413236257090e+01
3.572000000000000175e-01 4.785125793948174788e+01
3.643000000000000127e-01 4.523811280047993932e+01
3.714000000000000079e-01 4.262146518158571240e+01
3.785999999999999921e-01 4.017445514666943041e+01
3.856999999999999873e-01 3.784251622635466106e+01
3.929000000000000270e-01 3.542760733248657345e+01
4.000000000000000222e-01 3.268692176887086021e+01
4.072000000000000064e-01 2.941654684975886269e+01
4.143000000000000016e-01 2.550392632562262563e+01
4.213999999999999968e-01 2.094298645698056660e+01
4.285999999999999810e-01 1.582116954054501790e+01
4.356999999999999762e-01 1.029026986375312092e+01
4.429000000000000159e-01 4.537281601861547387e+00
4.500000000000000111e-01 -1.231641772222757503e+00
4.571999999999999953e-01 -6.798360191335646618e+00
4.642999999999999905e-01 -1.192857085025560337e+01
4.713999999999999857e-01 -1.637463600536725394e+01
4.786000000000000254e-01 -1.988696956966581553e+01
4.857000000000000206e-01 -2.224474919473394863e+01
4.929000000000000048e-01 -2.329644948372859758e+01
5.000000000000000000e-01 -2.300381575047997629e+01
5.071999999999999842e-01 -2.147016330283423713e+01
5.142999999999999794e-01 -1.894256483405416347e+01
5.213999999999999746e-01 -1.578095329724120255e+01
5.285999999999999588e-01 -1.239681586038062377e+01
5.356999999999999540e-01 -9.175690240750656201e+00
5.429000000000000492e-01 -6.402910407998209763e+00
5.500000000000000444e-01 -4.213822384099722207e+00
5.572000000000000286e-01 -2.580245838240549539e+00
5.643000000000000238e-01 -1.339999650802559339e+00
5.714000000000000190e-01 -2.582176439887289288e-01
5.786000000000000032e-01 8.952121594663904336e-01
5.856999999999999984e-01 2.275551523088933159e+00
5.928999999999999826e-01 3.919557719337902313e+00
5.999999999999999778e-01 5.737953505682929389e+00
6.071999999999999620e-01 7.544660718874709460e+00
6.142999999999999572e-01 9.108100886365029680e+00
6.213999999999999524e-01 1.020824886208981397e+01
6.286000000000000476e-01 1.067830187204787862e+01
6.357000000000000428e-01 1.042047473395030011e+01
6.429000000000000270e-01 9.393690557699200028e+00
6.500000000000000222e-01 7.583613761432134837e+00
6.572000000000000064e-01 4.971617862468566074e+00
6.643000000000000016e-01 1.522599949132387387e+00
6.713999999999999968e-01 -2.799711276039499985e+00
6.785999999999999810e-01 -7.987463077077752160e+00
6.856999999999999762e-01 -1.392946108597739041e+01
6.928999999999999604e-01 -2.036341955115024405e+01
6.999999999999999556e-01 -2.686222540456705232e+01
7.072000000000000508e-01 -3.287951979442151895e+01
7.143000000000000460e-01 -3.785176313522397606e+01
