0.000000000000000000e+00 -2.977228245130152473e+01
2.860000000000000042e-02 -3.545148651600995748e+01
5.720000000000000084e-02 -4.001803108056432734e+01
8.580000000000000127e-02 -4.350353191839407430e+01
1.144000000000000017e-01 -4.674199059394558020e+01
1.429999999999999882e-01 -4.930054421553789723e+01
1.716000000000000025e-01 -5.049596653493325960e+01
2.001999999999999891e-01 -5.098003487851716642e+01
2.288000000000000034e-01 -5.122465737972827782e+01
2.574000000000000177e-01 -5.107700539262987860e+01
2.859999999999999765e-01 -5.093981415207323238e+01
3.145999999999999908e-01 -5.140856122984015286e+01
3.432000000000000051e-01 -5.282223151929272831e+01
3.718000000000000194e-01 -5.509001389543061578e+01
4.003999999999999782e-01 -5.750876842709547532e+01
4.289999999999999925e-01 -5.997190540742938936e+01
4.576000000000000068e-01 -6.257239125168003113e+01
4.862000000000000210e-01 -6.459605550499561843e+01
5.148000000000000353e-01 -6.576127722854973001e+01
5.433999999999999941e-01 -6.641284602995548880e+01
5.719999999999999529e-01 -6.665046454074270343e+01
6.006000000000000227e-01 -6.613198891279243696e+01
6.291999999999999815e-01 -6.522117792681984838e+01
6.578000000000000513e-01 -6.460042526213709380e+01
6.864000000000000101e-01 -6.296967546831731255e+01
7.149999999999999689e-01 -6.013101122122490239e+01
7.436000000000000387e-01 -5.700660578587100247e+01
7.721999999999999975e-01 -5.137317943381209773e+01
8.007999999999999563e-01 -4.378189241693979028e+01
8.294000000000000261e-01 -3.843213591376202487e+01
8.579999999999999849e-01 -3.571735337291474366e+01
8.866000000000000547e-01 -3.523694103667915556e+01
9.152000000000000135e-01 -3.720202484933275855e+01
9.437999999999999723e-01 -3.963895900923456850e+01
9.724000000000000421e-01 -4.160563281434060912e+01
1.000999999999999890e+00 -4.297643550502356646e+01
1.029600000000000071e+00 -4.318688216543177560e+01
1.058200000000000029e+00 -4.288984382496193604e+01
1.086799999999999988e+00 -4.229767660567247844e+01
1.115399999999999947e+00 -4.064588995168221430e+01
1.143999999999999906e+00 -3.820927798352804672e+01
1.172600000000000087e+00 -3.578762463941946237e+01
1.201200000000000045e+00 -3.332079967730535941e+01
1.229800000000000004e+00 -3.082922724588753027e+01
1.258399999999999963e+00 -2.887242195888821783e+01
1.286999999999999922e+00 -2.770601079881443951e+01
1.315600000000000103e+00 -2.774078720035019074e+01
1.344200000000000061e+00 -2.869158415419404307e+01
1.372800000000000020e+00 -2.964388312016687976e+01
1.401399999999999979e+00 -3.087815764140432506e+01
1.429999999999999938e+00 -3.196974691993636597e+01
1.458599999999999897e+00 -3.205515103830305890e+01
1.487200000000000077e+00 -3.192049809387552273e+01
1.515800000000000036e+00 -3.166093096382888206e+01
1.544399999999999995e+00 -3.070257401938814112e+01
1.572999999999999954e+00 -2.957378193499321739e+01
1.601599999999999913e+00 -2.866135896353516799e+01
1.630200000000000093e+00 -2.748355506112917013e+01
1.658800000000000052e+00 -2.562525569627720046e+01
1.687400000000000011e+00 -2.284260393414344392e+01
1.715999999999999970e+00 -1.784329286435065853e+01
1.744599999999999929e+00 -1.091691814003043248e+01
1.773200000000000109e+00 -5.649470022968389848e+00
1.801800000000000068e+00 -3.396908752809846721e+00
1.830400000000000027e+00 -3.105161702087349429e+00
1.858999999999999986e+00 -5.143914156797346315e+00
1.887599999999999945e+00 -8.868545422720146121e+00
1.916199999999999903e+00 -1.232677054464552313e+01
1.944800000000000084e+00 -1.468601179512067745e+01
1.973400000000000043e+00 -1.598772309269742564e+01
2.001999999999999780e+00 -1.669355778319656380e+01
2.030600000000000183e+00 -1.699546106374327437e+01
2.059200000000000141e+00 -1.670364070512015786e+01
2.087800000000000100e+00 -1.573567824007072602e+01
2.116400000000000059e+00 -1.412691696291859955e+01
2.145000000000000018e+00 -1.225863692536893801e+01
2.173599999999999977e+00 -1.057494068417377164e+01
2.202199999999999935e+00 -9.363096842834885081e+00
2.230799999999999894e+00 -8.881131073164725720e+00
2.259399999999999853e+00 -9.411751808028601118e+00
2.287999999999999812e+00 -1.099490262528490447e+01
2.316600000000000215e+00 -1.311601926536039464e+01
2.345200000000000173e+00 -1.543110880885898872e+01
2.373800000000000132e+00 -1.750100944250262458e+01
2.402400000000000091e+00 -1.867128611243002823e+01
2.431000000000000050e+00 -1.939882728439190274e+01
2.459600000000000009e+00 -2.018297998343307498e+01
2.488199999999999967e+00 -2.049536382297984716e+01
2.516799999999999926e+00 -2.024222181643911611e+01
2.545399999999999885e+00 -2.008861352922101773e+01
2.573999999999999844e+00 -1.996848276008307721e+01
2.602599999999999802e+00 -1.911486361297158965e+01
2.631200000000000205e+00 -1.768678181162774266e+01
2.659800000000000164e+00 -1.545920418080430281e+01
2.688400000000000123e+00 -1.186875049427191087e+01
2.717000000000000082e+00 -9.296250104721819341e+00
2.745600000000000041e+00 -9.912990828203756877e+00
2.774199999999999999e+00 -1.280199062171370805e+01
2.802799999999999958e+00 -1.747883754474803197e+01
2.831399999999999917e+00 -2.356798809613795598e+01
2.859999999999999876e+00 -2.977228245130149631e+01
