0.000000000000000000e+00 -1.173265845849907585e+01
4.000000000000000192e-04 -1.195292794128597436e+01
8.000000000000000383e-04 -1.217829919942866823e+01
1.299999999999999940e-03 -1.241504183043240772e+01
1.699999999999999905e-03 -1.264454634270399147e+01
2.099999999999999870e-03 -1.288554126807119360e+01
2.500000000000000052e-03 -1.313188516158544417e+01
2.899999999999999800e-03 -1.338362194277759265e+01
3.299999999999999982e-03 -1.364085192514260925e+01
3.799999999999999992e-03 -1.391063916925861577e+01
4.199999999999999740e-03 -1.417184022138948940e+01
4.599999999999999922e-03 -1.444574813585778728e+01
5.000000000000000104e-03 -1.472536432777729054e+01
5.400000000000000286e-03 -1.501066184283202354e+01
5.799999999999999600e-03 -1.530174686836378051e+01
6.300000000000000044e-03 -1.560665434646592686e+01
6.700000000000000226e-03 -1.590141188757434065e+01
7.100000000000000408e-03 -1.621007526683563782e+01
7.499999999999999722e-03 -1.652469217040503224e+01
7.900000000000000772e-03 -1.684524684094860802e+01
8.300000000000000086e-03 -1.717182378894338513e+01
8.800000000000000530e-03 -1.751340908192269552e+01
9.199999999999999845e-03 -1.784312822726291614e+01
9.599999999999999159e-03 -1.818790185212246513e+01
1.000000000000000021e-02 -1.853878097907741562e+01
1.039999999999999952e-02 -1.889580372464068603e+01
1.080000000000000057e-02 -1.925898152846041000e+01
1.129999999999999928e-02 -1.963829222089526638e+01
1.170000000000000033e-02 -2.000385702377775843e+01
1.209999999999999964e-02 -2.038558150446224815e+01
1.250000000000000069e-02 -2.077343801699969816e+01
1.290000000000000001e-02 -2.116764574328244208e+01
1.329999999999999932e-02 -2.156789687987765802e+01
1.379999999999999977e-02 -2.198547948744280944e+01
1.420000000000000082e-02 -2.238736683998800459e+01
1.460000000000000013e-02 -2.280623611111801097e+01
1.499999999999999944e-02 -2.323128045726771163e+01
1.540000000000000049e-02 -2.366270362738940491e+01
1.580000000000000154e-02 -2.410010958502444467e+01
1.629999999999999852e-02 -2.455565282289397899e+01
1.669999999999999957e-02 -2.499343073499387202e+01
1.710000000000000062e-02 -2.544935256102628784e+01
1.750000000000000167e-02 -2.591125102075673325e+01
1.789999999999999925e-02 -2.637927163178520829e+01
1.830000000000000029e-02 -2.685330896117167043e+01
1.880000000000000074e-02 -2.734621062741753406e+01
1.919999999999999832e-02 -2.781918803318923494e+01
1.959999999999999937e-02 -2.831103164547635131e+01
2.000000000000000042e-02 -2.880866205239979294e+01
2.040000000000000147e-02 -2.931218987550004229e+01
2.079999999999999905e-02 -2.982164262232194929e+01
2.129999999999999949e-02 -3.035036217880497489e+01
2.170000000000000054e-02 -3.085733477313513617e+01
2.210000000000000159e-02 -3.138361370269314676e+01
2.249999999999999917e-02 -3.191553073786516848e+01
2.290000000000000022e-02 -3.245294856348269974e+01
2.330000000000000127e-02 -3.299567741257156683e+01
2.380000000000000171e-02 -3.355844788560668235e+01
2.419999999999999929e-02 -3.409713543262588331e+01
2.460000000000000034e-02 -3.465586020124560207e+01
2.500000000000000139e-02 -3.521967118612790415e+01
2.539999999999999897e-02 -3.578869908928241017e+01
2.589999999999999941e-02 -3.637805061205719426e+01
2.630000000000000046e-02 -3.694146563029778463e+01
2.670000000000000151e-02 -3.752519469271705788e+01
2.709999999999999909e-02 -3.811353233057791812e+01
2.750000000000000014e-02 -3.870663610171491342e+01
2.790000000000000119e-02 -3.930434373957577066e+01
2.840000000000000163e-02 -3.992267259700470561e+01
2.879999999999999921e-02 -4.051308336190403736e+01
2.920000000000000026e-02 -4.112388794402572501e+01
2.960000000000000131e-02 -4.173900392849314045e+01
2.999999999999999889e-02 -4.235827051061482251e+01
3.039999999999999994e-02 -4.298147201771681125e+01
3.090000000000000038e-02 -4.362524412681346320e+01
3.130000000000000143e-02 -4.423928937307789511e+01
3.169999999999999901e-02 -4.487377732653611417e+01
3.209999999999999659e-02 -4.551204546188667877e+01
3.250000000000000111e-02 -4.615345341786219535e+01
3.289999999999999869e-02 -4.679857376402588187e+01
3.339999999999999913e-02 -4.746428637600111244e+01
3.379999999999999671e-02 -4.809806495887755773e+01
3.420000000000000123e-02 -4.875242303974759039e+01
3.459999999999999881e-02 -4.940981441734935942e+01
3.500000000000000333e-02 -5.007001394876643730e+01
3.540000000000000091e-02 -5.073291331924522751e+01
3.590000000000000135e-02 -5.141608471221684340e+01
3.629999999999999893e-02 -5.206591466875597263e+01
3.670000000000000345e-02 -5.273615333177568232e+01
3.710000000000000103e-02 -5.340856831080763811e+01
3.749999999999999861e-02 -5.408279512596912753e+01
3.790000000000000313e-02 -5.475926094699496360e+01
3.839999999999999664e-02 -5.545573197250853781e+01
3.880000000000000115e-02 -5.611744303079716900e+01
3.919999999999999873e-02 -5.679884643104050213e+01
3.960000000000000325e-02 -5.748180040420812276e+01
4.000000000000000083e-02 -5.816616766991666054e+01
4.039999999999999841e-02 -5.885168406722782919e+01
4.089999999999999886e-02 -5.955687099275399987e+01
4.130000000000000338e-02 -6.022598175078670835e+01
4.170000000000000095e-02 -6.091456260157707447e+01
4.209999999999999853e-02 -6.160360415103003362e+01
4.250000000000000305e-02 -6.229357373275082921e+01
4.290000000000000063e-02 -6.298384157474470157e+01
4.340000000000000108e-02 -6.369287513339085649e+01
4.379999999999999866e-02 -6.436533896912369812e+01
4.420000000000000318e-02 -6.505614441967074413e+01
4.460000000000000075e-02 -6.574706212712982278e+01
4.499999999999999833e-02 -6.643784241967074422e+01
4.540000000000000285e-02 -6.712835941673857576e+01
4.590000000000000330e-02 -6.783708438620067227e+01
4.630000000000000088e-02 -6.850814486142128601e+01
4.669999999999999846e-02 -6.919713730903615101e+01
4.710000000000000298e-02 -6.988540359571274507e+01
4.750000000000000056e-02 -7.057284533586854991e+01
4.789999999999999813e-02 -7.125937464601645388e+01
4.839999999999999858e-02 -7.196317608546927147e+01
4.880000000000000310e-02 -7.262881811753153727e+01
4.920000000000000068e-02 -7.331152085182300482e+01
4.959999999999999826e-02 -7.399299742810833891e+01
5.000000000000000278e-02 -7.467278747841204734e+01
5.050000000000000322e-02 -7.536914116781706241e+01
5.090000000000000080e-02 -7.602742723660371382e+01
5.129999999999999838e-02 -7.670197741851005446e+01
5.170000000000000290e-02 -7.737465230787547910e+01
5.210000000000000048e-02 -7.804507648684963783e+01
5.249999999999999806e-02 -7.871342480329076352e+01
5.299999999999999850e-02 -7.939732313333965408e+01
5.340000000000000302e-02 -8.004299545378002279e+01
5.380000000000000060e-02 -8.070425449821939878e+01
5.419999999999999818e-02 -8.136271428574673337e+01
5.460000000000000270e-02 -8.201870843831740387e+01
5.500000000000000028e-02 -8.267189122584473182e+01
5.550000000000000072e-02 -8.333977564791429415e+01
5.589999999999999830e-02 -8.396950331808453427e+01
5.630000000000000282e-02 -8.461379710561186585e+01
5.670000000000000040e-02 -8.525482470286524972e+01
5.709999999999999798e-02 -8.589267848746041523e+01
5.750000000000000250e-02 -8.652738140659037924e+01
5.800000000000000294e-02 -8.717559112947989775e+01
5.840000000000000052e-02 -8.778649610445117446e+01
5.879999999999999810e-02 -8.841088285971068217e+01
5.920000000000000262e-02 -8.903143106551722497e+01
5.960000000000000020e-02 -8.964833000518635231e+01
5.999999999999999778e-02 -9.026161521392506870e+01
6.049999999999999822e-02 -9.088735469940682776e+01
6.090000000000000274e-02 -9.147666833299724942e+01
6.130000000000000032e-02 -9.207811255934295502e+01
6.169999999999999790e-02 -9.267576760714337070e+01
6.210000000000000242e-02 -9.326915983348908412e+01
6.250000000000000000e-02 -9.385827648984268023e+01
6.300000000000000044e-02 -9.445910732014091593e+01
6.339999999999999802e-02 -9.502441776398882212e+01
6.379999999999999560e-02 -9.560090425647193513e+01
6.419999999999999318e-02 -9.617307964375594054e+01
6.460000000000000464e-02 -9.674067713623907139e+01
6.500000000000000222e-02 -9.730396265805786982e+01
6.550000000000000266e-02 -9.787768741280497409e+01
6.590000000000000024e-02 -9.841715321888059975e+01
6.629999999999999782e-02 -9.896650815897859843e+01
6.669999999999999540e-02 -9.951162638825647377e+01
6.710000000000000686e-02 -1.000520300387457269e+02
6.750000000000000444e-02 -1.005874578472411116e+02
6.800000000000000488e-02 -1.011325510005300288e+02
6.840000000000000246e-02 -1.016443350166169921e+02
6.880000000000000004e-02 -1.021655716671062493e+02
6.919999999999999762e-02 -1.026819190221224147e+02
6.959999999999999520e-02 -1.031933541260908953e+02
7.000000000000000666e-02 -1.037000483231009298e+02
7.049999999999999323e-02 -1.042151728680604208e+02
7.090000000000000469e-02 -1.046986489430238549e+02
7.130000000000000226e-02 -1.051904157485870712e+02
7.169999999999999984e-02 -1.056771445570824568e+02
7.209999999999999742e-02 -1.061587962046395290e+02
7.249999999999999500e-02 -1.066354341476696987e+02
7.299999999999999545e-02 -1.071200778044944286e+02
7.340000000000000691e-02 -1.075738446271935089e+02
7.380000000000000449e-02 -1.080353664122175559e+02
7.420000000000000207e-02 -1.084920749281720163e+02
7.459999999999999964e-02 -1.089434070262761622e+02
7.510000000000000009e-02 -1.094015869390665898e+02
7.549999999999999767e-02 -1.098310174852607730e+02
7.589999999999999525e-02 -1.102669952878918309e+02
7.630000000000000671e-02 -1.106981360993193846e+02
7.670000000000000429e-02 -1.111239978784791020e+02
7.710000000000000187e-02 -1.115448105524396709e+02
7.760000000000000231e-02 -1.119715461940301537e+02
7.799999999999999989e-02 -1.123707564590391854e+02
7.839999999999999747e-02 -1.127762651095284383e+02
7.879999999999999505e-02 -1.131765590496264480e+02
7.920000000000000651e-02 -1.135717395626487445e+02
7.960000000000000409e-02 -1.139617446636850531e+02
8.010000000000000453e-02 -1.143569854489936972e+02
8.050000000000000211e-02 -1.147265371197375146e+02
8.089999999999999969e-02 -1.151011879253007208e+02
8.129999999999999727e-02 -1.154708007337961106e+02
8.169999999999999485e-02 -1.158355743842853656e+02
8.210000000000000631e-02 -1.161951333243833631e+02
8.260000000000000675e-02 -1.165589305963294322e+02
8.300000000000000433e-02 -1.168986619384419470e+02
8.340000000000000191e-02 -1.172429057469373390e+02
8.379999999999999949e-02 -1.175824731048856790e+02
8.419999999999999707e-02 -1.179166892029898150e+02
8.459999999999999465e-02 -1.182457658505468885e+02
8.509999999999999509e-02 -1.185787765295795566e+02
8.550000000000000655e-02 -1.188895681779288935e+02
8.590000000000000413e-02 -1.192036922760330242e+02
8.630000000000000171e-02 -1.195130767685161572e+02
8.669999999999999929e-02 -1.198174344160732545e+02
8.709999999999999687e-02 -1.201168562509721340e+02
8.759999999999999731e-02 -1.204192807000463006e+02
8.799999999999999489e-02 -1.207011425519506389e+02
8.840000000000000635e-02 -1.209860339069668100e+02
8.880000000000000393e-02 -1.212657741425378930e+02
8.920000000000000151e-02 -1.215406506584923676e+02
8.959999999999999909e-02 -1.218107903353851214e+02
9.009999999999999953e-02 -1.220831705675767012e+02
9.049999999999999711e-02 -1.223367253438227067e+02
9.089999999999999469e-02 -1.225923841259145917e+02
9.130000000000000615e-02 -1.228432679373421337e+02
9.170000000000000373e-02 -1.230893504532966034e+02
9.210000000000000131e-02 -1.233307809457797362e+02
9.260000000000000175e-02 -1.235736064957922480e+02
9.299999999999999933e-02 -1.237993031151556096e+02
9.339999999999999691e-02 -1.240264309236509916e+02
9.379999999999999449e-02 -1.242488822815993359e+02
9.420000000000000595e-02 -1.244666210930268733e+02
9.460000000000000353e-02 -1.246794815825778358e+02
9.510000000000000397e-02 -1.248935880835173151e+02
9.550000000000000155e-02 -1.250917656203510973e+02
9.589999999999999913e-02 -1.252906472444368404e+02
9.629999999999999671e-02 -1.254851806317208514e+02
9.669999999999999429e-02 -1.256749742822101155e+02
9.710000000000000575e-02 -1.258601919356315335e+02
9.760000000000000620e-02 -1.260456389272360695e+02
9.800000000000000377e-02 -1.262166871050074093e+02
9.840000000000000135e-02 -1.263882621469435037e+02
9.879999999999999893e-02 -1.265550139818423787e+02
9.919999999999999651e-02 -1.267173393427228802e+02
9.969999999999999696e-02 -1.268793022681648210e+02
1.000999999999999945e-01 -1.270282594886274410e+02
1.005000000000000060e-01 -1.271768307120409816e+02
1.009000000000000036e-01 -1.273210893683945670e+02
1.013000000000000012e-01 -1.274607707263429006e+02
1.016999999999999987e-01 -1.275958252188260360e+02
1.021999999999999992e-01 -1.277300701925158677e+02
1.025999999999999968e-01 -1.278525712565992905e+02
1.029999999999999943e-01 -1.279741607520145976e+02
1.034000000000000058e-01 -1.280913238174220226e+02
1.038000000000000034e-01 -1.282037987633843557e+02
1.042000000000000010e-01 -1.283121109926622125e+02
1.047000000000000014e-01 -1.284186464804884338e+02
1.050999999999999990e-01 -1.285150810040319982e+02
1.054999999999999966e-01 -1.286099143649124983e+02
1.058999999999999941e-01 -1.287003967257929844e+02
1.063000000000000056e-01 -1.287862892182761243e+02
1.067000000000000032e-01 -1.288677935791566256e+02
1.072000000000000036e-01 -1.289469188071852557e+02
1.076000000000000012e-01 -1.290173266169298927e+02
1.079999999999999988e-01 -1.290853269514068984e+02
1.083999999999999964e-01 -1.291492793416230711e+02
1.087999999999999939e-01 -1.292084528311740428e+02
1.092000000000000054e-01 -1.292634391949866881e+02
1.097000000000000058e-01 -1.293152923710986499e+02
1.101000000000000034e-01 -1.293600079138155365e+02
1.105000000000000010e-01 -1.294017794356343245e+02
1.108999999999999986e-01 -1.294391347701113375e+02
1.112999999999999962e-01 -1.294718034470041061e+02
1.116999999999999937e-01 -1.295003088108167901e+02
1.121999999999999942e-01 -1.295248899350120837e+02
1.126000000000000056e-01 -1.295439893716394977e+02
1.130000000000000032e-01 -1.295594668934582785e+02
1.134000000000000008e-01 -1.295702045439475398e+02
1.137999999999999984e-01 -1.295766907468218960e+02
1.141999999999999960e-01 -1.295788511077024054e+02
1.146999999999999964e-01 -1.295764189012712393e+02
1.150999999999999940e-01 -1.295697699874695275e+02
1.155000000000000054e-01 -1.295588521903439414e+02
1.159000000000000030e-01 -1.295434458437653404e+02
1.163000000000000006e-01 -1.295237402310493735e+02
1.166999999999999982e-01 -1.294996185655263616e+02
1.171999999999999986e-01 -1.294703526334976402e+02
1.175999999999999962e-01 -1.294382992872873785e+02
1.179999999999999938e-01 -1.294011888091061735e+02
1.184000000000000052e-01 -1.293596630090483757e+02
1.188000000000000028e-01 -1.293138505308671711e+02
1.192000000000000004e-01 -1.292638607337415522e+02
1.197000000000000008e-01 -1.292078224733519107e+02
1.200999999999999984e-01 -1.291504416135086899e+02
1.204999999999999960e-01 -1.290875606583769297e+02
1.208999999999999936e-01 -1.290200544698044780e+02
1.213000000000000050e-01 -1.289483856990823654e+02
1.217000000000000026e-01 -1.288725649019567356e+02
1.222000000000000031e-01 -1.287901674815191484e+02
1.226000000000000006e-01 -1.287079087846560412e+02
1.229999999999999982e-01 -1.286193956685860087e+02
1.233999999999999958e-01 -1.285264843484109178e+02
1.237999999999999934e-01 -1.284292087092914301e+02
1.242999999999999938e-01 -1.283249987297326413e+02
1.247000000000000053e-01 -1.282223539834375572e+02
1.250999999999999890e-01 -1.281126753443180633e+02
1.255000000000000004e-01 -1.279988837081307338e+02
1.259000000000000119e-01 -1.278810160719434066e+02
1.262999999999999956e-01 -1.277587582718856254e+02
1.267999999999999960e-01 -1.276293725844994782e+02
1.272000000000000075e-01 -1.275023037040378853e+02
1.275999999999999912e-01 -1.273679200707827164e+02
1.280000000000000027e-01 -1.272295831156509678e+02
1.283999999999999864e-01 -1.270871843449288576e+02
1.287999999999999978e-01 -1.269407097087415224e+02
1.292999999999999983e-01 -1.267861826952599813e+02
1.297000000000000097e-01 -1.266357189828876528e+02
1.300999999999999934e-01 -1.264772781886941999e+02
1.305000000000000049e-01 -1.263151872628981209e+02
1.308999999999999886e-01 -1.261490073312377120e+02
1.313000000000000000e-01 -1.259789015370442513e+02
1.318000000000000005e-01 -1.258002109942806470e+02
1.322000000000000119e-01 -1.256272626825199268e+02
1.325999999999999956e-01 -1.254458525693820548e+02
1.330000000000000071e-01 -1.252607199625304020e+02
1.333999999999999908e-01 -1.250718087148577240e+02
1.338000000000000023e-01 -1.248790980816025638e+02
1.343000000000000027e-01 -1.246775421618618225e+02
1.346999999999999864e-01 -1.244829729110659855e+02
1.350999999999999979e-01 -1.242794208243316234e+02
1.355000000000000093e-01 -1.240722438985355467e+02
1.358999999999999930e-01 -1.238616166801985514e+02
1.363000000000000045e-01 -1.236475627309311278e+02
1.368000000000000049e-01 -1.234239740077295693e+02
1.371999999999999886e-01 -1.232086645603945527e+02
1.376000000000000001e-01 -1.229844590524487984e+02
1.380000000000000115e-01 -1.227566511002492291e+02
1.383999999999999952e-01 -1.225256188848443912e+02
1.388000000000000067e-01 -1.222911978010421876e+02
1.393000000000000071e-01 -1.220473517421049934e+02
1.396999999999999909e-01 -1.218131031858229107e+02
1.401000000000000023e-01 -1.215690541020207007e+02
1.405000000000000138e-01 -1.213222185970071223e+02
1.408999999999999975e-01 -1.210719803522666211e+02
1.413000000000000089e-01 -1.208189429817878420e+02
1.418000000000000094e-01 -1.205558362843557774e+02
1.421999999999999931e-01 -1.203037782349659324e+02
1.426000000000000045e-01 -1.200418118351514636e+02
1.429999999999999882e-01 -1.197771093301378897e+02
1.433999999999999997e-01 -1.195094039303234297e+02
1.438000000000000111e-01 -1.192390385862481423e+02
1.443000000000000116e-01 -1.189584837151142267e+02
1.446999999999999953e-01 -1.186901013654078554e+02
1.451000000000000068e-01 -1.184116958603942749e+02
1.454999999999999905e-01 -1.181308500129649417e+02
1.459000000000000019e-01 -1.178471928004922802e+02
1.463000000000000134e-01 -1.175611469794664430e+02
1.468000000000000138e-01 -1.172650209267524986e+02
1.471999999999999975e-01 -1.169819536299557114e+02
1.476000000000000090e-01 -1.166886189669359908e+02
1.479999999999999927e-01 -1.163931841488423373e+02
1.484000000000000041e-01 -1.160954724623512959e+02
1.489000000000000046e-01 -1.157871996394652854e+02
1.492999999999999883e-01 -1.154931616886970147e+02
1.496999999999999997e-01 -1.151888621631442504e+02
1.501000000000000112e-01 -1.148824231841122980e+02
1.504999999999999949e-01 -1.145740970734777306e+02
1.509000000000000064e-01 -1.142635964133901894e+02
1.514000000000000068e-01 -1.139429488234274146e+02
1.517999999999999905e-01 -1.136371293266558098e+02
1.522000000000000020e-01 -1.133211025114943169e+02
1.526000000000000134e-01 -1.130031603744562290e+02
1.529999999999999971e-01 -1.126834324247599568e+02
1.534000000000000086e-01 -1.123621043170575291e+02
1.539000000000000090e-01 -1.120302608727661919e+02
1.542999999999999927e-01 -1.117143700752492066e+02
1.547000000000000042e-01 -1.113879890991494079e+02
1.550999999999999879e-01 -1.110601586989060792e+02
1.554999999999999993e-01 -1.107307777257384487e+02
1.559000000000000108e-01 -1.103998224835012536e+02
1.564000000000000112e-01 -1.100586721554571028e+02
1.567999999999999949e-01 -1.097339592475572516e+02
1.572000000000000064e-01 -1.093988266863756280e+02
1.575999999999999901e-01 -1.090623697161401680e+02
1.580000000000000016e-01 -1.087248609998845836e+02
1.584000000000000130e-01 -1.083860917605795464e+02
1.589000000000000135e-01 -1.080366214299295393e+02
1.592999999999999972e-01 -1.077043862056911365e+02
1.597000000000000086e-01 -1.073621286767773455e+02
1.600999999999999923e-01 -1.070185565456035874e+02
1.605000000000000038e-01 -1.066738351482924259e+02
1.608999999999999875e-01 -1.063280874320368383e+02
1.613999999999999879e-01 -1.059719820641590076e+02
1.617999999999999994e-01 -1.056335306139431793e+02
1.622000000000000108e-01 -1.052850460615580488e+02
1.625999999999999945e-01 -1.049351100883904309e+02
1.630000000000000060e-01 -1.045847240854582623e+02
1.633999999999999897e-01 -1.042331768461532278e+02
1.638999999999999901e-01 -1.038714984874867753e+02
1.643000000000000016e-01 -1.035275788700534321e+02
1.647000000000000131e-01 -1.031736051596621877e+02
1.650999999999999968e-01 -1.028187686043448963e+02
1.655000000000000082e-01 -1.024631688910214820e+02
1.658999999999999919e-01 -1.021067454966424890e+02
1.663999999999999924e-01 -1.017399567342830835e+02
1.668000000000000038e-01 -1.013914952280017729e+02
1.671999999999999875e-01 -1.010328946521453162e+02
1.675999999999999990e-01 -1.006735081232315139e+02
1.680000000000000104e-01 -1.003133695444428923e+02
1.683999999999999941e-01 -9.995256985752297396e+01
1.688999999999999946e-01 -9.958131302298748722e+01
1.693000000000000060e-01 -9.922885559181443682e+01
1.696999999999999897e-01 -9.886594101302581805e+01
1.701000000000000012e-01 -9.850236532610590245e+01
1.705000000000000127e-01 -9.813830161571465283e+01
1.708999999999999964e-01 -9.777337506039735615e+01
1.713999999999999968e-01 -9.739792160640979546e+01
1.718000000000000083e-01 -9.704149709016191139e+01
1.721999999999999920e-01 -9.667450724230369019e+01
1.726000000000000034e-01 -9.630701753191245018e+01
1.729999999999999871e-01 -9.593882768405424599e+01
1.734999999999999876e-01 -9.555971357340075656e+01
1.738999999999999990e-01 -9.520002241834569645e+01
1.743000000000000105e-01 -9.482985816143364843e+01
1.746999999999999942e-01 -9.445874144517807736e+01
1.751000000000000056e-01 -9.408692589279294793e+01
1.754999999999999893e-01 -9.371446034040782536e+01
1.759999999999999898e-01 -9.333122539403969142e+01
1.764000000000000012e-01 -9.296717720630191195e+01
1.768000000000000127e-01 -9.259239851938200161e+01
1.771999999999999964e-01 -9.221696996699687077e+01
1.776000000000000079e-01 -9.184065341167958252e+01
1.779999999999999916e-01 -9.146357369835617135e+01
1.784999999999999920e-01 -9.107541962205893071e+01
1.789000000000000035e-01 -9.070676474865987871e+01
1.792999999999999872e-01 -9.032702232787738694e+01
1.796999999999999986e-01 -8.994667845654782923e+01
1.801000000000000101e-01 -8.956513535177758456e+01
1.804999999999999938e-01 -8.918261679646030871e+01
1.809999999999999942e-01 -8.878885259291439525e+01
1.814000000000000057e-01 -8.841504268875787886e+01
1.817999999999999894e-01 -8.802978526504321621e+01
1.822000000000000008e-01 -8.764324116027296441e+01
1.826000000000000123e-01 -8.725604615440863654e+01
1.829999999999999960e-01 -8.686741318124101952e+01
1.834999999999999964e-01 -8.646752639545687202e+01
1.839000000000000079e-01 -8.608714852115348037e+01
1.842999999999999916e-01 -8.569543980783006987e+01
1.847000000000000031e-01 -8.530243140758672382e+01
1.850999999999999868e-01 -8.490811043735126873e+01
1.854999999999999982e-01 -8.451257587910180291e+01
1.859999999999999987e-01 -8.410516116430970612e+01
1.864000000000000101e-01 -8.371781835061689492e+01
1.867999999999999938e-01 -8.331825824291448157e+01
1.872000000000000053e-01 -8.291768568759718505e+01
1.875999999999999890e-01 -8.251554941895648199e+01
1.880000000000000004e-01 -8.211206344872101681e+01
1.885000000000000009e-01 -8.169613656518706080e+01
1.889000000000000123e-01 -8.130052691437178680e+01
1.892999999999999960e-01 -8.089269067506674560e+01
1.897000000000000075e-01 -8.048323954096082389e+01
1.900999999999999912e-01 -8.007203959126454151e+01
1.905000000000000027e-01 -7.965956316754987654e+01
1.910000000000000031e-01 -7.923424908191070415e+01
1.913999999999999868e-01 -7.882939724175379581e+01
1.917999999999999983e-01 -7.841194497604524827e+01
1.922000000000000097e-01 -7.799270486541065850e+01
1.925999999999999934e-01 -7.757185189224304622e+01
1.930000000000000049e-01 -7.714918578160845186e+01
1.935000000000000053e-01 -7.671323964440693999e+01
1.938999999999999890e-01 -7.629837699034717957e+01
1.943000000000000005e-01 -7.587024687971258174e+01
1.947000000000000119e-01 -7.544026676907800777e+01
1.950999999999999956e-01 -7.500867379591038286e+01
1.955000000000000071e-01 -7.457486697488455718e+01
1.960000000000000075e-01 -7.412741639902780832e+01
1.963999999999999913e-01 -7.370165304908847759e+01
1.968000000000000027e-01 -7.326215823099481383e+01
1.971999999999999864e-01 -7.282071195942194208e+01
1.975999999999999979e-01 -7.237724027586307329e+01
1.980999999999999983e-01 -7.191973665858768072e+01
1.985000000000000098e-01 -7.148442250807310927e+01
1.988999999999999935e-01 -7.103479852610898604e+01
1.993000000000000049e-01 -7.058316386895361916e+01
1.996999999999999886e-01 -7.012942688992166040e+01
2.001000000000000001e-01 -6.967380277928707244e+01
2.006000000000000005e-01 -6.920367720298746406e+01
2.010000000000000120e-01 -6.875614130110587041e+01
2.013999999999999957e-01 -6.829416445660871204e+01
2.018000000000000071e-01 -6.783013850398025113e+01
2.021999999999999909e-01 -6.736383581748921756e+01
2.026000000000000023e-01 -6.689545886486075688e+01
2.031000000000000028e-01 -6.641237923741367410e+01
2.034999999999999865e-01 -6.595259122867342683e+01
2.038999999999999979e-01 -6.547786154218238153e+01
2.043000000000000094e-01 -6.500121943154780979e+01
2.046999999999999931e-01 -6.452232661052198637e+01
2.051000000000000045e-01 -6.404119695043443983e+01
2.056000000000000050e-01 -6.354532925306281754e+01
2.059999999999999887e-01 -6.307314731424710885e+01
2.064000000000000001e-01 -6.258580233521514913e+01
2.068000000000000116e-01 -6.209657022458056730e+01
2.071999999999999953e-01 -6.160532454102170163e+01
2.076000000000000068e-01 -6.111187974639936726e+01
2.081000000000000072e-01 -6.060311939511686319e+01
2.084999999999999909e-01 -6.011924865966499709e+01
2.089000000000000024e-01 -5.961996281516783114e+01
2.093000000000000138e-01 -5.911870402347766174e+01
2.096999999999999975e-01 -5.861558104737788000e+01
2.101000000000000090e-01 -5.811053091033979001e+01
2.106000000000000094e-01 -5.758988340254753524e+01
2.109999999999999931e-01 -5.709467014254983752e+01
2.114000000000000046e-01 -5.658395803191525886e+01
2.117999999999999883e-01 -5.607155689780934438e+01
2.121999999999999997e-01 -5.555748224358613641e+01
2.126000000000000112e-01 -5.504166767947234007e+01
2.131000000000000116e-01 -5.451015819907651405e+01
2.134999999999999953e-01 -5.400507659860230802e+01
2.139000000000000068e-01 -5.348427362250252060e+01
2.142999999999999905e-01 -5.296193554120360858e+01
2.147000000000000020e-01 -5.243811924909155664e+01
2.151000000000000134e-01 -5.191290298338302023e+01
2.156000000000000139e-01 -5.137220290289021563e+01
2.159999999999999976e-01 -5.085823260997207029e+01
2.164000000000000090e-01 -5.032890334719569125e+01
2.167999999999999927e-01 -4.979838578894623424e+01
2.172000000000000042e-01 -4.926665784511427404e+01
2.175999999999999879e-01 -4.873365126046132190e+01
2.180999999999999883e-01 -4.818533168951321244e+01
2.184999999999999998e-01 -4.766466094446305846e+01
2.189000000000000112e-01 -4.712865367623723500e+01
2.192999999999999949e-01 -4.659174162301535205e+01
2.197000000000000064e-01 -4.605393835898033217e+01
2.200999999999999901e-01 -4.551539222403066276e+01
2.205999999999999905e-01 -4.496165184326794417e+01
2.210000000000000020e-01 -4.443607304004990510e+01
2.214000000000000135e-01 -4.389563282630461316e+01
2.217999999999999972e-01 -4.335457090635888022e+01
2.222000000000000086e-01 -4.281322577308272059e+01
2.227000000000000091e-01 -4.225667988250959439e+01
2.230999999999999928e-01 -4.172937556059607545e+01
2.235000000000000042e-01 -4.118696372111948278e+01
2.238999999999999879e-01 -4.064442950611554295e+01
2.242999999999999994e-01 -4.010192672111948298e+01
2.247000000000000108e-01 -3.955939250611553604e+01
2.252000000000000113e-01 -3.900229277689558671e+01
2.255999999999999950e-01 -3.847454763939169453e+01
2.260000000000000064e-01 -3.793245985313699009e+01
2.263999999999999901e-01 -3.739080077434137195e+01
2.268000000000000016e-01 -3.684939577308271907e+01
2.272000000000000131e-01 -3.630860582756325527e+01
2.277000000000000135e-01 -3.575358849406951123e+01
2.280999999999999972e-01 -3.522862901280264936e+01
2.285000000000000087e-01 -3.468972751657157261e+01
2.288999999999999924e-01 -3.415164427851118489e+01
2.293000000000000038e-01 -3.361449341220222209e+01
2.296999999999999875e-01 -3.307826996751951754e+01
2.301999999999999880e-01 -3.252875544693570475e+01
2.305999999999999994e-01 -3.200915112970245247e+01
2.310000000000000109e-01 -3.147650526087620193e+01
2.313999999999999946e-01 -3.094505452784338928e+01
2.318000000000000060e-01 -3.041511671182413679e+01
2.321999999999999897e-01 -2.988659011206747351e+01
2.326999999999999902e-01 -2.934547170121389570e+01
2.331000000000000016e-01 -2.883466361623728957e+01
2.335000000000000131e-01 -2.831100182913882790e+01
2.338999999999999968e-01 -2.778943541294803410e+01
2.343000000000000083e-01 -2.726977138904781839e+01
2.346999999999999920e-01 -2.675212799632835825e+01
2.351999999999999924e-01 -2.622268105321393961e+01
2.356000000000000039e-01 -2.572322163544784956e+01
2.359999999999999876e-01 -2.521218395437828264e+01
2.363999999999999990e-01 -2.470343240784349348e+01
2.368000000000000105e-01 -2.419716072551527830e+01
2.371999999999999942e-01 -2.369323633572798471e+01
2.376999999999999946e-01 -2.317867850293583487e+01
2.381000000000000061e-01 -2.269359446226805233e+01
2.384999999999999898e-01 -2.219796772335691415e+01
2.389000000000000012e-01 -2.170508494127902210e+01
2.393000000000000127e-01 -2.121523330504971483e+01
2.396999999999999964e-01 -2.072821701123616478e+01
2.401999999999999968e-01 -2.023135733973660422e+01
2.406000000000000083e-01 -1.976367794833203106e+01
2.409999999999999920e-01 -1.928622092107078601e+01
2.414000000000000035e-01 -1.881207672742178261e+01
2.417999999999999872e-01 -1.834131192354609041e+01
2.421999999999999986e-01 -1.787400781874785594e+01
2.426999999999999991e-01 -1.739777311432783691e+01
2.431000000000000105e-01 -1.695008939707961559e+01
2.434999999999999942e-01 -1.649358388322756142e+01
2.439000000000000057e-01 -1.604083082159606377e+01
2.442999999999999894e-01 -1.559187012752518875e+01
2.447000000000000008e-01 -1.514678505625343163e+01
2.452000000000000013e-01 -1.469375577440600189e+01
2.456000000000000127e-01 -1.426846789023859152e+01
2.459999999999999964e-01 -1.383535398409594386e+01
2.464000000000000079e-01 -1.340637972296510760e+01
2.467999999999999916e-01 -1.298156938555594131e+01
2.472999999999999921e-01 -1.254969758252371648e+01
2.477000000000000035e-01 -1.214468462900980761e+01
2.480999999999999872e-01 -1.173272571196825709e+01
2.484999999999999987e-01 -1.132517574086105405e+01
2.489000000000000101e-01 -1.092207538836216862e+01
2.492999999999999938e-01 -1.052343609411974334e+01
2.497999999999999943e-01 -1.011875093814115090e+01
2.501999999999999780e-01 -9.739828504376220053e+00
2.505999999999999894e-01 -9.354934953636627526e+00
2.510000000000000009e-01 -8.974725447322429162e+00
2.514000000000000123e-01 -8.599201286356148444e+00
2.518000000000000238e-01 -8.228410456906718906e+00
2.523000000000000242e-01 -7.852593645133973510e+00
2.526999999999999802e-01 -7.501226922902397121e+00
2.530999999999999917e-01 -7.144896527651647844e+00
2.535000000000000031e-01 -6.793445997866114361e+00
2.539000000000000146e-01 -6.446898835641192704e+00
2.543000000000000260e-01 -6.105265597137934819e+00
2.548000000000000265e-01 -5.759564875842885456e+00
2.551999999999999824e-01 -5.436933150725735686e+00
2.555999999999999939e-01 -5.110243898391400030e+00
2.560000000000000053e-01 -4.788587708504334906e+00
2.564000000000000168e-01 -4.471959536639150912e+00
2.567999999999999727e-01 -4.160403234429991493e+00
2.572999999999999732e-01 -3.845673851728166781e+00
2.576999999999999846e-01 -3.552497168150823725e+00
2.580999999999999961e-01 -3.256172135011242474e+00
2.585000000000000075e-01 -2.964926698267284610e+00
2.589000000000000190e-01 -2.678816651296631601e+00
2.592999999999999750e-01 -2.397794349087471133e+00
2.597999999999999754e-01 -2.114489256110956727e+00
2.601999999999999869e-01 -1.851105981885765805e+00
2.605999999999999983e-01 -1.585425778167628863e+00
2.610000000000000098e-01 -1.324855305379907922e+00
2.614000000000000212e-01 -1.069389639800939484e+00
2.617999999999999772e-01 -8.190201850351048751e-01
2.622999999999999776e-01 -5.671592299824115280e-01
2.626999999999999891e-01 -3.335395043384321578e-01
2.631000000000000005e-01 -9.840595108156424686e-02
2.635000000000000120e-01 1.316719877577982867e-01
2.639000000000000234e-01 3.567115049709027041e-01
2.642999999999999794e-01 5.767280041621213327e-01
2.647999999999999798e-01 7.975089424981702813e-01
2.651999999999999913e-01 1.001769199526627796e+00
2.656000000000000028e-01 1.206835223025947146e+00
2.660000000000000142e-01 1.406962286759839698e+00
2.664000000000000257e-01 1.602171525263097918e+00
2.667999999999999816e-01 1.792493458653004801e+00
2.672999999999999821e-01 1.982928407682824856e+00
2.676999999999999935e-01 2.158583697184251804e+00
2.681000000000000050e-01 2.334406598721208592e+00
2.685000000000000164e-01 2.505465715262104265e+00
2.688999999999999724e-01 2.671785006572362953e+00
2.692999999999999838e-01 2.833409705677813140e+00
2.697999999999999843e-01 2.994572648386432778e+00
2.701999999999999957e-01 3.142677820988052151e+00
2.706000000000000072e-01 3.290406183127198236e+00
2.710000000000000187e-01 3.433596029339867073e+00
2.713999999999999746e-01 3.572259799274196901e+00
2.718999999999999750e-01 3.710050351929801593e+00
2.722999999999999865e-01 3.836228930089035760e+00
2.726999999999999980e-01 3.961627578061005739e+00
2.731000000000000094e-01 4.082678997197964677e+00
2.735000000000000209e-01 4.199425362269278317e+00
2.738999999999999768e-01 4.311949753744091396e+00
2.743999999999999773e-01 4.423182055990618977e+00
2.747999999999999887e-01 4.524452715653899837e+00
2.752000000000000002e-01 4.624519635627621916e+00
2.756000000000000116e-01 4.720531367000905476e+00
2.760000000000000231e-01 4.812554680938741392e+00
2.763999999999999790e-01 4.900655250115088180e+00
2.768999999999999795e-01 4.987074115617658343e+00
2.772999999999999909e-01 5.065160894754001220e+00
2.777000000000000024e-01 5.141716898129037538e+00
2.781000000000000139e-01 5.214526327321141963e+00
2.785000000000000253e-01 5.283675975707995853e+00
2.788999999999999813e-01 5.349186413281717734e+00
2.793999999999999817e-01 5.412800610273151847e+00
2.797999999999999932e-01 5.469553534027417285e+00
2.802000000000000046e-01 5.524540817785824842e+00
2.806000000000000161e-01 5.576099675727165028e+00
2.810000000000000275e-01 5.624343236936776513e+00
2.813999999999999835e-01 5.669275085237853951e+00
2.818999999999999839e-01 5.712082845070446169e+00
2.822999999999999954e-01 5.749496493489902882e+00
2.827000000000000068e-01 5.784933187975664026e+00
2.831000000000000183e-01 5.817273245831228401e+00
2.834999999999999742e-01 5.846631006955064436e+00
2.838999999999999857e-01 5.873050732035138388e+00
2.843999999999999861e-01 5.897206846161315852e+00
2.847999999999999976e-01 5.917278194767714439e+00
2.852000000000000091e-01 5.935194721607087942e+00
2.856000000000000205e-01 5.950399369150182416e+00
2.859999999999999765e-01 5.962965061118659094e+00
2.863999999999999879e-01 5.972924255182541664e+00
2.868999999999999884e-01 5.980528748332281985e+00
2.872999999999999998e-01 5.985265081699804313e+00
2.877000000000000113e-01 5.987765386827144098e+00
2.881000000000000227e-01 5.987874521375928794e+00
2.884999999999999787e-01 5.985690126167165559e+00
2.888999999999999901e-01 5.981236251075688237e+00
2.893999999999999906e-01 5.974375273628681704e+00
2.898000000000000020e-01 5.965740611956191763e+00
2.902000000000000135e-01 5.954803614902351327e+00
2.906000000000000250e-01 5.941827451460766518e+00
2.909999999999999809e-01 5.926863964883951397e+00
2.913999999999999924e-01 5.909951500519827761e+00
2.918999999999999928e-01 5.890655588186533897e+00
2.923000000000000043e-01 5.870514449829219217e+00
2.927000000000000157e-01 5.848086231063345686e+00
2.931000000000000272e-01 5.823916187066839001e+00
2.934999999999999831e-01 5.798068591100091318e+00
2.938999999999999946e-01 5.770604057580608348e+00
2.943999999999999950e-01 5.740721894689075455e+00
2.948000000000000065e-01 5.710877783919324102e+00
2.952000000000000179e-01 5.678780532041854734e+00
2.955999999999999739e-01 5.645197988882110884e+00
2.959999999999999853e-01 5.610228436082103087e+00
2.964999999999999858e-01 5.572922954069003509e+00
2.968999999999999972e-01 5.536254316651017859e+00
2.973000000000000087e-01 5.497335695954293833e+00
2.977000000000000202e-01 5.457181442818183292e+00
2.980999999999999761e-01 5.415844521198922124e+00
2.984999999999999876e-01 5.373370680048806136e+00
2.989999999999999880e-01 5.328591148235452657e+00
2.993999999999999995e-01 5.285100504034791591e+00
2.998000000000000109e-01 5.239425038826908576e+00
3.002000000000000224e-01 5.192742649897363449e+00
3.005999999999999783e-01 5.145114574462787083e+00
3.009999999999999898e-01 5.096559153680287224e+00
3.014999999999999902e-01 5.045784927810046838e+00
3.019000000000000017e-01 4.996845400966054562e+00
3.023000000000000131e-01 4.945724890074147062e+00
3.027000000000000246e-01 4.893840791168235782e+00
3.030999999999999805e-01 4.841217077844818917e+00
3.034999999999999920e-01 4.787863153708271646e+00
3.039999999999999925e-01 4.732360755660532270e+00
3.044000000000000039e-01 4.679125546842620054e+00
3.048000000000000154e-01 4.623792783644367077e+00
3.052000000000000268e-01 4.567842388006727816e+00
3.055999999999999828e-01 4.511329920281561989e+00
3.059999999999999942e-01 4.454252201508691833e+00
3.064999999999999947e-01 4.395126668334128794e+00
3.069000000000000061e-01 4.338566772344573330e+00
3.073000000000000176e-01 4.280003698583519700e+00
3.076999999999999735e-01 4.220987046448726687e+00
3.080999999999999850e-01 4.161515259779139164e+00
3.084999999999999964e-01 4.101642131952441872e+00
3.089999999999999969e-01 4.039756572789260147e+00
3.094000000000000083e-01 3.980750302116113915e+00
3.098000000000000198e-01 3.919756407315237112e+00
3.101999999999999758e-01 3.858452036822457742e+00
3.105999999999999872e-01 3.796795469347618912e+00
3.109999999999999987e-01 3.734869775719608764e+00
3.114999999999999991e-01 3.670995433485620296e+00
3.119000000000000106e-01 3.610160420316542496e+00
3.123000000000000220e-01 3.547427538088095300e+00
3.126999999999999780e-01 3.484448440855709705e+00
3.130999999999999894e-01 3.421257155022884522e+00
3.135000000000000009e-01 3.357841694420695688e+00
3.140000000000000013e-01 3.292506511614630149e+00
3.144000000000000128e-01 3.230427203224194965e+00
3.148000000000000242e-01 3.166437513786994895e+00
3.151999999999999802e-01 3.102282039353734699e+00
3.155999999999999917e-01 3.037983874224630121e+00
3.160000000000000031e-01 2.973528399791368848e+00
3.165000000000000036e-01 2.907195157218477544e+00
3.169000000000000150e-01 2.844201262324409285e+00
3.173000000000000265e-01 2.779353330221126406e+00
3.176999999999999824e-01 2.714389936257013414e+00
3.180999999999999939e-01 2.649310542292897530e+00
3.185000000000000053e-01 2.584121206585238362e+00
3.190000000000000058e-01 2.517094944983551574e+00
3.194000000000000172e-01 2.453478826452195616e+00
3.197999999999999732e-01 2.388026051096398206e+00
3.201999999999999846e-01 2.322488621088519167e+00
3.205999999999999961e-01 2.256874711197927930e+00
3.210999999999999965e-01 2.189413579185037761e+00
3.215000000000000080e-01 2.125422084207992501e+00
3.219000000000000195e-01 2.059590905247817627e+00
3.222999999999999754e-01 1.993696246404929928e+00
3.226999999999999869e-01 1.927743914888079502e+00
3.230999999999999983e-01 1.861730256045190712e+00
3.235999999999999988e-01 1.793881831994839526e+00
3.240000000000000102e-01 1.729535054872323396e+00
3.244000000000000217e-01 1.663357185216305822e+00
3.247999999999999776e-01 1.597125450095081334e+00
3.251999999999999891e-01 1.530843176834685959e+00
3.256000000000000005e-01 1.464514365435123366e+00
3.261000000000000010e-01 1.396348088995450931e+00
3.265000000000000124e-01 1.331707549844751037e+00
3.269000000000000239e-01 1.265233007514772634e+00
3.272999999999999798e-01 1.198713927045627070e+00
3.276999999999999913e-01 1.132146519250439409e+00
3.281000000000000028e-01 1.065534438781292836e+00
3.286000000000000032e-01 9.970820095332180166e-01
3.290000000000000147e-01 9.321718159821675842e-01
3.294000000000000261e-01 8.654254664434365418e-01
3.297999999999999821e-01 7.986327895786672348e-01
3.301999999999999935e-01 7.317974400399349655e-01
3.306000000000000050e-01 6.649148977099567093e-01
3.311000000000000054e-01 5.961886385369806751e-01
3.315000000000000169e-01 5.310213331672866133e-01
3.318999999999999728e-01 4.640066563025174173e-01
3.322999999999999843e-01 3.969493067637850925e-01
3.326999999999999957e-01 3.298490917598461691e-01
3.331000000000000072e-01 2.627058767559072305e-01
3.336000000000000076e-01 1.937108370294085280e-01
3.340000000000000191e-01 1.282911776784451119e-01
3.343999999999999750e-01 6.102096267450741324e-02
3.347999999999999865e-01 -6.289655933809139288e-03
3.351999999999999980e-01 -7.364027454212443424e-02
3.356000000000000094e-01 -1.410300276852318735e-01
3.361000000000000099e-01 -2.102705475461722762e-01
3.365000000000000213e-01 -2.759200721106151444e-01
3.368999999999999773e-01 -3.434193633928897538e-01
3.372999999999999887e-01 -4.109545201403748127e-01
3.377000000000000002e-01 -4.785213495618191315e-01
3.381000000000000116e-01 -5.461157171224320095e-01
3.386000000000000121e-01 -6.155602372351008933e-01
3.390000000000000235e-01 -6.813920486392812670e-01
3.393999999999999795e-01 -7.490669543390612306e-01
3.397999999999999909e-01 -8.167622636432201322e-01
3.402000000000000024e-01 -8.844767074821699993e-01
3.406000000000000139e-01 -9.522092858559119133e-01
3.411000000000000143e-01 -1.021774860034226018e+00
3.415000000000000258e-01 -1.087703864229653705e+00
3.418999999999999817e-01 -1.155462922486107713e+00
3.422999999999999932e-01 -1.223222922486109088e+00
3.427000000000000046e-01 -1.290982057020900964e+00
3.431000000000000161e-01 -1.358735864229653645e+00
3.436000000000000165e-01 -1.428299398173394463e+00
3.439999999999999725e-01 -1.494202765738623873e+00
3.443999999999999839e-01 -1.561910321899675269e+00
3.447999999999999954e-01 -1.629593685269478343e+00
3.452000000000000068e-01 -1.697245990382826086e+00
3.457000000000000073e-01 -1.766683851652606219e+00
3.461000000000000187e-01 -1.832440484096611311e+00
3.464999999999999747e-01 -1.899968941766631669e+00
3.468999999999999861e-01 -1.967444206645407201e+00
3.472999999999999976e-01 -2.034860278732934180e+00
3.477000000000000091e-01 -2.102214619890045544e+00
3.482000000000000095e-01 -2.171295059533567606e+00
3.486000000000000210e-01 -2.236688934643655369e+00
3.489999999999999769e-01 -2.303796522657657775e+00
3.493999999999999884e-01 -2.370821285441028881e+00
3.497999999999999998e-01 -2.437737487872537745e+00
3.502000000000000113e-01 -2.504538093908423857e+00
3.507000000000000117e-01 -2.573020129444112403e+00
3.511000000000000232e-01 -2.637778862141245018e+00
3.514999999999999791e-01 -2.704212468177129569e+00
3.518999999999999906e-01 -2.770494590139493063e+00
3.523000000000000020e-01 -2.836635290475597593e+00
3.527000000000000135e-01 -2.902601506738178738e+00
3.532000000000000139e-01 -2.970191088542927460e+00
3.536000000000000254e-01 -3.034025881006886305e+00
3.539999999999999813e-01 -3.099461541108415652e+00
3.543999999999999928e-01 -3.164696389810385035e+00
3.548000000000000043e-01 -3.229745875142550737e+00
3.552000000000000157e-01 -3.294552777910164210e+00
3.557000000000000162e-01 -3.360884793661872205e+00
3.561000000000000276e-01 -3.423498125775370049e+00
3.564999999999999836e-01 -3.487613472381932311e+00
3.568999999999999950e-01 -3.551444756541231484e+00
3.573000000000000065e-01 -3.615015197448013584e+00
3.577000000000000179e-01 -3.678315790911469652e+00
3.582000000000000184e-01 -3.743016998195782818e+00
3.585999999999999743e-01 -3.804031839112778979e+00
3.589999999999999858e-01 -3.866423890246257322e+00
3.593999999999999972e-01 -3.928495075914527401e+00
3.598000000000000087e-01 -3.990227086813431523e+00
3.602000000000000202e-01 -4.051634407016493356e+00
3.607000000000000206e-01 -4.114322025028159580e+00
3.610999999999999766e-01 -4.173344577180164272e+00
3.614999999999999880e-01 -4.233637220518457589e+00
3.618999999999999995e-01 -4.293527976178848959e+00
3.623000000000000109e-01 -4.353022982886943559e+00
3.627000000000000224e-01 -4.412092832847553936e+00
3.632000000000000228e-01 -4.472341071644518884e+00
3.635999999999999788e-01 -4.528989783816476766e+00
3.639999999999999902e-01 -4.586775710055424504e+00
3.644000000000000017e-01 -4.644086421290433364e+00
3.648000000000000131e-01 -4.700922190781898102e+00
3.652000000000000246e-01 -4.757275305621281980e+00
3.657000000000000250e-01 -4.814646828740699824e+00
3.660999999999999810e-01 -4.868518418787140867e+00
3.664999999999999925e-01 -4.923362260366132226e+00
3.669000000000000039e-01 -4.977669505549499718e+00
3.673000000000000154e-01 -5.031439750732866756e+00
3.677000000000000268e-01 -5.084672130451026284e+00
3.682000000000000273e-01 -5.138743143760031273e+00
3.685999999999999832e-01 -5.189417441857584024e+00
3.689999999999999947e-01 -5.240892987963490235e+00
3.694000000000000061e-01 -5.291789076399373570e+00
3.698000000000000176e-01 -5.342078411692149587e+00
3.701999999999999735e-01 -5.391765267102210935e+00
3.706999999999999740e-01 -5.442142926844830697e+00
3.710999999999999854e-01 -5.489233278844875663e+00
3.714999999999999969e-01 -5.536990726459752210e+00
3.719000000000000083e-01 -5.584060093605481612e+00
3.723000000000000198e-01 -5.630483926802853034e+00
3.728000000000000203e-01 -5.677456574136195755e+00
3.731999999999999762e-01 -5.721271795629102819e+00
3.735999999999999877e-01 -5.765619297309625857e+00
3.739999999999999991e-01 -5.809264875268485007e+00
3.744000000000000106e-01 -5.852158121710494321e+00
3.748000000000000220e-01 -5.894340699669353256e+00
3.753000000000000225e-01 -5.936883849261255897e+00
3.756999999999999784e-01 -5.976443923483786946e+00
3.760999999999999899e-01 -6.016388192138488300e+00
3.765000000000000013e-01 -6.055554936485092909e+00
3.769000000000000128e-01 -6.093942604553360454e+00
3.773000000000000242e-01 -6.131520250408936334e+00
3.778000000000000247e-01 -6.169319089852922211e+00
3.781999999999999806e-01 -6.204326353519650006e+00
3.785999999999999921e-01 -6.239522308679384288e+00
3.790000000000000036e-01 -6.273898165348089861e+00
3.794000000000000150e-01 -6.307449156551586000e+00
3.798000000000000265e-01 -6.340169089498627564e+00
3.803000000000000269e-01 -6.372886139163712826e+00
3.806999999999999829e-01 -6.403064915158138248e+00
3.810999999999999943e-01 -6.433258193453101903e+00
3.815000000000000058e-01 -6.462577449535372942e+00
3.819000000000000172e-01 -6.491040207713049348e+00
3.822999999999999732e-01 -6.518619674608449266e+00
3.827999999999999736e-01 -6.546050207251569830e+00
3.831999999999999851e-01 -6.571148532120913544e+00
3.835999999999999965e-01 -6.596102290298589743e+00
3.840000000000000080e-01 -6.620149389633377623e+00
3.844000000000000195e-01 -6.643303125598362335e+00
3.847999999999999754e-01 -6.665544359467941327e+00
3.852999999999999758e-01 -6.687473092440169964e+00
3.856999999999999873e-01 -6.707338329302506175e+00
3.860999999999999988e-01 -6.726857563172085719e+00
3.865000000000000102e-01 -6.745484164602278732e+00
3.869000000000000217e-01 -6.763174165446038444e+00
3.872999999999999776e-01 -6.779944399315617432e+00
3.877999999999999781e-01 -6.796212090454328170e+00
3.881999999999999895e-01 -6.810731925311231727e+00
3.886000000000000010e-01 -6.824721347781249392e+00
3.890000000000000124e-01 -6.837804160024570699e+00
3.894000000000000239e-01 -6.849947429937913945e+00
3.897999999999999798e-01 -6.861139507060010523e+00
3.902999999999999803e-01 -6.871707886792162157e+00
3.906999999999999917e-01 -6.880783454681883349e+00
3.911000000000000032e-01 -6.889211688551463375e+00
3.915000000000000147e-01 -6.896698823930013766e+00
3.919000000000000261e-01 -6.903273846986465401e+00
3.922999999999999821e-01 -6.908893403991274162e+00
3.927999999999999825e-01 -6.913713710288683423e+00
3.931999999999999940e-01 -6.917371006265225830e+00
3.936000000000000054e-01 -6.920242163856468842e+00
3.940000000000000169e-01 -6.922175030165435672e+00
3.943999999999999728e-01 -6.923187398569807804e+00
3.947999999999999843e-01 -6.923290556161050269e+00
3.952999999999999847e-01 -6.922470587095664207e+00
3.956999999999999962e-01 -6.920769158435001955e+00
3.961000000000000076e-01 -6.918139970678323536e+00
3.965000000000000191e-01 -6.914604993734774219e+00
3.968999999999999750e-01 -6.910195039003916406e+00
3.973999999999999755e-01 -6.904727925926630761e+00
3.977999999999999869e-01 -6.898677452677430821e+00
3.981999999999999984e-01 -6.891570686547010105e+00
3.986000000000000099e-01 -6.883610233911557685e+00
3.990000000000000213e-01 -6.874784144645907702e+00
3.993999999999999773e-01 -6.865095113636713542e+00
3.998999999999999777e-01 -6.854241895775188276e+00
4.002999999999999892e-01 -6.843132226387689698e+00
4.007000000000000006e-01 -6.830895504682652053e+00
4.011000000000000121e-01 -6.817815917512407786e+00
4.015000000000000235e-01 -6.803909774181112979e+00
4.018999999999999795e-01 -6.789187420036689069e+00
4.023999999999999799e-01 -6.773221021364315142e+00
4.027999999999999914e-01 -6.757298231865127569e+00
4.032000000000000028e-01 -6.740164379816108386e+00
4.036000000000000143e-01 -6.722244989627920830e+00
4.040000000000000258e-01 -6.703562236069929625e+00
4.043999999999999817e-01 -6.684112558790276104e+00
4.048999999999999821e-01 -6.663363275535324703e+00
4.052999999999999936e-01 -6.642941782604711243e+00
4.057000000000000051e-01 -6.621260629633153982e+00
4.061000000000000165e-01 -6.598852840031399047e+00
4.064999999999999725e-01 -6.575736687059842822e+00
4.068999999999999839e-01 -6.551909475831830143e+00
4.073999999999999844e-01 -6.526747568430538493e+00
4.077999999999999958e-01 -6.502226366870773155e+00
4.082000000000000073e-01 -6.476382756229194904e+00
4.086000000000000187e-01 -6.449873490935536857e+00
4.089999999999999747e-01 -6.422753480880392551e+00
4.093999999999999861e-01 -6.394983870238813317e+00
4.098999999999999866e-01 -6.365848011868597389e+00
4.102999999999999980e-01 -6.337626060941651929e+00
4.107000000000000095e-01 -6.308082516938148032e+00
4.111000000000000210e-01 -6.277944506883002873e+00
4.114999999999999769e-01 -6.247236519040550107e+00
4.118999999999999884e-01 -6.215996418875994856e+00
4.123999999999999888e-01 -6.183395856645477195e+00
4.128000000000000003e-01 -6.151968142268550821e+00
4.132000000000000117e-01 -6.119169755012530132e+00
4.136000000000000232e-01 -6.085918488460230868e+00
4.139999999999999791e-01 -6.052166966669418890e+00
4.143999999999999906e-01 -6.017978278490860866e+00
4.148999999999999910e-01 -5.982388730758025908e+00
4.153000000000000025e-01 -5.948268112946873742e+00
4.157000000000000139e-01 -5.912808003142058233e+00
4.161000000000000254e-01 -5.876949413454529036e+00
4.164999999999999813e-01 -5.840699882023455913e+00
4.168999999999999928e-01 -5.804086314548616343e+00
4.173999999999999932e-01 -5.766130875613684204e+00
4.178000000000000047e-01 -5.729841049254959628e+00
4.182000000000000162e-01 -5.692239427714476108e+00
4.186000000000000276e-01 -5.654354828386685128e+00
4.189999999999999836e-01 -5.616161072311411040e+00
4.193999999999999950e-01 -5.577700051357360245e+00
4.198999999999999955e-01 -5.537987089536128060e+00
4.203000000000000069e-01 -5.500088762592368674e+00
4.207000000000000184e-01 -5.460935207689960436e+00
4.210999999999999743e-01 -5.421577652787553880e+00
4.214999999999999858e-01 -5.382033407189302565e+00
4.219999999999999862e-01 -5.341282824997656498e+00
4.223999999999999977e-01 -5.302483996461949012e+00
4.228000000000000091e-01 -5.262477620519716126e+00
4.232000000000000206e-01 -5.222373997720590744e+00
4.235999999999999766e-01 -5.182154141895646049e+00
4.239999999999999880e-01 -5.141845442818183010e+00
4.244999999999999885e-01 -5.100375411086406352e+00
4.248999999999999999e-01 -5.061036376180108043e+00
4.253000000000000114e-01 -5.020557775593674776e+00
4.257000000000000228e-01 -4.980071775593674310e+00
4.260999999999999788e-01 -4.939569331754725567e+00
4.264999999999999902e-01 -4.899064331754724222e+00
4.269999999999999907e-01 -4.857510514523430523e+00
4.274000000000000021e-01 -4.818157452458445178e+00
4.278000000000000136e-01 -4.777779035022996723e+00
4.282000000000000250e-01 -4.737450711887767341e+00
4.285999999999999810e-01 -4.697227374921466136e+00
4.289999999999999925e-01 -4.657095535859759217e+00
4.294999999999999929e-01 -4.616000436231265880e+00
4.299000000000000044e-01 -4.577175054718404468e+00
4.303000000000000158e-01 -4.537424932756040974e+00
4.307000000000000273e-01 -4.497815366954728944e+00
4.310999999999999832e-01 -4.458382747087772380e+00
4.314999999999999947e-01 -4.419131396290397973e+00
4.319999999999999951e-01 -4.379015790627417637e+00
4.324000000000000066e-01 -4.341220967956045840e+00
4.328000000000000180e-01 -4.302603294023443326e+00
4.331999999999999740e-01 -4.264198041717099485e+00
4.335999999999999854e-01 -4.226038273484276964e+00
4.339999999999999969e-01 -4.188164989324977938e+00
4.344999999999999973e-01 -4.149503959103572726e+00
4.349000000000000088e-01 -4.113167954954740857e+00
4.353000000000000203e-01 -4.076102554282531543e+00
4.356999999999999762e-01 -4.039349772218639778e+00
4.360999999999999877e-01 -4.002915855619953334e+00
4.364999999999999991e-01 -3.966784495182317460e+00
4.369999999999999996e-01 -3.930028479798897134e+00
4.374000000000000110e-01 -3.895538338849717341e+00
4.378000000000000225e-01 -3.860430058881228810e+00
4.381999999999999784e-01 -3.825683088216898398e+00
4.385999999999999899e-01 -3.791302713948190739e+00
4.390000000000000013e-01 -3.757289339679483309e+00
4.395000000000000018e-01 -3.722739864700787216e+00
4.399000000000000132e-01 -3.690419980915373266e+00
4.403000000000000247e-01 -3.657571606646666584e+00
4.406999999999999806e-01 -3.625130043777522015e+00
4.410999999999999921e-01 -3.593099749977961554e+00
4.415000000000000036e-01 -3.561462281409035757e+00
4.420000000000000040e-01 -3.529415607019571688e+00
4.424000000000000155e-01 -3.499475908813853842e+00
4.428000000000000269e-01 -3.469115942340332825e+00
4.431999999999999829e-01 -3.439188419705762279e+00
4.435999999999999943e-01 -3.409711475444932471e+00
4.440000000000000058e-01 -3.380655508971411649e+00
4.445000000000000062e-01 -3.351283021257131178e+00
4.449000000000000177e-01 -3.323881907541219149e+00
4.452999999999999736e-01 -3.296168156071637156e+00
4.456999999999999851e-01 -3.268892633437065598e+00
4.460999999999999965e-01 -3.242051245337286502e+00
4.465999999999999970e-01 -3.214976827281822658e+00
4.470000000000000084e-01 -3.189758146002499295e+00
4.474000000000000199e-01 -3.164266623367927966e+00
4.477999999999999758e-01 -3.139228275502722543e+00
4.481999999999999873e-01 -3.114647658567932353e+00
4.485999999999999988e-01 -3.090524176167934733e+00
4.490999999999999992e-01 -3.066164550823539336e+00
4.495000000000000107e-01 -3.043544265433584251e+00
4.499000000000000221e-01 -3.020746783033586791e+00
4.502999999999999781e-01 -2.998366489234026933e+00
4.506999999999999895e-01 -2.976403253690921069e+00
4.511000000000000010e-01 -2.954887443964883786e+00
4.516000000000000014e-01 -2.933242444692083950e+00
4.520000000000000129e-01 -2.913127183691802458e+00
4.524000000000000243e-01 -2.892873064661607874e+00
4.527999999999999803e-01 -2.873014596092682282e+00
4.531999999999999917e-01 -2.853580746132071244e+00
4.536000000000000032e-01 -2.834545739423977029e+00
4.541000000000000036e-01 -2.815396554823209385e+00
4.545000000000000151e-01 -2.797621896586344192e+00
4.549000000000000266e-01 -2.779729235226170658e+00
4.552999999999999825e-01 -2.762224035726829729e+00
4.556999999999999940e-01 -2.745071352153964472e+00
4.561000000000000054e-01 -2.728279516024425977e+00
4.566000000000000059e-01 -2.711411728660242382e+00
4.570000000000000173e-01 -2.695752225157033166e+00
4.573999999999999733e-01 -2.679974770419179197e+00
4.577999999999999847e-01 -2.664515988355285359e+00
4.581999999999999962e-01 -2.649378668152223781e+00
4.586000000000000076e-01 -2.634541711318964641e+00
4.591000000000000081e-01 -2.619609818844232052e+00
4.595000000000000195e-01 -2.605737757417873279e+00
4.598999999999999755e-01 -2.591766338723783036e+00
4.602999999999999869e-01 -2.578034261186803899e+00
4.606999999999999984e-01 -2.564554820280021907e+00
4.611000000000000099e-01 -2.551342630420942115e+00
4.616000000000000103e-01 -2.537995933003012627e+00
4.620000000000000218e-01 -2.525557529412628899e+00
4.623999999999999777e-01 -2.512992393619194686e+00
4.627999999999999892e-01 -2.500635679452018145e+00
4.632000000000000006e-01 -2.488446019350487592e+00
4.636000000000000121e-01 -2.476436399483529893e+00
4.641000000000000125e-01 -2.464253851690106689e+00
4.645000000000000240e-01 -2.452882482884844340e+00
4.648999999999999799e-01 -2.441316876848958817e+00
4.652999999999999914e-01 -2.429883714652023130e+00
4.657000000000000028e-01 -2.418569108616137164e+00
4.661000000000000143e-01 -2.407351462345677984e+00
4.666000000000000147e-01 -2.395925283371509895e+00
4.670000000000000262e-01 -2.385186380617889235e+00
4.673999999999999821e-01 -2.374203653878283138e+00
4.677999999999999936e-01 -2.363301218420953198e+00
4.682000000000000051e-01 -2.352414545746992491e+00
4.686000000000000165e-01 -2.341550182377189593e+00
4.691000000000000170e-01 -2.330434425532736942e+00
4.694999999999999729e-01 -2.319925572150494553e+00
4.698999999999999844e-01 -2.309109531915920499e+00
4.702999999999999958e-01 -2.298270626216139423e+00
4.707000000000000073e-01 -2.287402662259903074e+00
4.712000000000000077e-01 -2.276206896782101641e+00
4.716000000000000192e-01 -2.265558752369311701e+00
4.719999999999999751e-01 -2.254557228061215390e+00
4.723999999999999866e-01 -2.243475394448960714e+00
4.727999999999999980e-01 -2.232329601071279868e+00
4.732000000000000095e-01 -2.221085592689660437e+00
4.737000000000000099e-01 -2.209432759818598768e+00
4.741000000000000214e-01 -2.198286575926420738e+00
4.744999999999999774e-01 -2.186714989171059553e+00
4.748999999999999888e-01 -2.175000631250708416e+00
4.753000000000000003e-01 -2.163158448099723241e+00
4.757000000000000117e-01 -2.151174821109788304e+00
4.762000000000000122e-01 -2.138702507852556334e+00
4.766000000000000236e-01 -2.126717486660770984e+00
4.769999999999999796e-01 -2.114239684901470628e+00
4.773999999999999910e-01 -2.101579573838012305e+00
4.778000000000000025e-01 -2.088732731844137991e+00
4.782000000000000139e-01 -2.075682446011314575e+00
4.787000000000000144e-01 -2.062087467958285014e+00
4.791000000000000258e-01 -2.048994394462953839e+00
4.794999999999999818e-01 -2.035330184908467288e+00
4.798999999999999932e-01 -2.021448513493148358e+00
4.803000000000000047e-01 -2.007341918356166932e+00
4.807000000000000162e-01 -1.993007592288769780e+00
4.812000000000000166e-01 -1.978046366371934095e+00
4.815999999999999726e-01 -1.963632361780233815e+00
4.819999999999999840e-01 -1.948584784665133851e+00
4.823999999999999955e-01 -1.933293611154410785e+00
4.828000000000000069e-01 -1.917754110317647864e+00
4.832000000000000184e-01 -1.901963013085261611e+00
4.837000000000000188e-01 -1.885487332682300066e+00
4.840999999999999748e-01 -1.869625684085697070e+00
4.844999999999999862e-01 -1.853073528596855368e+00
4.848999999999999977e-01 -1.836264969503637268e+00
4.853000000000000091e-01 -1.819200410410419355e+00
4.857000000000000206e-01 -1.801879851317201631e+00
4.862000000000000210e-01 -1.783829433779186902e+00
4.865999999999999770e-01 -1.766470733130766080e+00
4.869999999999999885e-01 -1.748383039502755976e+00
4.873999999999999999e-01 -1.730042942270369366e+00
4.878000000000000114e-01 -1.711453441433606670e+00
4.882000000000000228e-01 -1.692613209666428364e+00
4.887000000000000233e-01 -1.673014521296730450e+00
4.890999999999999792e-01 -1.654205055436229532e+00
4.894999999999999907e-01 -1.634638747390713576e+00
4.899000000000000021e-01 -1.614839824927692735e+00
4.903000000000000136e-01 -1.594811633395087469e+00
4.907000000000000250e-01 -1.574559634653729834e+00
4.912000000000000255e-01 -1.553535585846396616e+00
4.915999999999999814e-01 -1.533400888218717117e+00
4.919999999999999929e-01 -1.512503275059853491e+00
4.924000000000000044e-01 -1.491407643879108846e+00
4.928000000000000158e-01 -1.470116012698363894e+00
4.932000000000000273e-01 -1.448634439774074023e+00
4.937000000000000277e-01 -1.426391694317989511e+00
4.940999999999999837e-01 -1.405142392416523389e+00
4.944999999999999951e-01 -1.383145321587638144e+00
4.949000000000000066e-01 -1.360992174480416539e+00
4.953000000000000180e-01 -1.338689220164442029e+00
4.958000000000000185e-01 -1.315645105889102329e+00
4.961999999999999744e-01 -1.293680602814769376e+00
4.965999999999999859e-01 -1.270995939781070394e+00
4.969999999999999973e-01 -1.248196411282163965e+00
4.974000000000000088e-01 -1.225300057552622945e+00
4.978000000000000203e-01 -1.202313165683913665e+00
4.983000000000000207e-01 -1.178624835145992922e+00
4.986999999999999766e-01 -1.156113269624394757e+00
4.990999999999999881e-01 -1.132922072642337019e+00
4.994999999999999996e-01 -1.109687588568813776e+00
4.999000000000000110e-01 -1.086415566356122131e+00
5.002999999999999670e-01 -1.063120391586759972e+00
5.008000000000000229e-01 -1.039186589547744788e+00
5.011999999999999789e-01 -1.016506602399889436e+00
5.016000000000000458e-01 -9.932125843780068575e-01
5.020000000000000018e-01 -9.699430864734126523e-01
5.023999999999999577e-01 -9.467091086861042504e-01
5.028000000000000247e-01 -9.235225164812895793e-01
5.032999999999999696e-01 -8.997741402593433246e-01
5.037000000000000366e-01 -8.773422197495616137e-01
5.040999999999999925e-01 -8.543735152226481500e-01
5.044999999999999485e-01 -8.315030617434364668e-01
5.049000000000000155e-01 -8.087395319858868836e-01
5.052999999999999714e-01 -7.860961187412492945e-01
5.058000000000000274e-01 -7.629807652354502201e-01
5.061999999999999833e-01 -7.412220453950799648e-01
5.066000000000000503e-01 -7.190156543631324171e-01
5.070000000000000062e-01 -6.969786489136811092e-01
5.073999999999999622e-01 -6.751204326510998888e-01
5.078000000000000291e-01 -6.534551983666361252e-01
5.082999999999999741e-01 -6.314177873595685497e-01
5.087000000000000410e-01 -6.107510210799861339e-01
5.090999999999999970e-01 -5.897317507517604307e-01
5.094999999999999529e-01 -5.689513278668599794e-01
5.099000000000000199e-01 -5.484188287036219078e-01
5.102999999999999758e-01 -5.281457151228798885e-01
5.108000000000000318e-01 -5.076032202110396518e-01
5.111999999999999877e-01 -4.884164519176308894e-01
5.116000000000000547e-01 -4.689805713627080985e-01
5.120000000000000107e-01 -4.498423454598656224e-01
5.123999999999999666e-01 -4.310117742091011950e-01
5.128000000000000336e-01 -4.125014540060386592e-01
5.132999999999999785e-01 -3.938257994145482610e-01
5.137000000000000455e-01 -3.764607955780330251e-01
5.141000000000000014e-01 -3.589513810747529954e-01
5.144999999999999574e-01 -3.417895629670960611e-01
5.149000000000000243e-01 -3.249869959071409187e-01
5.152999999999999803e-01 -3.085462943123948865e-01
5.158000000000000362e-01 -2.920434131514486609e-01
5.161999999999999922e-01 -2.767813932183065262e-01
5.165999999999999481e-01 -2.614700009277175496e-01
5.170000000000000151e-01 -2.465466668935831773e-01
5.173999999999999710e-01 -2.320140637898656655e-01
5.178000000000000380e-01 -2.178793844078101560e-01
5.182999999999999829e-01 -2.037764563927708383e-01
5.187000000000000499e-01 -1.908140839001553346e-01
5.191000000000000059e-01 -1.778903282397639174e-01
5.194999999999999618e-01 -1.653778999054113519e-01
5.199000000000000288e-01 -1.532766061058505047e-01
5.203999999999999737e-01 -1.412759269615313507e-01
5.208000000000000407e-01 -1.303160767631848793e-01
5.211999999999999966e-01 -1.194591102896642998e-01
5.215999999999999526e-01 -1.090181438161432897e-01
5.220000000000000195e-01 -9.899317734262191859e-02
5.223999999999999755e-01 -8.938247993868551899e-02
5.229000000000000314e-01 -7.993982602779878266e-02
5.232999999999999874e-01 -7.140048873518833883e-02
5.237000000000000544e-01 -6.302532947041974976e-02
5.241000000000000103e-01 -5.505757381002810563e-02
5.244999999999999662e-01 -4.749249082359675855e-02
5.249000000000000332e-01 -4.032854237195725167e-02
5.253999999999999782e-01 -3.337882853109048337e-02
5.258000000000000451e-01 -2.718279802535269671e-02
5.262000000000000011e-01 -2.119113666517970229e-02
5.265999999999999570e-01 -1.558087890938282018e-02
5.270000000000000240e-01 -1.034469743192268851e-02
5.273999999999999799e-01 -5.475457698007769186e-03
5.279000000000000359e-01 -8.479125104424905038e-04
5.282999999999999918e-01 3.187331073980100102e-03
5.286999999999999478e-01 6.995880112052856904e-03
5.291000000000000147e-01 1.046881473262032888e-02
5.294999999999999707e-01 1.361294214443483849e-02
5.299000000000000377e-01 1.643772420832840045e-02
5.303999999999999826e-01 1.902062111160676694e-02
5.308000000000000496e-01 2.117025229235176137e-02
5.312000000000000055e-01 2.309786377768948545e-02
5.315999999999999615e-01 2.474712991510611554e-02
5.320000000000000284e-01 2.612978163501738366e-02
5.323999999999999844e-01 2.725695347221525344e-02
5.329000000000000403e-01 2.816340871352622510e-02
5.332999999999999963e-01 2.879331935930273118e-02
5.336999999999999522e-01 2.922664794398441290e-02
5.341000000000000192e-01 2.945322757636856595e-02
5.344999999999999751e-01 2.948692372166305739e-02
5.349000000000000421e-01 2.934173637986790123e-02
5.353999999999999870e-01 2.902094769645387554e-02
5.358000000000000540e-01 2.856524937417711379e-02
5.362000000000000099e-01 2.796254610590515055e-02
5.365999999999999659e-01 2.723595935054352185e-02
5.370000000000000329e-01 2.639948910809221047e-02
5.373999999999999888e-01 2.546800084375919551e-02
5.379000000000000448e-01 2.442810327386917696e-02
5.383000000000000007e-01 2.337810478423992325e-02
5.386999999999999567e-01 2.224969698905369594e-02
5.391000000000000236e-01 2.108527117198565753e-02
5.394999999999999796e-01 1.990069279824382281e-02
5.399000000000000465e-01 1.871023093741224982e-02
5.403999999999999915e-01 1.749789321592550365e-02
5.407999999999999474e-01 1.637398408051969970e-02
5.412000000000000144e-01 1.525833361925071040e-02
5.415999999999999703e-01 1.419853060130791926e-02
5.420000000000000373e-01 1.320797863106751985e-02
5.423999999999999932e-01 1.230227410415330944e-02
5.429000000000000492e-01 1.147613361645212146e-02
5.433000000000000052e-01 1.080681098467951157e-02
5.436999999999999611e-01 1.024605239211996179e-02
5.441000000000000281e-01 9.828544847262867326e-03
5.444999999999999840e-01 9.569884745731917913e-03
5.450000000000000400e-01 9.481780553522736743e-03
5.453999999999999959e-01 9.582317685777393124e-03
5.457999999999999519e-01 9.881141657769598741e-03
5.462000000000000188e-01 1.039321667746429326e-02
5.465999999999999748e-01 1.113154274486141682e-02
5.470000000000000417e-01 1.210911985996106568e-02
5.474999999999999867e-01 1.337117367387787373e-02
5.479000000000000536e-01 1.482856537243618447e-02
5.483000000000000096e-01 1.659529923501949777e-02
5.486999999999999655e-01 1.864855321488957315e-02
5.491000000000000325e-01 2.099932731204644243e-02
5.494999999999999885e-01 2.365775606128195374e-02
5.500000000000000444e-01 2.671596394224347998e-02
5.504000000000000004e-01 2.993944298119750533e-02
5.507999999999999563e-01 3.358097022146169786e-02
5.512000000000000233e-01 3.756742118338908532e-02
5.515999999999999792e-01 4.190766133218711692e-02
5.520000000000000462e-01 4.660982520264853740e-02
5.524999999999999911e-01 5.181794549148550921e-02
5.528999999999999471e-01 5.712646224772848641e-02
5.533000000000000140e-01 6.295320449193181345e-02
5.536999999999999700e-01 6.916613952738201454e-02
5.541000000000000369e-01 7.577126735407997693e-02
5.544999999999999929e-01 8.277199157640108274e-02
5.550000000000000488e-01 9.037274212764334624e-02
5.554000000000000048e-01 9.797409467312259701e-02
5.557999999999999607e-01 1.061814735475227756e-01
5.562000000000000277e-01 1.147948524219232769e-01
5.565999999999999837e-01 1.238168276919467820e-01
5.570000000000000506e-01 1.332460720315551961e-01
5.574999999999999956e-01 1.433493454690966118e-01
5.578999999999999515e-01 1.533274261759788315e-01
5.583000000000000185e-01 1.639769395851715383e-01
5.586999999999999744e-01 1.750297220639476514e-01
5.591000000000000414e-01 1.864820426818930843e-01
5.594999999999999973e-01 1.983316323694218897e-01
5.600000000000000533e-01 2.109029310403970625e-01
5.604000000000000092e-01 2.232018297663621309e-01
5.607999999999999652e-01 2.362109756149416151e-01
5.612000000000000322e-01 2.495972559983136996e-01
5.615999999999999881e-01 2.633492853339823303e-01
5.620000000000000551e-01 2.774644492044440747e-01
5.625000000000000000e-01 2.923201048774292099e-01
5.628999999999999559e-01 3.067350238022585884e-01
5.633000000000000229e-01 3.218768201121076089e-01
5.636999999999999789e-01 3.373390380482135797e-01
5.641000000000000458e-01 3.531114667974498134e-01
5.645000000000000018e-01 3.691825099641902197e-01
5.649999999999999467e-01 3.859840111552482189e-01
5.654000000000000137e-01 4.021737086197733624e-01
5.657999999999999696e-01 4.190639986434063213e-01
5.662000000000000366e-01 4.361984412237144837e-01
5.665999999999999925e-01 4.535662291519425016e-01
5.669999999999999485e-01 4.711452459151819760e-01
5.675000000000000044e-01 4.894009016767419395e-01
5.678999999999999604e-01 5.068815262985535419e-01
5.683000000000000274e-01 5.250040007318154123e-01
5.686999999999999833e-01 5.432708967913340015e-01
5.691000000000000503e-01 5.616676763379435666e-01
5.695999999999999952e-01 5.806690554034839025e-01
5.699999999999999512e-01 5.987613837970248154e-01
5.704000000000000181e-01 6.174205045007457038e-01
5.707999999999999741e-01 6.361300468307233835e-01
5.712000000000000410e-01 6.548659525305053908e-01
5.715999999999999970e-01 6.736066834609203413e-01
5.721000000000000529e-01 6.928358840697432797e-01
5.725000000000000089e-01 7.110178900832395676e-01
5.728999999999999648e-01 7.296433657751429935e-01
5.733000000000000318e-01 7.481859357672657751e-01
5.736999999999999877e-01 7.666200036639823079e-01
5.741000000000000547e-01 7.849256277217504518e-01
5.745999999999999996e-01 8.035629226307908768e-01
5.749999999999999556e-01 8.210491004814856053e-01
5.754000000000000226e-01 8.388208146486624273e-01
5.757999999999999785e-01 8.563648921856410468e-01
5.762000000000000455e-01 8.736589294880474643e-01
5.766000000000000014e-01 8.906757337646319383e-01
5.770999999999999464e-01 9.078411982453149509e-01
5.775000000000000133e-01 9.237837597532509992e-01
5.778999999999999693e-01 9.398226541392443734e-01
5.783000000000000362e-01 9.554882392210812814e-01
5.786999999999999922e-01 9.707527258118883173e-01
5.790999999999999481e-01 9.855905757724989780e-01
5.796000000000000041e-01 1.000362231282330372e+00
5.799999999999999600e-01 1.013888962198752797e+00
5.804000000000000270e-01 1.027300767733980713e+00
5.807999999999999829e-01 1.040186936639010407e+00
5.812000000000000499e-01 1.052525065309467989e+00
5.816000000000000059e-01 1.064288826419311329e+00
5.820999999999999508e-01 1.075752053091333149e+00
5.825000000000000178e-01 1.085997766074448201e+00
5.828999999999999737e-01 1.095896944619740188e+00
5.833000000000000407e-01 1.105127352000043750e+00
5.836999999999999966e-01 1.113664988215357310e+00
5.840999999999999526e-01 1.121489315126513731e+00
5.846000000000000085e-01 1.128766681442477493e+00
5.849999999999999645e-01 1.134907386384274686e+00
5.854000000000000314e-01 1.140460054452542282e+00
5.857999999999999874e-01 1.145209624029781326e+00
5.862000000000000544e-01 1.149137480698486424e+00
5.866000000000000103e-01 1.152226624458657422e+00
5.870999999999999552e-01 1.154510797643071518e+00
5.875000000000000222e-01 1.155804253136110793e+00
5.878999999999999782e-01 1.156257334449016794e+00
5.883000000000000451e-01 1.155794837388181007e+00
5.887000000000000011e-01 1.154400492884019025e+00
5.890999999999999570e-01 1.152057435471323110e+00
5.896000000000000130e-01 1.148659701608739647e+00
5.899999999999999689e-01 1.144467240176784140e+00
5.904000000000000359e-01 1.139189967760149358e+00
5.907999999999999918e-01 1.132907444295812027e+00
5.911999999999999478e-01 1.125604938853356440e+00
5.916000000000000147e-01 1.117270047828405888e+00
5.920999999999999597e-01 1.107637294093268165e+00
5.925000000000000266e-01 1.097462436357060866e+00
5.928999999999999826e-01 1.085970312306290486e+00
5.933000000000000496e-01 1.073406668138232378e+00
5.937000000000000055e-01 1.059764831178927835e+00
5.941999999999999504e-01 1.044635071654035352e+00
5.946000000000000174e-01 1.029215117025744197e+00
5.949999999999999734e-01 1.012296105297074478e+00
5.954000000000000403e-01 9.942753626379875476e-01
5.957999999999999963e-01 9.751474271876547917e-01
5.961999999999999522e-01 9.549114917373212608e-01
5.967000000000000082e-01 9.329874602852571419e-01
5.970999999999999641e-01 9.111084280454069262e-01
5.975000000000000311e-01 8.875398961994489522e-01
5.978999999999999870e-01 8.628612298187006147e-01
5.983000000000000540e-01 8.370742943683661119e-01
5.987000000000000099e-01 8.101836862440729981e-01
5.991999999999999549e-01 7.814328624958231106e-01
5.996000000000000218e-01 7.530986627867310990e-01
5.999999999999999778e-01 7.229171711753483720e-01
6.004000000000000448e-01 6.916510068900029173e-01
6.008000000000000007e-01 6.593069008611149862e-01
6.011999999999999567e-01 6.258918530886810050e-01
6.017000000000000126e-01 5.904866450911587794e-01
6.020999999999999686e-01 5.558950488260889777e-01
6.025000000000000355e-01 5.193326959403059551e-01
6.028999999999999915e-01 4.817392667761886127e-01
6.032999999999999474e-01 4.431331469162276271e-01
6.037000000000000144e-01 4.035248162431360197e-01
6.041999999999999593e-01 3.618352511550314565e-01
6.046000000000000263e-01 3.213629662965183931e-01
6.049999999999999822e-01 2.788374470229924018e-01
6.054000000000000492e-01 2.353725061232051496e-01
6.058000000000000052e-01 1.909844126667472608e-01
6.061999999999999611e-01 1.456917630492375326e-01
6.067000000000000171e-01 9.826695344437462454e-02
6.070999999999999730e-01 5.246606440065155336e-02
6.075000000000000400e-01 4.572611765197173717e-03
6.078999999999999959e-01 -4.414666610088809062e-02
6.082999999999999519e-01 -9.367163466281749895e-02
6.087000000000000188e-01 -1.439805629901753925e-01
6.091999999999999638e-01 -1.964265761220322648e-01
6.096000000000000307e-01 -2.468577025455435670e-01
6.099999999999999867e-01 -2.993809137735538028e-01
6.104000000000000536e-01 -3.525953538365786955e-01
6.108000000000000096e-01 -4.064787536650262822e-01
6.111999999999999655e-01 -4.610021895372393708e-01
6.117000000000000215e-01 -5.176311452564035243e-01
6.120999999999999774e-01 -5.718792096475295850e-01
6.125000000000000444e-01 -6.281820629551929658e-01
6.129000000000000004e-01 -6.850258177718235864e-01
6.132999999999999563e-01 -7.423875323538828841e-01
6.137000000000000233e-01 -8.002365520492922268e-01
6.141999999999999682e-01 -8.601211175802652154e-01
6.146000000000000352e-01 -9.172994124799310756e-01
6.149999999999999911e-01 -9.764629841455763071e-01
6.153999999999999471e-01 -1.036009129994155842e+00
6.158000000000000140e-01 -1.095913370142956200e+00
6.161999999999999700e-01 -1.156150108196347226e+00
6.167000000000000259e-01 -1.218326152439968890e+00
6.170999999999999819e-01 -1.277519212551710970e+00
6.175000000000000488e-01 -1.338598175249307465e+00
6.179000000000000048e-01 -1.399905904921078692e+00
6.182999999999999607e-01 -1.461419594358278840e+00
6.188000000000000167e-01 -1.524771748243561875e+00
6.191999999999999726e-01 -1.584956870550840557e+00
6.196000000000000396e-01 -1.646933650097451629e+00
6.199999999999999956e-01 -1.709017658479069057e+00
6.203999999999999515e-01 -1.771185761160907646e+00
6.208000000000000185e-01 -1.833418420003798843e+00
6.212999999999999634e-01 -1.897362691912358734e+00
6.217000000000000304e-01 -1.957976558729400463e+00
6.220999999999999863e-01 -2.020264231403358757e+00
6.225000000000000533e-01 -2.082534787564411349e+00
6.229000000000000092e-01 -2.144751725117143959e+00
6.232999999999999652e-01 -2.206923510113205200e+00
6.238000000000000211e-01 -2.270671186129602503e+00
6.241999999999999771e-01 -2.330993399049747339e+00
6.246000000000000441e-01 -2.392878332411674247e+00
6.250000000000000000e-01 -2.454647938447557909e+00
6.253999999999999559e-01 -2.516262598549088736e+00
6.258000000000000229e-01 -2.577738760746026703e+00
6.262999999999999678e-01 -2.640706736678044564e+00
6.267000000000000348e-01 -2.700194309784099911e+00
6.270999999999999908e-01 -2.761148795116262988e+00
6.274999999999999467e-01 -2.821939455217794102e+00
6.279000000000000137e-01 -2.882493819846241312e+00
6.282999999999999696e-01 -2.942872018086938102e+00
6.288000000000000256e-01 -3.004653015476465683e+00
6.291999999999999815e-01 -3.062987137117133329e+00
6.296000000000000485e-01 -3.122751026053677048e+00
6.300000000000000044e-01 -3.182295296381901561e+00
6.303999999999999604e-01 -3.241611104849296598e+00
6.308000000000000274e-01 -3.300736859251048649e+00
6.312999999999999723e-01 -3.361224626546919225e+00
6.317000000000000393e-01 -3.418374193285182105e+00
6.320999999999999952e-01 -3.476907041987148173e+00
6.324999999999999512e-01 -3.535273567553887109e+00
6.329000000000000181e-01 -3.593459321955639219e+00
6.332999999999999741e-01 -3.651484443917999645e+00
6.338000000000000300e-01 -3.710925115403284735e+00
6.341999999999999860e-01 -3.767116306451039787e+00
6.346000000000000529e-01 -3.824745912486927413e+00
6.350000000000000089e-01 -3.882302791783205365e+00
6.353999999999999648e-01 -3.939768572588456141e+00
6.358000000000000318e-01 -3.997201666888676730e+00
6.362999999999999767e-01 -4.056137669135622126e+00
6.367000000000000437e-01 -4.111979586419530541e+00
6.370999999999999996e-01 -4.169403666888674920e+00
6.374999999999999556e-01 -4.226857034449287731e+00
6.379000000000000226e-01 -4.284427410391522528e+00
6.382999999999999785e-01 -4.342080320282112105e+00
6.388000000000000345e-01 -4.401454590843459691e+00
6.391999999999999904e-01 -4.457900349617780478e+00
6.395999999999999464e-01 -4.516123810219969670e+00
6.400000000000000133e-01 -4.574614947686931998e+00
6.403999999999999693e-01 -4.633419896553451878e+00
6.408000000000000362e-01 -4.692548307280808295e+00
6.412999999999999812e-01 -4.753677426040663789e+00
6.417000000000000481e-01 -4.812050800150834640e+00
6.421000000000000041e-01 -4.872502492520199624e+00
6.424999999999999600e-01 -4.933479785476000856e+00
6.429000000000000270e-01 -4.995057584718018973e+00
6.433999999999999719e-01 -5.058929938517523262e+00
6.438000000000000389e-01 -5.120151249840126262e+00
6.441999999999999948e-01 -5.183793348746035257e+00
6.445999999999999508e-01 -5.248225259051509717e+00
6.450000000000000178e-01 -5.313541446808190294e+00
6.453999999999999737e-01 -5.379772078403815883e+00
6.459000000000000297e-01 -5.448786879818199758e+00
6.462999999999999856e-01 -5.515256053244963041e+00
6.467000000000000526e-01 -5.584636930438844793e+00
6.471000000000000085e-01 -5.655200161362261113e+00
6.474999999999999645e-01 -5.726989549033164373e+00
6.479000000000000314e-01 -5.800098214155274157e+00
6.483999999999999764e-01 -5.876630694033369018e+00
6.488000000000000433e-01 -5.950575444649817136e+00
6.491999999999999993e-01 -6.028055395604744682e+00
6.495999999999999552e-01 -6.107159162150048282e+00
6.500000000000000222e-01 -6.187942336490539930e+00
6.503999999999999782e-01 -6.270458245952251985e+00
6.509000000000000341e-01 -6.357087470013802033e+00
6.512999999999999901e-01 -6.441079108042424117e+00
6.516999999999999460e-01 -6.529321460084446471e+00
6.521000000000000130e-01 -6.619641013299339072e+00
6.524999999999999689e-01 -6.712100167100659043e+00
6.529000000000000359e-01 -6.806804983935684561e+00
6.533999999999999808e-01 -6.906426412619713240e+00
6.538000000000000478e-01 -7.003211979716888358e+00
6.542000000000000037e-01 -7.105089064362847928e+00
6.545999999999999597e-01 -7.209519982621065637e+00
6.550000000000000266e-01 -7.316594658213205093e+00
6.553999999999999826e-01 -7.426398898348005595e+00
6.559000000000000385e-01 -7.542064409025551974e+00
6.562999999999999945e-01 -7.654530090267508413e+00
6.566999999999999504e-01 -7.773037064264896934e+00
6.571000000000000174e-01 -7.894617428035594742e+00
6.574999999999999734e-01 -8.019345567162080357e+00
6.579000000000000403e-01 -8.147311329087703058e+00
6.583999999999999853e-01 -8.282150678677785649e+00
6.588000000000000522e-01 -8.413315797614650648e+00
6.592000000000000082e-01 -8.551538427937638076e+00
6.595999999999999641e-01 -8.693337255242688855e+00
6.600000000000000311e-01 -8.838806629068532317e+00
6.603999999999999870e-01 -8.988024912784954523e+00
6.609000000000000430e-01 -9.145222979162074495e+00
6.612999999999999989e-01 -9.298056846519784813e+00
6.616999999999999549e-01 -9.459041864098796992e+00
6.621000000000000218e-01 -9.624120002381534533e+00
6.624999999999999778e-01 -9.793363319624438290e+00
6.629000000000000448e-01 -9.966862990596894178e+00
6.633999999999999897e-01 -1.014950261140094057e+01
6.637999999999999456e-01 -1.032694852407439079e+01
6.642000000000000126e-01 -1.051366767367091803e+01
6.645999999999999686e-01 -1.070496388990550685e+01
6.650000000000000355e-01 -1.090092393975236185e+01
6.653999999999999915e-01 -1.110159966646397578e+01
6.659000000000000474e-01 -1.131262321277978167e+01
6.663000000000000034e-01 -1.151740990781544305e+01
6.666999999999999593e-01 -1.173265845849905453e+01
