0.000000000000000000e+00 1.376620683510196286e-01
3.921568627450980338e-03 1.381798697412170152e-01
7.843137254901960675e-03 1.393006595473975651e-01
1.176470588235294101e-02 1.411877517818798944e-01
1.568627450980392135e-02 1.440097659174299216e-01
1.960784313725490169e-02 1.479344362946285463e-01
2.352941176470588203e-02 1.531219187539705484e-01
2.745098039215686236e-02 1.597178452426490369e-01
3.137254901960784270e-02 1.678463994843822082e-01
3.529411764705882304e-02 1.776036980490751371e-01
3.921568627450980338e-02 1.890517605202745588e-01
4.313725490196078372e-02 2.022133396496067770e-01
4.705882352941176405e-02 2.170678576621153932e-01
5.098039215686274439e-02 2.335486590214732316e-01
5.490196078431372473e-02 2.515417442725617625e-01
5.882352941176470507e-02 2.708860957998394103e-01
6.274509803921568540e-02 2.913756466062255579e-01
6.666666666666666574e-02 3.127628799559546979e-01
7.058823529411764608e-02 3.347639835528455343e-01
7.450980392156862642e-02 3.570654195355208449e-01
7.843137254901960675e-02 3.793317136138519841e-01
8.235294117647058709e-02 4.012142156370791524e-01
8.627450980392156743e-02 4.223605419936114491e-01
9.019607843137254777e-02 4.424243793446297479e-01
9.411764705882352811e-02 4.610753106829088011e-01
9.803921568627450844e-02 4.780083194606778996e-01
1.019607843137254888e-01 4.929526358619026882e-01
1.058823529411764691e-01 5.056796109448167265e-01
1.098039215686274495e-01 5.160093385223817330e-01
1.137254901960784298e-01 5.238157899214206381e-01
1.176470588235294101e-01 5.290302813306605456e-01
1.215686274509803905e-01 5.316431550838883746e-01
1.254901960784313708e-01 5.317036223986515431e-01
1.294117647058823373e-01 5.293177830871846901e-01
1.333333333333333315e-01 5.246449047886517780e-01
1.372549019607843257e-01 5.178921076062659168e-01
1.411764705882352922e-01 5.093076571057276736e-01
1.450980392156862586e-01 4.991731171603503436e-01
1.490196078431372528e-01 4.877946522100007898e-01
1.529411764705882470e-01 4.754937946919839398e-01
1.568627450980392135e-01 4.625980067780373628e-01
1.607843137254901800e-01 4.494313657438663290e-01
1.647058823529411742e-01 4.363056895039673089e-01
1.686274509803921684e-01 4.235123938149437106e-01
1.725490196078431349e-01 4.113153366486846929e-01
1.764705882352941013e-01 3.999448599781116886e-01
1.803921568627450955e-01 3.895931867888707822e-01
1.843137254901960898e-01 3.804112738901344604e-01
1.882352941176470562e-01 3.725071615715925266e-01
1.921568627450980227e-01 3.659458019173823518e-01
1.960784313725490169e-01 3.607502911518281064e-01
2.000000000000000111e-01 3.569043800909491582e-01
2.039215686274509776e-01 3.543560926643917752e-01
2.078431372549019440e-01 3.530222472456810423e-01
2.117647058823529382e-01 3.527936504399397100e-01
2.156862745098039325e-01 3.535407187985474819e-01
2.196078431372548989e-01 3.551192809204081757e-01
2.235294117647058654e-01 3.573763203080749795e-01
2.274509803921568596e-01 3.601554374319339002e-01
2.313725490196078538e-01 3.633018365285993201e-01
2.352941176470588203e-01 3.666666771501434496e-01
2.392156862745097867e-01 3.701106705172592659e-01
2.431372549019607809e-01 3.735068442333021599e-01
2.470588235294117752e-01 3.767424437036793194e-01
2.509803921568627416e-01 3.797199824929535783e-01
2.549019607843137081e-01 3.823574947609781893e-01
2.588235294117646745e-01 3.845880789711429437e-01
2.627450980392156965e-01 3.863588516669821393e-01
2.666666666666666630e-01 3.876294520342299377e-01
2.705882352941176294e-01 3.883702513801625122e-01
2.745098039215686514e-01 3.885604261888873090e-01
2.784313725490196179e-01 3.881860491201195029e-01
2.823529411764705843e-01 3.872383397196714205e-01
2.862745098039215508e-01 3.857121966186187745e-01
2.901960784313725172e-01 3.836051068849542500e-01
2.941176470588235392e-01 3.809164975112713791e-01
2.980392156862745057e-01 3.776475605318396767e-01
3.019607843137254721e-01 3.738015488310491019e-01
3.058823529411764941e-01 3.693845062174127558e-01
3.098039215686274606e-01 3.644063645990933686e-01
3.137254901960784270e-01 3.588823147454913154e-01
3.176470588235293935e-01 3.528343365427609180e-01
3.215686274509803599e-01 3.462927609206156720e-01
3.254901960784313819e-01 3.392977294474517347e-01
3.294117647058823484e-01 3.319004192651998086e-01
3.333333333333333148e-01 3.241639104575501640e-01
3.372549019607843368e-01 3.161635896057711781e-01
3.411764705882353033e-01 3.079870063017531301e-01
3.450980392156862697e-01 2.997331275478154478e-01
3.490196078431372362e-01 2.915109668031180545e-01
3.529411764705882026e-01 2.834375982751719536e-01
3.568627450980392246e-01 2.756356011366953296e-01
3.607843137254901911e-01 2.682300108938112104e-01
3.647058823529411575e-01 2.613448844379865355e-01
3.686274509803921795e-01 2.550996098389548550e-01
3.725490196078431460e-01 2.496051103750499267e-01
3.764705882352941124e-01 2.449601036497527640e-01
3.803921568627450789e-01 2.412475802601583008e-01
3.843137254901960453e-01 2.385316621002075976e-01
3.882352941176470673e-01 2.368549881317804362e-01
3.921568627450980338e-01 2.362367558631822961e-01
3.960784313725490002e-01 2.366715207243698105e-01
4.000000000000000222e-01 2.381288242287049606e-01
4.039215686274509887e-01 2.405536867298047332e-01
4.078431372549019551e-01 2.438679633750927001e-01
4.117647058823529216e-01 2.479725242878158820e-01
4.156862745098038880e-01 2.527501838601378115e-01
4.196078431372549100e-01 2.580692710287397218e-01
4.235294117647058765e-01 2.637877040987027799e-01
4.274509803921568429e-01 2.697574114232608733e-01
4.313725490196078649e-01 2.758289240881007243e-01
4.352941176470588314e-01 2.818559594006962432e-01
4.392156862745097978e-01 2.876998147853853105e-01
4.431372549019607643e-01 2.932334005823938328e-01
4.470588235294117307e-01 2.983447568077216561e-01
4.509803921568627527e-01 3.029399223522997175e-01
4.549019607843137192e-01 3.069450542624521105e-01
4.588235294117646856e-01 3.103077282620518296e-01
4.627450980392157076e-01 3.129973879639008083e-01
4.666666666666666741e-01 3.150049475667667243e-01
4.705882352941176405e-01 3.163415894998759526e-01
4.745098039215686070e-01 3.170368327591685520e-01
4.784313725490195734e-01 3.171359780073517154e-01
4.823529411764705954e-01 3.166970605128981986e-01
4.862745098039215619e-01 3.157874605782832189e-01
4.901960784313725283e-01 3.144803324689860458e-01
4.941176470588235503e-01 3.128510165687482525e-01
4.980392156862745168e-01 3.109735954901898802e-01
5.019607843137254832e-01 3.089177434699060809e-01
5.058823529411764497e-01 3.067460002317503598e-01
5.098039215686274161e-01 3.045115765852369205e-01
5.137254901960783826e-01 3.022567705773512858e-01
5.176470588235293491e-01 3.000120414773252975e-01
5.215686274509804266e-01 2.977957558168163321e-01
5.254901960784313930e-01 2.956145867559337725e-01
5.294117647058823595e-01 2.934645167940841959e-01
5.333333333333333259e-01 2.913323657832049274e-01
5.372549019607842924e-01 2.891977426414448771e-01
5.411764705882352589e-01 2.870353011795333531e-01
5.450980392156862253e-01 2.848171688217305264e-01
5.490196078431373028e-01 2.825154121851034539e-01
5.529411764705882693e-01 2.801044055878576522e-01
5.568627450980392357e-01 2.775629773573250469e-01
5.607843137254902022e-01 2.748762237391703667e-01
5.647058823529411686e-01 2.720369004120343770e-01
5.686274509803921351e-01 2.690463259755958569e-01
5.725490196078431016e-01 2.659147590015948359e-01
5.764705882352940680e-01 2.626612388882277327e-01
5.803921568627450345e-01 2.593129093579646938e-01
5.843137254901961120e-01 2.559038705296880489e-01
5.882352941176470784e-01 2.524736297167024524e-01
5.921568627450980449e-01 2.490652412549726469e-01
5.960784313725490113e-01 2.457232407758154769e-01
5.999999999999999778e-01 2.424914886986100082e-01
6.039215686274509443e-01 2.394110409288144614e-01
6.078431372549019107e-01 2.365181617214245635e-01
6.117647058823529882e-01 2.338425846475876424e-01
6.156862745098039547e-01 2.314061131255832349e-01
6.196078431372549211e-01 2.292216328648747914e-01
6.235294117647058876e-01 2.272925858720228898e-01
6.274509803921568540e-01 2.256129306031733339e-01
6.313725490196078205e-01 2.241675867532491595e-01
6.352941176470587870e-01 2.229333374214386709e-01
6.392156862745097534e-01 2.218801373304944147e-01
6.431372549019607199e-01 2.209727546489426708e-01
6.470588235294117974e-01 2.201726568530653627e-01
6.509803921568627638e-01 2.194400388344742159e-01
6.549019607843137303e-01 2.187358847135464912e-01
6.588235294117646967e-01 2.180239538728573068e-01
6.627450980392156632e-01 2.172725865870829554e-01
6.666666666666666297e-01 2.164562350021084491e-01
6.705882352941175961e-01 2.155566405250209372e-01
6.745098039215686736e-01 2.145635980920193864e-01
6.784313725490196401e-01 2.134752702363733878e-01
6.823529411764706065e-01 2.122980381818012907e-01
6.862745098039215730e-01 2.110459020446250333e-01
6.901960784313725394e-01 2.097394663234168066e-01
6.941176470588235059e-01 2.084045689150086089e-01
6.980392156862744724e-01 2.070706307592586615e-01
7.019607843137254388e-01 2.057688178919297450e-01
7.058823529411764053e-01 2.045301174084460938e-01
7.098039215686274828e-01 2.033834331067659040e-01
7.137254901960784492e-01 2.023538051694267204e-01
7.176470588235294157e-01 2.014608512468968604e-01
7.215686274509803821e-01 2.007175140956446169e-01
7.254901960784313486e-01 2.001291841588226927e-01
7.294117647058823151e-01 1.996932450499113165e-01
7.333333333333332815e-01 1.993990668987406234e-01
7.372549019607843590e-01 1.992284481705556276e-01
7.411764705882353255e-01 1.991564821704296939e-01
7.450980392156862919e-01 1.991528013001413744e-01
7.490196078431372584e-01 1.991831314814873077e-01
7.529411764705882248e-01 1.992110721085416369e-01
7.568627450980391913e-01 1.992000043633124773e-01
7.607843137254901578e-01 1.991150234092415039e-01
7.647058823529411242e-01 1.989247882758172215e-01
7.686274509803920907e-01 1.986031872793554420e-01
7.725490196078431682e-01 1.981307263999687318e-01
7.764705882352941346e-01 1.974955626677510068e-01
7.803921568627451011e-01 1.966941235457381754e-01
7.843137254901960675e-01 1.957312755437707608e-01
7.882352941176470340e-01 1.946200296841781585e-01
7.921568627450980005e-01 1.933807966737326745e-01
7.960784313725489669e-01 1.920402293686892248e-01
8.000000000000000444e-01 1.906297130192885769e-01
8.039215686274510109e-01 1.891835836017525807e-01
8.078431372549019773e-01 1.877371701972976037e-01
8.117647058823529438e-01 1.863247679785452748e-01
8.156862745098039102e-01 1.849776532934822026e-01
8.196078431372548767e-01 1.837222512706605249e-01
8.235294117647058432e-01 1.825785592968248994e-01
8.274509803921568096e-01 1.815589169490524901e-01
8.313725490196077761e-01 1.806671951137300280e-01
8.352941176470588536e-01 1.798984549878569483e-01
8.392156862745098200e-01 1.792391025618816913e-01
8.431372549019607865e-01 1.786675373329235927e-01
8.470588235294117530e-01 1.781552668096701708e-01
8.509803921568627194e-01 1.776684323010670474e-01
8.549019607843136859e-01 1.771696679486145787e-01
8.588235294117646523e-01 1.766201952732163460e-01
8.627450980392157298e-01 1.759820407866422021e-01
8.666666666666666963e-01 1.752202553456490008e-01
8.705882352941176627e-01 1.743050114909257819e-01
8.745098039215686292e-01 1.732134592714339449e-01
8.784313725490195957e-01 1.719312319172582038e-01
8.823529411764705621e-01 1.704535097509173591e-01
8.862745098039215286e-01 1.687855731450596530e-01
8.901960784313724950e-01 1.669428020710414240e-01
8.941176470588234615e-01 1.649501095158351360e-01
8.980392156862745390e-01 1.628408272655704203e-01
9.019607843137255054e-01 1.606550936420400311e-01
9.058823529411764719e-01 1.584378220818096761e-01
9.098039215686274384e-01 1.562363553671967109e-01
9.137254901960784048e-01 1.540979313913554416e-01
9.176470588235293713e-01 1.520671013167205488e-01
9.215686274509803377e-01 1.501832488998806059e-01
9.254901960784314152e-01 1.484783599769392004e-01
9.294117647058823817e-01 1.469751833791580753e-01
9.333333333333333481e-01 1.456859090255206157e-01
9.372549019607843146e-01 1.446114661639160415e-01
9.411764705882352811e-01 1.437415156359058144e-01
9.450980392156862475e-01 1.430551758970076692e-01
9.490196078431372140e-01 1.425224849009515404e-01
9.529411764705881804e-01 1.421065606378758561e-01
9.568627450980391469e-01 1.417663840250587004e-01
9.607843137254902244e-01 1.414600909518241856e-01
9.647058823529411908e-01 1.411486274948045017e-01
9.686274509803921573e-01 1.407995954174784958e-01
9.725490196078431238e-01 1.403910955853598930e-01
9.764705882352940902e-01 1.399153660862547666e-01
9.803921568627450567e-01 1.393820104822154349e-01
9.843137254901960231e-01 1.388206201427543696e-01
9.882352941176471006e-01 1.382826129621984590e-01
9.921568627450980671e-01 1.378421384221316381e-01
9.960784313725490335e-01 1.375959349406437326e-01
1.000000000000000000e+00 1.376620683510196286e-01
