0.000000000000000000e+00 4.454511246458072588e-02
3.921568627450980338e-03 4.455670343689488444e-02
7.843137254901960675e-03 4.469304060551310825e-02
1.176470588235294101e-02 4.498698888713149185e-02
1.568627450980392135e-02 4.547382398271135329e-02
1.960784313725490169e-02 4.619024676653584599e-02
2.352941176470588203e-02 4.717323868178895790e-02
2.745098039215686236e-02 4.845879290214046009e-02
3.137254901960784270e-02 5.008056312969284135e-02
3.529411764705882304e-02 5.206847753856124611e-02
3.921568627450980338e-02 5.444736924755995411e-02
4.313725490196078372e-02 5.723567659193062179e-02
4.705882352941176405e-02 6.044426622088743678e-02
5.098039215686274439e-02 6.407542962215735660e-02
5.490196078431372473e-02 6.812209910699842941e-02
5.882352941176470507e-02 7.256732271280817714e-02
6.274509803921568540e-02 7.738402911770407566e-02
6.666666666666666574e-02 8.253510381532563889e-02
7.058823529411764608e-02 8.797378684026514739e-02
7.450980392156862642e-02 9.364439069026048168e-02
7.843137254901960675e-02 9.948332522178175708e-02
8.235294117647058709e-02 1.054204046785835874e-01
8.627450980392156743e-02 1.113804011219257789e-01
9.019607843137254777e-02 1.172847988159270993e-01
9.411764705882352811e-02 1.230536959875343783e-01
9.803921568627450844e-02 1.286077941719375173e-01
1.019607843137254888e-01 1.338704113383061001e-01
1.058823529411764691e-01 1.387694533462285607e-01
1.098039215686274495e-01 1.432392790922533132e-01
1.137254901960784298e-01 1.472223979499127089e-01
1.176470588235294101e-01 1.506709436668337843e-01
1.215686274509803905e-01 1.535478765449428129e-01
1.254901960784313708e-01 1.558278751939002615e-01
1.294117647058823373e-01 1.574978900396482584e-01
1.333333333333333315e-01 1.585573426574521383e-01
1.372549019607843257e-01 1.590179674108695984e-01
1.411764705882352922e-01 1.589033043242235876e-01
1.450980392156862586e-01 1.582478641074944736e-01
1.490196078431372528e-01 1.570959973224954065e-01
1.529411764705882470e-01 1.555005094030493806e-01
1.568627450980392135e-01 1.535210712545818090e-01
1.607843137254901800e-01 1.512224811695728477e-01
1.647058823529411742e-01 1.486728376004047281e-01
1.686274509803921684e-01 1.459416838199649458e-01
1.725490196078431349e-01 1.430981846601412366e-01
1.764705882352941013e-01 1.402093924331066499e-01
1.803921568627450955e-01 1.373386539859005329e-01
1.843137254901960898e-01 1.345442038740210511e-01
1.882352941176470562e-01 1.318779801937016438e-01
1.921568627450980227e-01 1.293846900693429447e-01
1.960784313725490169e-01 1.271011415736004457e-01
2.000000000000000111e-01 1.250558484025009187e-01
2.039215686274509776e-01 1.232689033749462398e-01
2.078431372549019440e-01 1.217521071927575582e-01
2.117647058823529382e-01 1.205093302631826263e-01
2.156862745098039325e-01 1.195370780752244011e-01
2.196078431372548989e-01 1.188252248912797376e-01
2.235294117647058654e-01 1.183578765458741522e-01
2.274509803921568596e-01 1.181143210294840762e-01
2.313725490196078538e-01 1.180700252873198575e-01
2.352941176470588203e-01 1.181976382060478670e-01
2.392156862745097867e-01 1.184679629426738934e-01
2.431372549019607809e-01 1.188508663465865228e-01
2.470588235294117752e-01 1.193160989581117520e-01
2.509803921568627416e-01 1.198340056121235397e-01
2.549019607843137081e-01 1.203761136840798551e-01
2.588235294117646745e-01 1.209155931298199760e-01
2.627450980392156965e-01 1.214275893390872885e-01
2.666666666666666630e-01 1.218894361201102727e-01
2.705882352941176294e-01 1.222807615723603691e-01
2.745098039215686514e-01 1.225835039529217657e-01
2.784313725490196179e-01 1.227818577273579043e-01
2.823529411764705843e-01 1.228621717164672805e-01
2.862745098039215508e-01 1.228128215764711789e-01
2.901960784313725172e-01 1.226240778249408359e-01
2.941176470588235392e-01 1.222879883596923595e-01
2.980392156862745057e-01 1.217982910859636975e-01
3.019607843137254721e-01 1.211503680928815163e-01
3.058823529411764941e-01 1.203412480670130874e-01
3.098039215686274606e-01 1.193696585870576005e-01
3.137254901960784270e-01 1.182361249075790377e-01
3.176470588235293935e-01 1.169431071035356290e-01
3.215686274509803599e-01 1.154951632830031605e-01
3.254901960784313819e-01 1.138991232203677151e-01
3.294117647058823484e-01 1.121642544076606740e-01
3.333333333333333148e-01 1.103024013033882117e-01
3.372549019607843368e-01 1.083280785499228932e-01
3.411764705882353033e-01 1.062585001407382462e-01
3.450980392156862697e-01 1.041135288906654965e-01
3.490196078431372362e-01 1.019155339771533747e-01
3.529411764705882026e-01 9.968914860387256827e-02
3.568627450980392246e-01 9.746092476916738689e-02
3.607843137254901911e-01 9.525888744507608752e-02
3.647058823529411575e-01 9.311199591031711631e-02
3.686274509803921795e-01 9.104952524746676157e-02
3.725490196078431460e-01 8.910038583199905715e-02
3.764705882352941124e-01 8.729240275125060844e-02
3.803921568627450789e-01 8.565158027089027348e-02
3.843137254901960453e-01 8.420137853641021519e-02
3.882352941176470673e-01 8.296203053292350305e-02
3.921568627450980338e-01 8.194992686395807802e-02
3.960784313725490002e-01 8.117709414846005500e-02
4.000000000000000222e-01 8.065078983815592018e-02
4.039215686274509887e-01 8.037323214884953271e-02
4.078431372549019551e-01 8.034147875802875871e-02
4.117647058823529216e-01 8.054746217232364169e-02
4.156862745098038880e-01 8.097818347210525292e-02
4.196078431372549100e-01 8.161605977965900871e-02
4.235294117647058765e-01 8.243941456365996845e-02
4.274509803921568429e-01 8.342309407273172661e-02
4.313725490196078649e-01 8.453918805237692347e-02
4.352941176470588314e-01 8.575782867848495694e-02
4.392156862745097978e-01 8.704803852993277247e-02
4.431372549019607643e-01 8.837859656339852599e-02
4.470588235294117307e-01 8.971889052765691375e-02
4.509803921568627527e-01 9.103972508222255011e-02
4.549019607843137192e-01 9.231405702313323636e-02
4.588235294117646856e-01 9.351763236313062611e-02
4.627450980392157076e-01 9.462950440531170404e-02
4.666666666666666741e-01 9.563241718180090500e-02
4.705882352941176405e-01 9.651304445806344057e-02
4.745098039215686070e-01 9.726208065955926907e-02
4.784313725490195734e-01 9.787418627841357188e-02
4.823529411764705954e-01 9.834779628250296668e-02
4.862745098039215619e-01 9.868480551097776055e-02
4.901960784313725283e-01 9.889014975873142155e-02
4.941176470588235503e-01 9.897130502561364562e-02
4.980392156862745168e-01 9.893773007931672137e-02
5.019607843137254832e-01 9.880027895286237760e-02
5.058823529411764497e-01 9.857061022559722441e-02
5.098039215686274161e-01 9.826061893709031603e-02
5.137254901960783826e-01 9.788191483064644094e-02
5.176470588235293491e-01 9.744536744506596126e-02
5.215686274509804266e-01 9.696073454407579117e-02
5.254901960784313930e-01 9.643638570422605194e-02
5.294117647058823595e-01 9.587912781230986670e-02
5.333333333333333259e-01 9.529413400548621127e-02
5.372549019607842924e-01 9.468497247635063174e-02
5.411764705882352589e-01 9.405372680593904189e-02
5.450980392156862253e-01 9.340119530264442971e-02
5.490196078431373028e-01 9.272715340415101093e-02
5.529411764705882693e-01 9.203066069111712211e-02
5.568627450980392357e-01 9.131039256570433471e-02
5.607843137254902022e-01 9.056497621310732882e-02
5.647058823529411686e-01 8.979331108413896034e-02
5.686274509803921351e-01 8.899485575321980368e-02
5.725490196078431016e-01 8.816986551155611695e-02
5.764705882352940680e-01 8.731956829998646641e-02
5.803921568627450345e-01 8.644627038567154198e-02
5.843137254901961120e-01 8.555338733269428342e-02
5.882352941176470784e-01 8.464540008634359458e-02
5.921568627450980449e-01 8.372774015990221141e-02
5.960784313725490113e-01 8.280661176603243412e-02
5.999999999999999778e-01 8.188876207741822844e-02
6.039215686274509443e-01 8.098121346809630805e-02
6.078431372549019107e-01 8.009097345067532625e-02
6.117647058823529882e-01 7.922473900204621278e-02
6.156862745098039547e-01 7.838861202541906603e-02
6.196078431372549211e-01 7.758784184250799854e-02
6.235294117647058876e-01 7.682660890678424948e-02
6.274509803921568540e-01 7.610786148096966575e-02
6.313725490196078205e-01 7.543321397112796867e-02
6.352941176470587870e-01 7.480291212751154217e-02
6.392156862745097534e-01 7.421586660101438249e-02
6.431372549019607199e-01 7.366975258626484724e-02
6.470588235294117974e-01 7.316116969025986128e-02
6.509803921568627638e-01 7.268585293018693660e-02
6.549019607843137303e-01 7.223892305594843688e-02
6.588235294117646967e-01 7.181516235243222412e-02
6.627450980392156632e-01 7.140930080743763952e-02
6.666666666666666297e-01 7.101629709501344756e-02
6.705882352941175961e-01 7.063159923747287794e-02
6.745098039215686736e-01 7.025137104366968588e-02
6.784313725490196401e-01 6.987267240370043098e-02
6.823529411764706065e-01 6.949358413890718844e-02
6.862745098039215730e-01 6.911327121534559248e-02
6.901960784313725394e-01 6.873198155769534579e-02
6.941176470588235059e-01 6.835098126156557985e-02
6.980392156862744724e-01 6.797243050165716061e-02
7.019607843137254388e-01 6.759920768172535122e-02
7.058823529411764053e-01 6.723469219432405553e-02
7.098039215686274828e-01 6.688251840195297282e-02
7.137254901960784492e-01 6.654631499603562428e-02
7.176470588235294157e-01 6.622944465357524790e-02
7.215686274509803821e-01 6.593475885307076290e-02
7.254901960784313486e-01 6.566438183538768347e-02
7.294117647058823151e-01 6.541953604997600979e-02
7.333333333333332815e-01 6.520041910187299172e-02
7.372549019607843590e-01 6.500613933687805768e-02
7.411764705882353255e-01 6.483471392773743069e-02
7.450980392156862919e-01 6.468312983144210160e-02
7.490196078431372584e-01 6.454746446732108345e-02
7.529411764705882248e-01 6.442305961002359194e-02
7.568627450980391913e-01 6.430473898492732043e-02
7.607843137254901578e-01 6.418705756196788070e-02
7.647058823529411242e-01 6.406456870612051158e-02
7.686274509803920907e-01 6.393209426275990592e-02
7.725490196078431682e-01 6.378498239729889219e-02
7.764705882352941346e-01 6.361933859009784309e-02
7.803921568627451011e-01 6.343221658337254432e-02
7.843137254901960675e-01 6.322175821604936186e-02
7.882352941176470340e-01 6.298727385363317444e-02
7.921568627450980005e-01 6.272925837633955282e-02
7.960784313725489669e-01 6.244934125551643289e-02
8.000000000000000444e-01 6.215017293274897880e-02
8.039215686274510109e-01 6.183525331669194325e-02
8.078431372549019773e-01 6.150871153070824188e-02
8.117647058823529438e-01 6.117504889405137036e-02
8.156862745098039102e-01 6.083885933810816160e-02
8.196078431372548767e-01 6.050454291688443093e-02
8.235294117647058432e-01 6.017602867689716278e-02
8.274509803921568096e-01 5.985652286040102354e-02
8.313725490196077761e-01 5.954829722999977620e-02
8.352941176470588536e-01 5.925253027339083545e-02
8.392156862745098200e-01 5.896921127212084029e-02
8.431372549019607865e-01 5.869711383775172431e-02
8.470588235294117530e-01 5.843384170801923377e-02
8.509803921568627194e-01 5.817594555619026719e-02
8.549019607843136859e-01 5.791910551688033565e-02
8.588235294117646523e-01 5.765837029391072954e-02
8.627450980392157298e-01 5.738844030626800291e-02
8.666666666666666963e-01 5.710397954419381417e-02
8.705882352941176627e-01 5.679993881675807904e-02
8.745098039215686292e-01 5.647187200384277267e-02
8.784313725490195957e-01 5.611622686153639600e-02
8.823529411764705621e-01 5.573059290070769833e-02
8.862745098039215286e-01 5.531389083938100665e-02
8.901960784313724950e-01 5.486649104104435876e-02
8.941176470588234615e-01 5.439025206181578864e-02
8.980392156862745390e-01 5.388847476176210349e-02
9.019607843137255054e-01 5.336577217369906784e-02
9.058823529411764719e-01 5.282786022267280807e-02
9.098039215686274384e-01 5.228127919124559569e-02
9.137254901960784048e-01 5.173306026699119042e-02
9.176470588235293713e-01 5.119035533716565639e-02
9.215686274509803377e-01 5.066005118318372968e-02
9.254901960784314152e-01 5.014839118243340915e-02
9.294117647058823817e-01 4.966062840242229520e-02
9.333333333333333481e-01 4.920073348352730497e-02
9.372549019607843146e-01 4.877117892508258529e-02
9.411764705882352811e-01 4.837281835385175838e-02
9.450980392156862475e-01 4.800487516809533867e-02
9.490196078431372140e-01 4.766504978053909269e-02
9.529411764705881804e-01 4.734974875136030437e-02
9.568627450980391469e-01 4.705443267598328344e-02
9.607843137254902244e-01 4.677407307469454156e-02
9.647058823529411908e-01 4.650370204522075168e-02
9.686274509803921573e-01 4.623903241429645761e-02
9.725490196078431238e-01 4.597712087833141781e-02
9.764705882352940902e-01 4.571704244884103319e-02
9.803921568627450567e-01 4.546054166652667428e-02
9.843137254901960231e-01 4.521262471558637475e-02
9.882352941176471006e-01 4.498205688837274979e-02
9.921568627450980671e-01 4.478173187763524049e-02
9.960784313725490335e-01 4.462888308851327424e-02
1.000000000000000000e+00 4.454511246458072588e-02
