0.000000000000000000e+00 -7.520304102165843574e+01
2.768156862745097934e-03 -8.321536560979001251e+01
5.536313725490195868e-03 -9.162025152884164925e+01
8.304470588235293368e-03 -1.003597023171145821e+02
1.107262745098039174e-02 -1.093700242778663494e+02
1.384078431372549010e-02 -1.185833780049879920e+02
1.660894117647058674e-02 -1.279294246863027666e+02
1.937709803921568510e-02 -1.373370080071152302e+02
2.214525490196078347e-02 -1.467358120194741957e+02
2.491341176470588184e-02 -1.560579373378939749e+02
2.768156862745098021e-02 -1.652393423590505392e+02
3.044972549019607858e-02 -1.742211026676709764e+02
3.321788235294117347e-02 -1.829504500776614861e+02
3.598603921568627184e-02 -1.913815624829803994e+02
3.875419607843137021e-02 -1.994760864137263923e+02
4.152235294117646858e-02 -2.072033854272860367e+02
4.429050980392156694e-02 -2.145405187134295772e+02
4.705866666666666531e-02 -2.214719650635119308e+02
4.982682352941176368e-02 -2.279891171836983972e+02
5.259498039215686205e-02 -2.340895798063147311e+02
5.536313725490196042e-02 -2.397763118259922521e+02
5.813129411764705878e-02 -2.450566574953534769e+02
6.089945098039215715e-02 -2.499413143898404428e+02
6.366760784313725552e-02 -2.544432863249004129e+02
6.643576470588234695e-02 -2.585768677155127193e+02
6.920392156862745225e-02 -2.623567021416879470e+02
7.197207843137254368e-02 -2.657969523494018631e+02
7.474023529411764899e-02 -2.689106118793549172e+02
7.750839215686274042e-02 -2.717089803448803309e+02
8.027654901960784573e-02 -2.742013154897198319e+02
8.304470588235293715e-02 -2.763946659858617636e+02
8.581286274509804246e-02 -2.782938799246143731e+02
8.858101960784313389e-02 -2.799017755365520088e+02
9.134917647058822532e-02 -2.812194532363287749e+02
9.411733333333333062e-02 -2.822467219593173695e+02
9.688549019607842205e-02 -2.829826082005018861e+02
9.965364705882352736e-02 -2.834259133615413475e+02
1.024218039215686188e-01 -2.835757840491814932e+02
1.051899607843137241e-01 -2.834322608442704450e+02
1.079581176470588155e-01 -2.829967736815355579e+02
1.107262745098039208e-01 -2.822725561670152388e+02
1.134944313725490123e-01 -2.812649566588391963e+02
1.162625882352941176e-01 -2.799816304330835806e+02
1.190307450980392090e-01 -2.784326043904288781e+02
1.217989019607843143e-01 -2.766302131462186367e+02
1.245670588235294057e-01 -2.745889125950361631e+02
1.273352156862745110e-01 -2.723249837735307892e+02
1.301033725490196025e-01 -2.698561457169653295e+02
1.328715294117646939e-01 -2.672011007205233568e+02
1.356396862745097853e-01 -2.643790387446514387e+02
1.384078431372549045e-01 -2.614091294886712262e+02
1.411759999999999959e-01 -2.583100308250924400e+02
1.439441568627450874e-01 -2.550994408504446938e+02
1.467123137254901788e-01 -2.517937178631009658e+02
1.494804705882352980e-01 -2.484075882991105289e+02
1.522486274509803894e-01 -2.449539572871055100e+02
1.550167843137254808e-01 -2.414438303225682318e+02
1.577849411764705723e-01 -2.378863479500753328e+02
1.605530980392156915e-01 -2.342889286420509052e+02
1.633212549019607829e-01 -2.306575086402581007e+02
1.660894117647058743e-01 -2.269968617326894673e+02
1.688575686274509657e-01 -2.233109770912712690e+02
1.716257254901960849e-01 -2.196034696626641960e+02
1.743938823529411764e-01 -2.158779953896026598e+02
1.771620392156862678e-01 -2.121386428735725644e+02
1.799301960784313592e-01 -2.083902740200296932e+02
1.826983529411764506e-01 -2.046387886998247154e+02
1.854665098039215698e-01 -2.008912923977931939e+02
1.882346666666666612e-01 -1.971561510077655441e+02
1.910028235294117527e-01 -1.934429231117699715e+02
1.937709803921568441e-01 -1.897621669351976266e+02
1.965391372549019633e-01 -1.861251263462334862e+02
1.993072941176470547e-01 -1.825433073935850530e+02
2.020754509803921461e-01 -1.790279635765288049e+02
2.048436078431372376e-01 -1.755895139580669593e+02
2.076117647058823568e-01 -1.722369230437159899e+02
2.103799215686274482e-01 -1.689770747855088189e+02
2.131480784313725396e-01 -1.658141749297209344e+02
2.159162352941176310e-01 -1.627492160811208635e+02
2.186843921568627502e-01 -1.597795382636130341e+02
2.214525490196078417e-01 -1.568985144612057354e+02
2.242207058823529331e-01 -1.540953857538704028e+02
2.269888627450980245e-01 -1.513552644293484946e+02
2.297570196078431159e-01 -1.486593161336664650e+02
2.325251764705882351e-01 -1.459851240563534134e+02
2.352933333333333266e-01 -1.433072297083756439e+02
2.380614901960784180e-01 -1.405978364417142643e+02
2.408296470588235094e-01 -1.378276538829606181e+02
2.435978039215686286e-01 -1.349668542968717020e+02
2.463659607843137200e-01 -1.319861059121427900e+02
2.491341176470588115e-01 -1.288576437310840674e+02
2.519022745098039029e-01 -1.255563355406896875e+02
2.546704313725490221e-01 -1.220606998992593333e+02
2.574385882352940857e-01 -1.183538338581017086e+02
2.602067450980392049e-01 -1.144242110693284928e+02
2.629749019607843241e-01 -1.102663156159268141e+02
2.657430588235293878e-01 -1.058810831818566811e+02
2.685112156862745070e-01 -1.012761287846530109e+02
2.712793725490195706e-01 -9.646574888447540275e+01
2.740475294117646898e-01 -9.147069487781514852e+01
2.768156862745098090e-01 -8.631772436775560209e+01
2.795838431372548727e-01 -8.103894575238567199e+01
2.823519999999999919e-01 -7.567098017527756326e+01
2.851201568627451111e-01 -7.025397235288723152e+01
2.878883137254901747e-01 -6.483048789690364799e+01
2.906564705882352939e-01 -5.944433921194352166e+01
2.934246274509803576e-01 -5.413938467367731278e+01
2.961927843137254768e-01 -4.895834646793472444e+01
2.989609411764705960e-01 -4.394169117641087752e+01
3.017290980392156596e-01 -3.912661399922696148e+01
3.044972549019607788e-01 -3.454616256633116222e+01
3.072654117647058980e-01 -3.022852984585200886e+01
3.100335686274509617e-01 -2.619653801362468926e+01
3.128017254901960809e-01 -2.246732666331450545e+01
3.155698823529411445e-01 -1.905224980624731757e+01
3.183380392156862637e-01 -1.595697714700998304e+01
3.211061960784313829e-01 -1.318178653565801994e+01
3.238743529411764466e-01 -1.072202667880961258e+01
3.266425098039215658e-01 -8.568722488936383996e+00
3.294106666666666294e-01 -6.709290156439908337e+00
3.321788235294117486e-01 -5.128325365600913344e+00
3.349469803921568678e-01 -3.808426186435430516e+00
3.377151372549019315e-01 -2.731012117226410130e+00
3.404832941176470507e-01 -1.877102496537976339e+00
3.432514509803921698e-01 -1.228020932822197375e+00
3.460196078431372335e-01 -7.659973191291300498e-01
3.487877647058823527e-01 -4.746451458215907304e-01
3.515559215686274164e-01 -3.392988759861728099e-01
3.543240784313725356e-01 -3.472037474016009817e-01
3.570922352941176547e-01 -4.875581308650849266e-01
3.598603921568627184e-01 -7.514161239465375619e-01
3.626285490196078376e-01 -1.131465024313295098e+00
3.653967058823529013e-01 -1.621698373850459785e+00
3.681648627450980205e-01 -2.217010109860876543e+00
3.709330196078431396e-01 -2.912738781843479341e+00
3.737011764705882033e-01 -3.704192644358300424e+00
3.764693333333333225e-01 -4.586186650929924724e+00
3.792374901960784417e-01 -5.552620966006384329e+00
3.820056470588235054e-01 -6.596127677862661187e+00
3.847738039215686245e-01 -7.707808106647275892e+00
3.875419607843136882e-01 -8.877077696345592628e+00
3.903101176470588074e-01 -1.009162924883188772e+01
3.930782745098039266e-01 -1.133751853263319553e+01
3.958464313725489903e-01 -1.259936943056714931e+01
3.986145882352941094e-01 -1.386068913502174560e+01
4.013827450980391731e-01 -1.510427779932352799e+01
4.041509019607842923e-01 -1.631271181929938052e+01
4.069190588235294115e-01 -1.746887581512412524e+01
4.096872156862744752e-01 -1.855651561463227495e+01
4.124553725490195943e-01 -1.956078324066371721e+01
4.152235294117647135e-01 -2.046874513594061895e+01
4.179916862745097772e-01 -2.126982660012521009e+01
4.207598431372548964e-01 -2.195616856862033828e+01
4.235279999999999601e-01 -2.252287726301478088e+01
4.262961568627450792e-01 -2.296815265752328727e+01
4.290643137254901984e-01 -2.329328785203230723e+01
4.318324705882352621e-01 -2.350253800172411900e+01
4.346006274509803813e-01 -2.360286408691777993e+01
4.373687843137255005e-01 -2.360356317315221020e+01
4.401369411764705641e-01 -2.351580258366276865e+01
4.429050980392156833e-01 -2.335208028848876793e+01
4.456732549019607470e-01 -2.312563755688997347e+01
4.484414117647058662e-01 -2.284985233172655228e+01
4.512095686274509854e-01 -2.253764274352689867e+01
4.539777254901960490e-01 -2.220090964018650936e+01
4.567458823529411682e-01 -2.185004499449376780e+01
4.595140392156862319e-01 -2.149352967009381032e+01
4.622821960784313511e-01 -2.113763945108513553e+01
4.650503529411764703e-01 -2.078627270612580347e+01
4.678185098039215339e-01 -2.044090684856258022e+01
4.705866666666666531e-01 -2.010068418796385714e+01
4.733548235294117723e-01 -1.976262118199010231e+01
4.761229803921568360e-01 -1.942192882824768674e+01
4.788911372549019552e-01 -1.907242630490956614e+01
4.816592941176470188e-01 -1.870702526510392971e+01
4.844274509803921380e-01 -1.831825865465834369e+01
4.871956078431372572e-01 -1.789882573729639503e+01
4.899637647058823209e-01 -1.744212428830048367e+01
4.927319215686274401e-01 -1.694274169455974288e+01
4.955000784313725037e-01 -1.639687893644711991e+01
4.982682352941176229e-01 -1.580268501068996301e+01
5.010363921568626866e-01 -1.516048409952313314e+01
5.038045490196078058e-01 -1.447288345603633175e+01
5.065727058823529250e-01 -1.374475626706979092e+01
5.093408627450980442e-01 -1.298310034860315199e+01
5.121090196078431633e-01 -1.219678008321480078e+01
5.148771764705881715e-01 -1.139616518471333428e+01
5.176453333333332907e-01 -1.059268534972273912e+01
5.204134901960784099e-01 -9.798324343077062792e+00
5.231816470588235291e-01 -9.025080326406961007e+00
5.259498039215686482e-01 -8.284421102563072736e+00
5.287179607843136564e-01 -7.586763309276243206e+00
5.314861176470587756e-01 -6.941003427631567746e+00
5.342542745098038948e-01 -6.354125827403063198e+00
5.370224313725490140e-01 -5.830909081640673897e+00
5.397905882352941331e-01 -5.373746647268521137e+00
5.425587450980391413e-01 -4.982591987765435881e+00
5.453269019607842605e-01 -4.655031617018009271e+00
5.480950588235293797e-01 -4.386482711293789194e+00
5.508632156862744989e-01 -4.170505225249685033e+00
5.536313725490196180e-01 -3.999212211256256477e+00
5.563995294117647372e-01 -3.863756611247639139e+00
5.591676862745097454e-01 -3.754868460650750528e+00
5.619358431372548646e-01 -3.663413454814111958e+00
5.647039999999999837e-01 -3.580942353290057945e+00
5.674721568627451029e-01 -3.500200833711804016e+00
5.702403137254902221e-01 -3.415571170260721434e+00
5.730084705882352303e-01 -3.323420433534835627e+00
5.757766274509803495e-01 -3.222334639440150195e+00
5.785447843137254686e-01 -3.113224190304420880e+00
5.813129411764705878e-01 -2.999292763271729001e+00
5.840810980392157070e-01 -2.885869170205904055e+00
5.868492549019607152e-01 -2.780109266803345136e+00
5.896174117647058344e-01 -2.690582337713787631e+00
5.923855686274509535e-01 -2.626763144192085342e+00
5.951537254901960727e-01 -2.598456629261799211e+00
5.979218823529411919e-01 -2.615186812275359873e+00
6.006900392156862001e-01 -2.685584408099674913e+00
6.034581960784313193e-01 -2.816808986208614751e+00
6.062263529411764384e-01 -3.014040934868701171e+00
6.089945098039215576e-01 -3.280076098013940289e+00
6.117626666666666768e-01 -3.615051781801655206e+00
6.145308235294117960e-01 -4.016327048361621799e+00
6.172989803921568042e-01 -4.478533073083010407e+00
6.200671372549019233e-01 -4.993801158414604480e+00
6.228352941176470425e-01 -5.552167148933378371e+00
6.256034509803921617e-01 -6.142141897135219075e+00
6.283716078431372809e-01 -6.751428525565433603e+00
6.311397647058822891e-01 -7.367758956956509842e+00
6.339079215686274082e-01 -7.979814957084528260e+00
6.366760784313725274e-01 -8.578193130471577277e+00
6.394442352941176466e-01 -9.156369241814811488e+00
6.422123921568627658e-01 -9.711615144646804865e+00
6.449805490196077740e-01 -1.024582163277354141e+01
6.477487058823528931e-01 -1.076618274158283484e+01
6.505168627450980123e-01 -1.128570136608582253e+01
6.532850196078431315e-01 -1.182348238072512103e+01
6.560531764705882507e-01 -1.240478749782364787e+01
6.588213333333332589e-01 -1.306083555758215908e+01
6.615894901960783780e-01 -1.382834240281367322e+01
6.643576470588234972e-01 -1.474880550344326302e+01
6.671258039215686164e-01 -1.586754957417446121e+01
6.698939607843137356e-01 -1.723256007833702341e+01
6.726621176470587438e-01 -1.889314124902799108e+01
6.754302745098038629e-01 -2.089844363736980526e+01
6.781984313725489821e-01 -2.329591282501503358e+01
6.809665882352941013e-01 -2.612971549624923639e+01
6.837347450980392205e-01 -2.943920132601491702e+01
6.865029019607843397e-01 -3.325745897639656334e+01
6.892710588235293478e-01 -3.761002188524546597e+01
6.920392156862744670e-01 -4.251377456519340825e+01
6.948073725490195862e-01 -4.797610300321831289e+01
6.975755294117647054e-01 -5.399432375130560757e+01
7.003436862745098246e-01 -6.055541580305352767e+01
7.031118431372548327e-01 -6.763606780256040452e+01
7.058799999999999519e-01 -7.520304102165843574e+01
