0.000000000000000000e+00 -2.012136041260747987e+01
4.899999999999999842e-03 -2.301417291329665460e+01
9.799999999999999684e-03 -2.586085915455911888e+01
1.480000000000000066e-02 -2.860599072165600987e+01
1.969999999999999876e-02 -3.112530842144752796e+01
2.460000000000000034e-02 -3.335320498704823677e+01
2.949999999999999845e-02 -3.522764778107399763e+01
3.440000000000000002e-02 -3.670746557598460669e+01
3.930000000000000160e-02 -3.777337334041814643e+01
4.429999999999999910e-02 -3.844715294545066087e+01
4.920000000000000068e-02 -3.876031084015380657e+01
5.410000000000000225e-02 -3.878675198099710997e+01
5.899999999999999689e-02 -3.862452965187721077e+01
6.389999999999999847e-02 -3.839641018476959999e+01
6.890000000000000291e-02 -3.824064044850852184e+01
7.380000000000000449e-02 -3.831351495014487796e+01
7.870000000000000606e-02 -3.877392870135690117e+01
8.359999999999999376e-02 -3.978002076650528807e+01
8.849999999999999534e-02 -4.148108093610971281e+01
9.339999999999999691e-02 -4.399631712918193216e+01
9.840000000000000135e-02 -4.747955266371778293e+01
1.033000000000000029e-01 -5.197208301312011258e+01
1.082000000000000045e-01 -5.754123257230354227e+01
1.131000000000000061e-01 -6.420695041963253402e+01
1.179999999999999938e-01 -7.191835214748810756e+01
1.229999999999999982e-01 -8.074239857671965126e+01
1.279000000000000137e-01 -9.049156898731305887e+01
1.328000000000000014e-01 -1.011030318179638101e+02
1.376999999999999891e-01 -1.124562639437540668e+02
1.426000000000000045e-01 -1.244163729320144114e+02
1.474999999999999922e-01 -1.367842968007138893e+02
1.524999999999999967e-01 -1.495807229678209751e+02
1.574000000000000121e-01 -1.624963525755243552e+02
1.622999999999999998e-01 -1.754517928862312317e+02
1.671999999999999875e-01 -1.883238344964403552e+02
1.721000000000000030e-01 -2.010035168768959295e+02
1.769999999999999907e-01 -2.133446834240869521e+02
1.819999999999999951e-01 -2.254295397720127880e+02
1.869000000000000106e-01 -2.370370184521940757e+02
1.917999999999999983e-01 -2.481720427307400882e+02
1.967000000000000137e-01 -2.587973055179912194e+02
2.016000000000000014e-01 -2.688417757842390188e+02
2.066000000000000059e-01 -2.784085111875817802e+02
2.114999999999999936e-01 -2.873499490469993134e+02
2.164000000000000090e-01 -2.956875582563956755e+02
2.212999999999999967e-01 -3.033989881130274284e+02
2.262000000000000122e-01 -3.104594046018921176e+02
2.310999999999999999e-01 -3.168155237969658629e+02
2.361000000000000043e-01 -3.225142344016572338e+02
2.409999999999999920e-01 -3.274480118014770369e+02
2.459000000000000075e-01 -3.316125603752664688e+02
2.508000000000000229e-01 -3.349811493424051605e+02
2.556999999999999829e-01 -3.375246260737200714e+02
2.606999999999999873e-01 -3.392550147229046615e+02
2.656000000000000028e-01 -3.401445188595114359e+02
2.705000000000000182e-01 -3.402103250046393441e+02
2.753999999999999782e-01 -3.394739252313685824e+02
2.802999999999999936e-01 -3.379697714872718279e+02
2.852000000000000091e-01 -3.357563834483489700e+02
2.902000000000000135e-01 -3.328548521417171173e+02
2.950999999999999734e-01 -3.293672775180832559e+02
2.999999999999999889e-01 -3.253535336299893856e+02
3.049000000000000044e-01 -3.208885961832480120e+02
3.098000000000000198e-01 -3.160695320431515825e+02
3.148000000000000242e-01 -3.109009034516245720e+02
3.196999999999999842e-01 -3.055147891413896559e+02
3.245999999999999996e-01 -2.999458083836987612e+02
3.295000000000000151e-01 -2.942407081588438018e+02
3.343999999999999750e-01 -2.884347400877740597e+02
3.392999999999999905e-01 -2.825779649573499341e+02
3.442999999999999949e-01 -2.766056371389809669e+02
3.492000000000000104e-01 -2.705991334813236335e+02
3.541000000000000258e-01 -2.645281217254855051e+02
3.589999999999999858e-01 -2.583824260181633008e+02
3.639000000000000012e-01 -2.521761317731150314e+02
3.689000000000000057e-01 -2.458120138611062089e+02
3.738000000000000211e-01 -2.393596168726556357e+02
3.786999999999999811e-01 -2.327811432357725039e+02
3.835999999999999965e-01 -2.260706510704702055e+02
3.885000000000000120e-01 -2.192274666384097372e+02
3.934000000000000274e-01 -2.122868877033317290e+02
3.983999999999999764e-01 -2.051656464137666092e+02
4.032999999999999918e-01 -1.979697113933912078e+02
4.082000000000000073e-01 -1.906841674199064869e+02
4.131000000000000227e-01 -1.833259447973029239e+02
4.179999999999999827e-01 -1.759440761429277131e+02
4.229999999999999871e-01 -1.684554076935082492e+02
4.279000000000000026e-01 -1.609688675318516289e+02
4.328000000000000180e-01 -1.534592109184188189e+02
4.376999999999999780e-01 -1.459296588929155121e+02
4.425999999999999934e-01 -1.383794188898887683e+02
4.475000000000000089e-01 -1.308382629273598354e+02
4.525000000000000133e-01 -1.232013308561053009e+02
4.573999999999999733e-01 -1.155635069868008031e+02
4.622999999999999887e-01 -1.078892603569756119e+02
4.672000000000000042e-01 -1.001806701953672132e+02
4.721000000000000196e-01 -9.244673351148367146e+01
4.769999999999999796e-01 -8.473837588629623951e+01
4.819999999999999840e-01 -7.698096753769074496e+01
4.868999999999999995e-01 -6.931300703662769536e+01
4.918000000000000149e-01 -6.174782007672300210e+01
4.966999999999999749e-01 -5.434165212356972319e+01
5.016000000000000458e-01 -4.718885569847792993e+01
5.066000000000000503e-01 -4.026690944868242639e+01
5.114999999999999547e-01 -3.373851863387084649e+01
5.163999999999999702e-01 -2.764342954726953039e+01
5.212999999999999856e-01 -2.204737347638015521e+01
5.262000000000000011e-01 -1.700822803843908559e+01
5.311000000000000165e-01 -1.259018600423561729e+01
5.361000000000000210e-01 -8.774915458356154829e+00
5.410000000000000364e-01 -5.632121369279790457e+00
5.459000000000000519e-01 -3.146120011856688770e+00
5.507999999999999563e-01 -1.301819836027761745e+00
5.556999999999999718e-01 -7.171470381820985174e-02
5.606999999999999762e-01 5.995871750920570564e-01
5.655999999999999917e-01 7.587410393525299002e-01
5.705000000000000071e-01 4.748915550839620248e-01
5.754000000000000226e-01 -1.808332193407721222e-01
5.803000000000000380e-01 -1.135446502260382795e+00
5.852000000000000535e-01 -2.311810323343695739e+00
5.901999999999999469e-01 -3.660638006105930486e+00
5.950999999999999623e-01 -5.105483930720033037e+00
5.999999999999999778e-01 -6.602380473551706430e+00
6.048999999999999932e-01 -8.112237667825251464e+00
6.098000000000000087e-01 -9.600548047290137887e+00
6.148000000000000131e-01 -1.106913129049028477e+01
6.197000000000000286e-01 -1.249056635761352041e+01
6.246000000000000441e-01 -1.387081775417652096e+01
6.294999999999999485e-01 -1.521481641106451654e+01
6.343999999999999639e-01 -1.653041642284161483e+01
6.392999999999999794e-01 -1.782028778222603194e+01
6.442999999999999838e-01 -1.910771234139060937e+01
6.491999999999999993e-01 -2.037835714517954955e+01
6.541000000000000147e-01 -2.163518975924460719e+01
6.590000000000000302e-01 -2.286942512590498211e+01
6.639000000000000457e-01 -2.406102548148167486e+01
6.689000000000000501e-01 -2.520450719329990008e+01
6.737999999999999545e-01 -2.625950423951181634e+01
6.786999999999999700e-01 -2.720300429670655262e+01
6.835999999999999854e-01 -2.800611282750438136e+01
6.885000000000000009e-01 -2.864117190334889074e+01
6.934000000000000163e-01 -2.908276973637875784e+01
6.984000000000000208e-01 -2.931585662740579323e+01
7.033000000000000362e-01 -2.932502174462925382e+01
7.082000000000000517e-01 -2.910790094092088154e+01
7.130999999999999561e-01 -2.866960253804766623e+01
7.179999999999999716e-01 -2.802719504003975004e+01
7.229999999999999760e-01 -2.719174832039852419e+01
7.278999999999999915e-01 -2.620165035600731329e+01
7.328000000000000069e-01 -2.508629525156291251e+01
7.377000000000000224e-01 -2.388129126397227253e+01
7.426000000000000378e-01 -2.262287866781671752e+01
7.475000000000000533e-01 -2.135134429305418280e+01
7.524999999999999467e-01 -2.008130942790369033e+01
7.573999999999999622e-01 -1.885562391544323191e+01
7.622999999999999776e-01 -1.768879656037883663e+01
7.671999999999999931e-01 -1.659405519259268047e+01
7.721000000000000085e-01 -1.557785971474651276e+01
7.770000000000000240e-01 -1.464420332135316194e+01
7.820000000000000284e-01 -1.377643524800862807e+01
7.869000000000000439e-01 -1.297698736422430343e+01
7.917999999999999483e-01 -1.223060350083451553e+01
7.966999999999999638e-01 -1.152515152054859549e+01
8.015999999999999792e-01 -1.085227017546619166e+01
8.065999999999999837e-01 -1.019436833841273504e+01
8.114999999999999991e-01 -9.554367119929459307e+00
8.164000000000000146e-01 -8.927492724052733308e+00
8.213000000000000300e-01 -8.315764838475466547e+00
8.262000000000000455e-01 -7.724709842988567665e+00
8.310999999999999499e-01 -7.164851535726152854e+00
8.360999999999999543e-01 -6.638901068529803773e+00
8.409999999999999698e-01 -6.163720989280518481e+00
8.458999999999999853e-01 -5.745518419440036162e+00
8.508000000000000007e-01 -5.390207204982166544e+00
8.557000000000000162e-01 -5.101000189710410027e+00
8.607000000000000206e-01 -4.872537464102470572e+00
8.656000000000000361e-01 -4.701099781969518610e+00
8.705000000000000515e-01 -4.574499967492703156e+00
8.753999999999999559e-01 -4.478225501411999154e+00
8.802999999999999714e-01 -4.395752393975767447e+00
8.851999999999999869e-01 -4.310806083980892822e+00
8.901999999999999913e-01 -4.207280299845371552e+00
8.951000000000000068e-01 -4.075621844543098504e+00
9.000000000000000222e-01 -3.910607954495098237e+00
9.049000000000000377e-01 -3.715148051923907957e+00
9.098000000000000531e-01 -3.501984672862801240e+00
9.147999999999999465e-01 -3.289462426075937973e+00
9.196999999999999620e-01 -3.110733711765540921e+00
9.245999999999999774e-01 -3.003163009201506473e+00
9.294999999999999929e-01 -3.011139926316491078e+00
9.344000000000000083e-01 -3.182459589707464787e+00
9.393000000000000238e-01 -3.562570536380941455e+00
9.443000000000000282e-01 -4.203527041935685382e+00
9.492000000000000437e-01 -5.135080207934253238e+00
9.540999999999999481e-01 -6.386264547221932375e+00
9.589999999999999636e-01 -7.969698673171708769e+00
9.638999999999999790e-01 -9.872237017740514986e+00
9.688999999999999835e-01 -1.210072679964244102e+01
9.737999999999999989e-01 -1.458728639565760332e+01
9.787000000000000144e-01 -1.728469464765847619e+01
9.836000000000000298e-01 -2.012136041260750829e+01
