0.000000000000000000e+00 -1.299212717800302741e+01
4.000000000000000083e-03 -1.946898079689320227e+01
8.000000000000000167e-03 -2.722797049057651009e+01
1.200000000000000025e-02 -3.632833122171888363e+01
1.600000000000000033e-02 -4.679972994993694613e+01
2.000000000000000042e-02 -5.863985063354303406e+01
2.400000000000000050e-02 -7.181336123125224447e+01
2.800000000000000058e-02 -8.625223270402719322e+01
3.200000000000000067e-02 -1.018575190169303397e+02
3.599999999999999728e-02 -1.185026041400722079e+02
4.000000000000000083e-02 -1.360372000507149721e+02
4.399999999999999745e-02 -1.542930107326803011e+02
4.800000000000000100e-02 -1.730889271786018639e+02
5.199999999999999761e-02 -1.922380063878483725e+02
5.600000000000000117e-02 -2.115528053680298228e+02
5.999999999999999778e-02 -2.308519081326982132e+02
6.400000000000000133e-02 -2.499646317009322445e+02
6.800000000000000488e-02 -2.687354030962929414e+02
7.199999999999999456e-02 -2.870273093442352774e+02
7.599999999999999811e-02 -3.047235974712510824e+02
8.000000000000000167e-02 -3.217284955039430656e+02
8.400000000000000522e-02 -3.379673004657902311e+02
8.799999999999999489e-02 -3.533839043784066689e+02
9.199999999999999845e-02 -3.679393172585009779e+02
9.600000000000000200e-02 -3.816077821186315191e+02
1.000000000000000056e-01 -3.943734879668728581e+02
1.039999999999999952e-01 -4.062270188064310901e+02
1.079999999999999988e-01 -4.171614976375370816e+02
1.120000000000000023e-01 -4.271702304554116836e+02
1.160000000000000059e-01 -4.362427382553908046e+02
1.199999999999999956e-01 -4.443648480300626034e+02
1.239999999999999991e-01 -4.515165167730153257e+02
1.280000000000000027e-01 -4.576726234786580108e+02
1.320000000000000062e-01 -4.628036191437998355e+02
1.360000000000000098e-01 -4.668774277687313656e+02
1.400000000000000133e-01 -4.698622033562707543e+02
1.439999999999999891e-01 -4.717283319138246611e+02
1.479999999999999927e-01 -4.724520654517696130e+02
1.519999999999999962e-01 -4.720178739850692864e+02
1.559999999999999998e-01 -4.704220785298830378e+02
1.600000000000000033e-01 -4.676737981054234297e+02
1.640000000000000069e-01 -4.637973677312425593e+02
1.680000000000000104e-01 -4.588326074269292008e+02
1.719999999999999862e-01 -4.528348512109610624e+02
1.759999999999999898e-01 -4.458740670990063109e+02
1.799999999999999933e-01 -4.380326321044452129e+02
1.839999999999999969e-01 -4.294035202359055461e+02
1.880000000000000004e-01 -4.200865384988065330e+02
1.920000000000000040e-01 -4.101857858933073544e+02
1.960000000000000075e-01 -3.998054874152059028e+02
2.000000000000000111e-01 -3.890465400572077215e+02
2.039999999999999869e-01 -3.780040638072975412e+02
2.079999999999999905e-01 -3.667636626516278398e+02
2.119999999999999940e-01 -3.553999735739823791e+02
2.159999999999999976e-01 -3.439747905571626347e+02
2.200000000000000011e-01 -3.325362865843967484e+02
2.240000000000000047e-01 -3.211193516393801701e+02
2.280000000000000082e-01 -3.097459627074168225e+02
2.320000000000000118e-01 -2.984264577763714215e+02
2.359999999999999876e-01 -2.871615638365822178e+02
2.399999999999999911e-01 -2.759443558814505195e+02
2.439999999999999947e-01 -2.647626829076656918e+02
2.479999999999999982e-01 -2.536017719144814748e+02
2.520000000000000018e-01 -2.424462589044092908e+02
2.560000000000000053e-01 -2.312827688816525438e+02
2.600000000000000089e-01 -2.201012558529133400e+02
2.640000000000000124e-01 -2.088969818255959012e+02
2.680000000000000160e-01 -1.976710728084263735e+02
2.720000000000000195e-01 -1.864315658099503707e+02
2.760000000000000231e-01 -1.751932658387779611e+02
2.800000000000000266e-01 -1.639777969028423570e+02
2.839999999999999747e-01 -1.528130660095805524e+02
2.879999999999999782e-01 -1.417328701647780349e+02
2.919999999999999818e-01 -1.307755883737202112e+02
2.959999999999999853e-01 -1.199837856401168352e+02
2.999999999999999889e-01 -1.094029649664716999e+02
3.039999999999999925e-01 -9.908061235446663773e+01
3.079999999999999960e-01 -8.906554580449940772e+01
3.119999999999999996e-01 -7.940689831609650184e+01
3.160000000000000031e-01 -7.015342788777307703e+01
3.200000000000000067e-01 -6.135271651701262385e+01
3.240000000000000102e-01 -5.305035320041862690e+01
3.280000000000000138e-01 -4.528923693346197155e+01
3.320000000000000173e-01 -3.810867971047082392e+01
3.360000000000000209e-01 -3.154350152461044843e+01
3.400000000000000244e-01 -2.562310936776705006e+01
3.439999999999999725e-01 -2.037048423048211632e+01
3.479999999999999760e-01 -1.580111610217463181e+01
3.519999999999999796e-01 -1.192211497108426421e+01
3.559999999999999831e-01 -8.731276824566826633e+00
3.599999999999999867e-01 -6.216383649417517532e+00
3.639999999999999902e-01 -4.354759432221933402e+00
3.679999999999999938e-01 -3.113104159845979879e+00
3.719999999999999973e-01 -2.447715819951032046e+00
3.760000000000000009e-01 -2.305120401524249019e+00
3.800000000000000044e-01 -2.623121895420249761e+00
3.840000000000000080e-01 -3.332281294825770512e+00
3.880000000000000115e-01 -4.357763595677600854e+00
3.920000000000000151e-01 -5.621515796931528364e+00
3.960000000000000187e-01 -7.044657900708805265e+00
4.000000000000000222e-01 -8.549989912287314198e+00
4.040000000000000258e-01 -1.006449183990711305e+01
4.079999999999999738e-01 -1.152166969444089162e+01
4.119999999999999774e-01 -1.286364048886490963e+01
4.159999999999999809e-01 -1.404279823774637492e+01
4.199999999999999845e-01 -1.502307395634946907e+01
4.239999999999999880e-01 -1.578048766014293314e+01
4.279999999999999916e-01 -1.630331036380633947e+01
4.319999999999999951e-01 -1.659143908073263773e+01
4.359999999999999987e-01 -1.665537782229325003e+01
4.400000000000000022e-01 -1.651463659743280132e+01
4.440000000000000058e-01 -1.619580941225747139e+01
4.480000000000000093e-01 -1.573032627004131356e+01
4.520000000000000129e-01 -1.515221017111766422e+01
4.560000000000000164e-01 -1.449574811317840251e+01
4.600000000000000200e-01 -1.379339909162116484e+01
4.640000000000000235e-01 -1.307397710008345015e+01
4.680000000000000271e-01 -1.236125713097041512e+01
4.719999999999999751e-01 -1.167299917614553983e+01
4.759999999999999787e-01 -1.102051922759730118e+01
4.799999999999999822e-01 -1.040878827790889005e+01
4.839999999999999858e-01 -9.836903320964022868e+00
4.879999999999999893e-01 -9.299117352147712623e+00
4.919999999999999929e-01 -8.786028368697277102e+00
4.959999999999999964e-01 -8.286046369778105714e+00
5.000000000000000000e-01 -7.786920356388956854e+00
5.040000000000000036e-01 -7.277190331186444539e+00
5.080000000000000071e-01 -6.747500298134031738e+00
5.120000000000000107e-01 -6.191633262077772315e+00
5.160000000000000142e-01 -5.607210228263982188e+00
5.200000000000000178e-01 -4.996007201874578030e+00
5.240000000000000213e-01 -4.363904187509398902e+00
5.280000000000000249e-01 -3.720424188836444657e+00
5.320000000000000284e-01 -3.077995208248439862e+00
5.360000000000000320e-01 -2.450940246683532830e+00
5.400000000000000355e-01 -1.854325303553329585e+00
5.440000000000000391e-01 -1.302750376814860056e+00
5.480000000000000426e-01 -8.091974631561913434e-01
5.520000000000000462e-01 -3.840255582678956947e-01
5.560000000000000497e-01 -3.418065722310943688e-02
5.600000000000000533e-01 2.372932451386217390e-01
5.639999999999999458e-01 4.314391537984555991e-01
5.679999999999999494e-01 5.532450731744076311e-01
5.719999999999999529e-01 6.111980068170522751e-01
5.759999999999999565e-01 6.165969571633055368e-01
5.799999999999999600e-01 5.826709254177366848e-01
5.839999999999999636e-01 5.236029115159502867e-01
5.879999999999999671e-01 4.535249142369628950e-01
5.919999999999999707e-01 3.856019313648223479e-01
5.959999999999999742e-01 3.312439599651278987e-01
5.999999999999999778e-01 2.995369966893293157e-01
6.039999999999999813e-01 2.969150381068041411e-01
6.079999999999999849e-01 3.270950810268336006e-01
6.119999999999999885e-01 3.912671227662843920e-01
6.159999999999999920e-01 4.884961613680477432e-01
6.199999999999999956e-01 6.162971957108895893e-01
6.239999999999999991e-01 7.712972255410170952e-01
6.280000000000000027e-01 9.499222513874810980e-01
6.320000000000000062e-01 1.149017274413182799e+00
6.360000000000000098e-01 1.366348296163607090e+00
6.400000000000000133e-01 1.600905318299140179e+00
6.440000000000000169e-01 1.852993342293295154e+00
6.480000000000000204e-01 2.124084369147354323e+00
6.520000000000000240e-01 2.416443399174455831e+00
6.560000000000000275e-01 2.732583431826607789e+00
6.600000000000000311e-01 3.074583465646712366e+00
6.640000000000000346e-01 3.443368498315279247e+00
6.680000000000000382e-01 3.838026526818360651e+00
6.720000000000000417e-01 4.255258547688717918e+00
6.760000000000000453e-01 4.689019557379562997e+00
6.800000000000000488e-01 5.130455552633258698e+00
6.840000000000000524e-01 5.568132530895460341e+00
6.879999999999999449e-01 5.988593490693918220e+00
6.919999999999999485e-01 6.377215431956660296e+00
6.959999999999999520e-01 6.719318356201394948e+00
6.999999999999999556e-01 7.001424266611262937e+00
7.039999999999999591e-01 7.212576167947721828e+00
7.079999999999999627e-01 7.345588066223514900e+00
7.119999999999999662e-01 7.398035968370595405e+00
7.159999999999999698e-01 7.372985881535567110e+00
7.199999999999999734e-01 7.279163812506442177e+00
7.239999999999999769e-01 7.130671766841409465e+00
7.279999999999999805e-01 6.946013748192056525e+00
7.319999999999999840e-01 6.746585757507894243e+00
7.359999999999999876e-01 6.554535792490900015e+00
7.399999999999999911e-01 6.390191847111915457e+00
7.439999999999999947e-01 6.269106911433877549e+00
7.479999999999999982e-01 6.198963971632021952e+00
7.520000000000000018e-01 6.176497010351212680e+00
7.560000000000000053e-01 6.184695007310748061e+00
7.600000000000000089e-01 6.190484940141508297e+00
7.640000000000000124e-01 6.143077785577887084e+00
7.680000000000000160e-01 5.973258520658575321e+00
7.720000000000000195e-01 5.593627124134424200e+00
7.760000000000000231e-01 4.899954577856088456e+00
7.800000000000000266e-01 3.773637868121279659e+00
7.840000000000000302e-01 2.085221986798527105e+00
7.880000000000000338e-01 -3.011880677018470842e-01
7.920000000000000373e-01 -3.522746289839330469e+00
7.960000000000000409e-01 -7.712218666679327761e+00
8.000000000000000444e-01 -1.299212717800301142e+01
