0.000000000000000000e+00 -9.755171733820287017e+00
4.799999999999999580e-03 -1.434761218326510068e+01
9.499999999999999764e-03 -2.013266224259630022e+01
1.430000000000000021e-02 -2.714424696027681350e+01
1.899999999999999953e-02 -3.527119701010020947e+01
2.380000000000000171e-02 -4.447158496229970126e+01
2.860000000000000042e-02 -5.463441048828470059e+01
3.330000000000000321e-02 -6.556060688401473158e+01
3.810000000000000192e-02 -7.716572735129747684e+01
4.290000000000000063e-02 -8.930281378858779817e+01
4.760000000000000342e-02 -1.017554855060589176e+02
5.240000000000000213e-02 -1.144869512310985300e+02
5.709999999999999798e-02 -1.272813520851216964e+02
6.189999999999999669e-02 -1.401124814103055485e+02
6.669999999999999540e-02 -1.528971591652865811e+02
7.140000000000000513e-02 -1.654947166398801528e+02
7.620000000000000384e-02 -1.779221857550884351e+02
8.100000000000000255e-02 -1.901292672431339668e+02
8.569999999999999840e-02 -2.020007829606638552e+02
9.049999999999999711e-02 -2.135786716449590870e+02
9.520000000000000684e-02 -2.247219523142280480e+02
1.000000000000000056e-01 -2.354342919155307925e+02
1.048000000000000043e-01 -2.456445564848681329e+02
1.095000000000000001e-01 -2.552231021747477087e+02
1.142999999999999988e-01 -2.641645858578043544e+02
1.189999999999999947e-01 -2.723276732078416558e+02
1.237999999999999934e-01 -2.796915249964046666e+02
1.285999999999999921e-01 -2.861949001635061336e+02
1.333000000000000018e-01 -2.917653507238280781e+02
1.381000000000000005e-01 -2.964165709096744763e+02
1.428999999999999992e-01 -3.001473600257996850e+02
1.476000000000000090e-01 -3.029679879341750279e+02
1.524000000000000077e-01 -3.049468086474668098e+02
1.570999999999999897e-01 -3.061390249438745172e+02
1.618999999999999884e-01 -3.066335228715025778e+02
1.666999999999999871e-01 -3.065162802374341595e+02
1.713999999999999968e-01 -3.058820241899776420e+02
1.761999999999999955e-01 -3.048135046525533767e+02
1.809999999999999942e-01 -3.033844253628927277e+02
1.857000000000000040e-01 -3.016654202929724420e+02
1.905000000000000027e-01 -2.996853127801788901e+02
1.952000000000000124e-01 -2.974840189805348700e+02
2.000000000000000111e-01 -2.950548061642866742e+02
2.048000000000000098e-01 -2.923867792303351507e+02
2.094999999999999918e-01 -2.894757000447129940e+02
2.142999999999999905e-01 -2.862705925853268241e+02
2.190000000000000002e-01 -2.827684071022045487e+02
2.237999999999999989e-01 -2.789244896461616463e+02
2.285999999999999976e-01 -2.747208726973121315e+02
2.333000000000000074e-01 -2.701799471173724783e+02
2.381000000000000061e-01 -2.652858259751933474e+02
2.429000000000000048e-01 -2.600618908340854887e+02
2.475999999999999868e-01 -2.545783944832357122e+02
2.524000000000000132e-01 -2.488421942239267537e+02
2.570999999999999952e-01 -2.429555568803399694e+02
2.619000000000000217e-01 -2.369455555027069238e+02
2.666999999999999926e-01 -2.308718205678061963e+02
2.713999999999999746e-01 -2.248243903154154850e+02
2.762000000000000011e-01 -2.188144519873824834e+02
2.810000000000000275e-01 -2.128773842249286474e+02
2.857000000000000095e-01 -2.070688954918947218e+02
2.904999999999999805e-01 -2.013532863230836654e+02
2.952000000000000179e-01 -1.957705900792585680e+02
2.999999999999999889e-01 -1.902740457745634615e+02
3.048000000000000154e-01 -1.848421532606346318e+02
3.094999999999999973e-01 -1.794783352006220127e+02
3.143000000000000238e-01 -1.741114945173988815e+02
3.190000000000000058e-01 -1.687538441149010850e+02
3.237999999999999767e-01 -1.633481148212045468e+02
3.286000000000000032e-01 -1.578722899682632601e+02
3.332999999999999852e-01 -1.523418669112539874e+02
3.381000000000000116e-01 -1.467145415918890592e+02
3.428999999999999826e-01 -1.409849157246115112e+02
3.476000000000000201e-01 -1.351863308509877299e+02
3.523999999999999910e-01 -1.292780474201580603e+02
3.570999999999999730e-01 -1.233126756032820879e+02
3.618999999999999995e-01 -1.172655341107237774e+02
3.667000000000000259e-01 -1.111476626639747991e+02
3.714000000000000079e-01 -1.050080141704273871e+02
3.761999999999999789e-01 -9.882637978324589767e+01
3.810000000000000053e-01 -9.262055244560193046e+01
3.856999999999999873e-01 -8.644704897971324442e+01
3.905000000000000138e-01 -8.028298451544935688e+01
3.951999999999999957e-01 -7.420406264371342786e+01
4.000000000000000222e-01 -6.820757821061044979e+01
4.047999999999999932e-01 -6.233041744807781726e+01
4.094999999999999751e-01 -5.664466493326051477e+01
4.143000000000000016e-01 -5.114773064401045133e+01
4.189999999999999836e-01 -4.592103151496445435e+01
4.238000000000000100e-01 -4.097222870344137391e+01
4.285999999999999810e-01 -3.633682568269362179e+01
4.333000000000000185e-01 -3.206733667867367643e+01
4.380999999999999894e-01 -2.815877790238763723e+01
4.429000000000000159e-01 -2.462484479373350510e+01
4.475999999999999979e-01 -2.148629105041332821e+01
4.524000000000000243e-01 -1.871388149045883509e+01
4.571000000000000063e-01 -1.631405288290954658e+01
4.618999999999999773e-01 -1.425281307121844243e+01
4.667000000000000037e-01 -1.250794266834808255e+01
4.713999999999999857e-01 -1.106180806510749903e+01
4.762000000000000122e-01 -9.879716938020237649e+00
4.809999999999999831e-01 -8.938718405854359617e+00
4.857000000000000206e-01 -8.221886357445425730e+00
4.904999999999999916e-01 -7.707091525643346763e+00
4.951999999999999735e-01 -7.384613157256001870e+00
5.000000000000000000e-01 -7.243085655006847645e+00
5.048000000000000265e-01 -7.276817744854519709e+00
5.094999999999999529e-01 -7.479317687818515026e+00
5.142999999999999794e-01 -7.846999546336710374e+00
5.190000000000000169e-01 -8.369090076333421280e+00
5.238000000000000433e-01 -9.037861575393788982e+00
5.285999999999999588e-01 -9.839276973237438995e+00
5.332999999999999963e-01 -1.074867508764819846e+01
5.381000000000000227e-01 -1.174723213597513727e+01
5.429000000000000492e-01 -1.280741266183051863e+01
5.475999999999999757e-01 -1.389215190849711767e+01
5.524000000000000021e-01 -1.497754437246905646e+01
5.571000000000000396e-01 -1.602332934113071161e+01
5.618999999999999551e-01 -1.700521593624026551e+01
5.666999999999999815e-01 -1.789537098721889663e+01
5.714000000000000190e-01 -1.866595832513300834e+01
5.762000000000000455e-01 -1.930289906563239555e+01
5.809999999999999609e-01 -1.979147211903842773e+01
5.856999999999999984e-01 -2.012037055659242668e+01
5.905000000000000249e-01 -2.028608666079168188e+01
5.951999999999999513e-01 -2.028546765689894116e+01
5.999999999999999778e-01 -2.011825815354101010e+01
6.048000000000000043e-01 -1.978464738896604658e+01
6.095000000000000417e-01 -1.928938925986738795e+01
6.142999999999999572e-01 -1.863085243329857121e+01
6.189999999999999947e-01 -1.781814374020134295e+01
6.238000000000000211e-01 -1.685173810388596394e+01
6.286000000000000476e-01 -1.573818198575949978e+01
6.332999999999999741e-01 -1.449516069398559637e+01
6.381000000000000005e-01 -1.313038767306398213e+01
6.429000000000000270e-01 -1.166299936753534361e+01
6.475999999999999535e-01 -1.012683597940469049e+01
6.523999999999999799e-01 -8.539993783399753013e+00
6.571000000000000174e-01 -6.949038026409284363e+00
6.619000000000000439e-01 -5.382160908620218898e+00
6.666999999999999593e-01 -3.878265534547705062e+00
6.713999999999999968e-01 -2.483091096328188918e+00
6.762000000000000233e-01 -1.222751593204177034e+00
6.810000000000000497e-01 -1.268634051156275200e-01
6.856999999999999762e-01 7.780536735689900230e-01
6.905000000000000027e-01 1.486051816442589768e+00
6.952000000000000401e-01 1.989624285083266830e+00
6.999999999999999556e-01 2.298536172680194944e+00
7.047999999999999821e-01 2.427057444683723197e+00
7.095000000000000195e-01 2.397481100920266339e+00
7.143000000000000460e-01 2.236115925132577509e+00
7.189999999999999725e-01 1.973540368341896611e+00
7.237999999999999989e-01 1.636915840524677757e+00
7.286000000000000254e-01 1.251775208091287617e+00
7.332999999999999519e-01 8.415933942988539362e-01
7.380999999999999783e-01 4.191619323366630456e-01
7.429000000000000048e-01 -6.828817709768411626e-03
7.476000000000000423e-01 -4.312744195092038657e-01
7.523999999999999577e-01 -8.598215040525521990e-01
7.570999999999999952e-01 -1.294857194292279967e+00
7.619000000000000217e-01 -1.746003525054031336e+00
7.667000000000000481e-01 -2.219852026010641577e+00
7.713999999999999746e-01 -2.717591661251568702e+00
7.762000000000000011e-01 -3.242393184351149316e+00
7.810000000000000275e-01 -3.790293561813726342e+00
7.856999999999999540e-01 -4.349731497256049906e+00
7.904999999999999805e-01 -4.913294393784142677e+00
7.952000000000000179e-01 -5.463156055545124623e+00
8.000000000000000444e-01 -5.989109775099246136e+00
8.047999999999999599e-01 -6.479814365725133918e+00
8.094999999999999973e-01 -6.925740504831948918e+00
8.143000000000000238e-01 -7.328991833070507056e+00
8.189999999999999503e-01 -7.691748822112900896e+00
8.237999999999999767e-01 -8.027538785188284010e+00
8.286000000000000032e-01 -8.352598702928936802e+00
8.333000000000000407e-01 -8.684095000142610488e+00
8.380999999999999561e-01 -9.042827934804494205e+00
8.428999999999999826e-01 -9.444325708708536382e+00
8.476000000000000201e-01 -9.894277511788796886e+00
8.524000000000000465e-01 -1.039456650215596234e+01
8.570999999999999730e-01 -1.092739627819960369e+01
8.618999999999999995e-01 -1.146901911230093241e+01
8.667000000000000259e-01 -1.198011955842575560e+01
8.713999999999999524e-01 -1.240908443572953601e+01
8.761999999999999789e-01 -1.270352599465048549e+01
8.810000000000000053e-01 -1.280692018314384484e+01
8.857000000000000428e-01 -1.267037691655828802e+01
8.904999999999999583e-01 -1.225512301566707585e+01
8.951999999999999957e-01 -1.154793977604836286e+01
9.000000000000000222e-01 -1.055267857165974910e+01
9.048000000000000487e-01 -9.305193935932829064e+00
9.094999999999999751e-01 -7.882610997323668656e+00
9.143000000000000016e-01 -6.374365678417298398e+00
9.190000000000000391e-01 -4.920901455664171031e+00
9.237999999999999545e-01 -3.666454317669615381e+00
9.285999999999999810e-01 -2.781869067498958348e+00
9.333000000000000185e-01 -2.445218661611280542e+00
9.381000000000000449e-01 -2.826819550812243786e+00
9.428999999999999604e-01 -4.090885383572929967e+00
9.475999999999999979e-01 -6.361136672578324713e+00
9.524000000000000243e-01 -9.755171733820308333e+00
