0.000000000000000000e+00 -4.966504134431523276e+00
4.199999999999999740e-03 -5.417555736791513255e+00
8.500000000000000611e-03 -6.548480212620076735e+00
1.269999999999999948e-02 -8.650067274518006499e+00
1.689999999999999836e-02 -1.201272966827764499e+01
2.110000000000000070e-02 -1.690508528991628623e+01
2.539999999999999897e-02 -2.355699489047821160e+01
2.960000000000000131e-02 -3.213556980918458095e+01
3.379999999999999671e-02 -4.273609571441038923e+01
3.799999999999999906e-02 -5.536769700394832938e+01
4.229999999999999732e-02 -6.995524807506050990e+01
4.649999999999999967e-02 -8.632791042031828965e+01
5.070000000000000201e-02 -1.042384751092304214e+02
5.489999999999999741e-02 -1.233680216613935130e+02
5.920000000000000262e-02 -1.433528367892632218e+02
6.339999999999999802e-02 -1.637864119434443637e+02
6.759999999999999343e-02 -1.842594502129321654e+02
7.180000000000000271e-02 -2.043714591229078508e+02
7.610000000000000098e-02 -2.237611276114378711e+02
8.029999999999999638e-02 -2.421072770236171721e+02
8.450000000000000566e-02 -2.591594842878549230e+02
8.870000000000000107e-02 -2.747367157949648799e+02
9.299999999999999933e-02 -2.887386178363789213e+02
9.719999999999999474e-02 -3.011305562557684539e+02
1.014000000000000040e-01 -3.119492853454279384e+02
1.055999999999999994e-01 -3.212844494617093005e+02
1.098999999999999977e-01 -3.292692016698676412e+02
1.140999999999999931e-01 -3.360569150969942029e+02
1.183000000000000024e-01 -3.418120624460904082e+02
1.224999999999999978e-01 -3.466906013091913792e+02
1.267999999999999960e-01 -3.508298540549437803e+02
1.310000000000000053e-01 -3.543346032780963242e+02
1.351999999999999869e-01 -3.572749974147197918e+02
1.393999999999999961e-01 -3.596824674789047549e+02
1.436999999999999944e-01 -3.615531629954510322e+02
1.479000000000000037e-01 -3.628522737276900330e+02
1.521000000000000130e-01 -3.635243253890324127e+02
1.562999999999999945e-01 -3.635029716438876335e+02
1.605999999999999928e-01 -3.627226268898951389e+02
1.648000000000000020e-01 -3.611294431181703999e+02
1.690000000000000113e-01 -3.586912092257762197e+02
1.731999999999999929e-01 -3.554047096340764256e+02
1.774999999999999911e-01 -3.512985735415605859e+02
1.817000000000000004e-01 -3.464376843779209025e+02
1.859000000000000097e-01 -3.409166225233219052e+02
1.900999999999999912e-01 -3.348573596717778855e+02
1.943999999999999895e-01 -3.283966962836790344e+02
1.985999999999999988e-01 -3.216830847914208107e+02
2.028000000000000080e-01 -3.148590840293516635e+02
2.069999999999999896e-01 -3.080550404217815981e+02
2.112999999999999878e-01 -3.013756960802747926e+02
2.154999999999999971e-01 -2.948998572010407315e+02
2.197000000000000064e-01 -2.886692079192185929e+02
2.238999999999999879e-01 -2.826913758070642189e+02
2.281999999999999862e-01 -2.769391254756043281e+02
2.323999999999999955e-01 -2.713609528029922444e+02
2.366000000000000048e-01 -2.658835981573170670e+02
2.407999999999999863e-01 -2.604256767695799226e+02
2.451000000000000123e-01 -2.549049718104772637e+02
2.492999999999999938e-01 -2.492539076442139105e+02
2.535000000000000031e-01 -2.434237298371299687e+02
2.576999999999999846e-01 -2.373947317800531778e+02
2.620000000000000107e-01 -2.311763636166333526e+02
2.661999999999999922e-01 -2.248133545215803224e+02
2.703999999999999737e-01 -2.183769271904305356e+02
2.746000000000000107e-01 -2.119610565053201015e+02
2.788999999999999813e-01 -2.056696131408413635e+02
2.831000000000000183e-01 -1.996103431608175356e+02
2.872999999999999998e-01 -1.938762592729294170e+02
2.914999999999999813e-01 -1.885372340268405082e+02
2.958000000000000074e-01 -1.836254732861565628e+02
2.999999999999999889e-01 -1.791329577182141577e+02
3.042000000000000259e-01 -1.750018946204928341e+02
3.084999999999999964e-01 -1.711258468718616825e+02
3.126999999999999780e-01 -1.673569731619048184e+02
3.169000000000000150e-01 -1.635112815816120531e+02
3.210999999999999965e-01 -1.593836925024596383e+02
3.254000000000000226e-01 -1.547615377024021370e+02
3.296000000000000041e-01 -1.494458697415500694e+02
3.337999999999999856e-01 -1.432646889882878725e+02
3.380000000000000226e-01 -1.360927629335077427e+02
3.422999999999999932e-01 -1.278606297105548748e+02
3.464999999999999747e-01 -1.185717728404709987e+02
3.507000000000000117e-01 -1.082995745158369090e+02
3.548999999999999932e-01 -9.719165310446122419e+01
3.592000000000000193e-01 -8.545697806550583664e+01
3.634000000000000008e-01 -7.336456074453046483e+01
3.675999999999999823e-01 -6.121712157678834387e+01
3.718000000000000194e-01 -4.933772155503511669e+01
3.760999999999999899e-01 -3.804296482464156526e+01
3.803000000000000269e-01 -2.763209548976330865e+01
3.845000000000000084e-01 -1.835777581635076317e+01
3.886999999999999900e-01 -1.041575290296729150e+01
3.930000000000000160e-01 -3.929612590843992059e+00
3.971999999999999975e-01 1.049609876492314076e+00
4.013999999999999790e-01 4.549358737247747975e+00
4.056000000000000161e-01 6.667257116242925719e+00
4.098999999999999866e-01 7.561475935442137697e+00
4.141000000000000236e-01 7.435361385262426737e+00
4.183000000000000052e-01 6.520829623894453420e+00
4.224999999999999867e-01 5.059668238745902435e+00
4.268000000000000127e-01 3.284400508790199513e+00
4.309999999999999942e-01 1.403785534592965734e+00
4.351999999999999758e-01 -4.117864047988221698e-01
4.394000000000000128e-01 -2.038238049063494817e+00
4.436999999999999833e-01 -3.402552109635605948e+00
4.479000000000000203e-01 -4.480773372997851389e+00
4.521000000000000019e-01 -5.293939018298964072e+00
4.562999999999999834e-01 -5.898362820676474882e+00
4.606000000000000094e-01 -6.374350664379011988e+00
4.647999999999999909e-01 -6.812752061722316732e+00
4.689999999999999725e-01 -7.302459396906236577e+00
4.732000000000000095e-01 -7.918359992282558935e+00
4.774999999999999800e-01 -8.712669005201837180e+00
4.817000000000000171e-01 -9.708099171603270960e+00
4.858999999999999986e-01 -1.089633013820151675e+01
4.900999999999999801e-01 -1.223903096920598621e+01
4.944000000000000061e-01 -1.367324847983679881e+01
4.985999999999999877e-01 -1.511787601989570895e+01
5.028000000000000247e-01 -1.648410249942012840e+01
5.070000000000000062e-01 -1.768473594008193572e+01
5.112999999999999767e-01 -1.864427751391559340e+01
5.154999999999999583e-01 -1.930611357693436148e+01
5.197000000000000508e-01 -1.963910040706458915e+01
5.239000000000000323e-01 -1.963989770021317938e+01
5.282000000000000028e-01 -1.933275059754737057e+01
5.323999999999999844e-01 -1.876632687140849853e+01
5.365999999999999659e-01 -1.800763164884589074e+01
5.407999999999999474e-01 -1.713457189580115170e+01
5.451000000000000290e-01 -1.622693972034715060e+01
5.493000000000000105e-01 -1.535852541550285899e+01
5.534999999999999920e-01 -1.458886582421246381e+01
5.576999999999999735e-01 -1.395799530697096102e+01
5.620000000000000551e-01 -1.348273459028757060e+01
5.662000000000000366e-01 -1.315659879645229324e+01
5.704000000000000181e-01 -1.295159937341615475e+01
5.745999999999999996e-01 -1.282292448158659148e+01
5.788999999999999702e-01 -1.271542451905980897e+01
5.830999999999999517e-01 -1.257113235382611016e+01
5.873000000000000442e-01 -1.233688041125825308e+01
5.915000000000000258e-01 -1.197137143115048374e+01
5.957999999999999963e-01 -1.145036160813741866e+01
5.999999999999999778e-01 -1.077049491392554970e+01
6.041999999999999593e-01 -9.949733902356493687e+00
6.085000000000000409e-01 -9.025369993414591008e+00
6.127000000000000224e-01 -8.050666152123193697e+00
6.169000000000000039e-01 -7.088061178692828257e+00
6.210999999999999854e-01 -6.202392581358293633e+00
6.253999999999999559e-01 -5.452968385533249140e+00
6.296000000000000485e-01 -4.887246451485417253e+00
6.338000000000000300e-01 -4.534420016148517973e+00
6.380000000000000115e-01 -4.402137306768912239e+00
6.422999999999999821e-01 -4.475149392184354369e+00
6.464999999999999636e-01 -4.716617966645162419e+00
6.506999999999999451e-01 -5.071887753888304040e+00
6.549000000000000377e-01 -5.474299565618037988e+00
6.592000000000000082e-01 -5.852463032815868438e+00
6.633999999999999897e-01 -6.137707101339472615e+00
6.675999999999999712e-01 -6.271900923872052225e+00
6.717999999999999527e-01 -6.213617224089399649e+00
6.761000000000000343e-01 -5.942541159936677531e+00
6.803000000000000158e-01 -5.461857788449771434e+00
6.844999999999999973e-01 -4.797534864002570565e+00
6.886999999999999789e-01 -3.995490180110707890e+00
6.929999999999999494e-01 -3.115966561701559723e+00
6.972000000000000419e-01 -2.227412998806811650e+00
7.014000000000000234e-01 -1.397994495176912322e+00
7.056000000000000050e-01 -6.883461598103421952e-01
7.098999999999999755e-01 -1.444165647985235224e-01
7.140999999999999570e-01 2.071600740136902152e-01
7.183000000000000496e-01 3.623985143044077262e-01
7.225000000000000311e-01 3.399722489875157683e-01
7.268000000000000016e-01 1.787503399058092135e-01
7.309999999999999831e-01 -6.689821609649092282e-02
7.351999999999999647e-01 -3.339702915219238122e-01
7.393999999999999462e-01 -5.585800120122902390e-01
7.437000000000000277e-01 -6.840771951764944570e-01
7.479000000000000092e-01 -6.682844665975808951e-01
7.520999999999999908e-01 -4.893243373169542942e-01
7.562999999999999723e-01 -1.490637632326904938e-01
7.606000000000000538e-01 3.264373143523909837e-01
7.648000000000000353e-01 8.887754456976710848e-01
7.690000000000000169e-01 1.472645368676828825e+00
7.731999999999999984e-01 2.002891671365332638e+00
7.774999999999999689e-01 2.403526646526489507e+00
7.816999999999999504e-01 2.606676777134400602e+00
7.859000000000000430e-01 2.561743077932514545e+00
7.901000000000000245e-01 2.242425063685622444e+00
7.943999999999999950e-01 1.651142465740899734e+00
7.985999999999999766e-01 8.209743552727241100e-01
8.027999999999999581e-01 -1.871107335930432269e-01
8.070000000000000506e-01 -1.289762232869558822e+00
8.113000000000000211e-01 -2.390950511533195044e+00
8.155000000000000027e-01 -3.392685150747612788e+00
8.196999999999999842e-01 -4.209328412726277335e+00
8.238999999999999657e-01 -4.780534872568631855e+00
8.282000000000000473e-01 -5.084042846986614350e+00
8.324000000000000288e-01 -5.145586915472679657e+00
8.366000000000000103e-01 -5.045739389851576107e+00
8.407999999999999918e-01 -4.922072590023416794e+00
8.450999999999999623e-01 -4.966504134431520612e+00
