0.000000000000000000e+00 -1.250057031937736873e+01
5.000000000000000104e-03 -1.588522879796106757e+01
1.009999999999999960e-02 -1.985030328264822330e+01
1.510000000000000057e-02 -2.419332963609442899e+01
2.009999999999999981e-02 -2.913187715963124802e+01
2.510000000000000078e-02 -3.458947159861690324e+01
3.020000000000000115e-02 -4.065684227792554140e+01
3.520000000000000212e-02 -4.699555876705375823e+01
4.019999999999999962e-02 -5.388767557836390409e+01
4.519999999999999712e-02 -6.118645933762178402e+01
5.029999999999999749e-02 -6.897226585695754864e+01
5.530000000000000193e-02 -7.679645742257778807e+01
6.029999999999999943e-02 -8.498659703315827585e+01
6.529999999999999694e-02 -9.334385052859644816e+01
7.040000000000000424e-02 -1.019364082696304479e+02
7.539999999999999480e-02 -1.102721162651927358e+02
8.039999999999999925e-02 -1.186975483694022699e+02
8.540000000000000369e-02 -1.270022683666395551e+02
9.049999999999999711e-02 -1.352498500761659841e+02
9.550000000000000155e-02 -1.429873472251834983e+02
1.005000000000000060e-01 -1.505507181216286199e+02
1.054999999999999966e-01 -1.577613137487238077e+02
1.106000000000000039e-01 -1.646851355923279243e+02
1.155999999999999944e-01 -1.709704359684954795e+02
1.205999999999999989e-01 -1.769118762026533602e+02
1.255999999999999894e-01 -1.823856515994757217e+02
1.307000000000000106e-01 -1.874565649982867228e+02
1.356999999999999873e-01 -1.918925589306261656e+02
1.406999999999999917e-01 -1.959196248384249373e+02
1.456999999999999962e-01 -1.994649163105105174e+02
1.507999999999999896e-01 -2.025771593860172004e+02
1.557999999999999940e-01 -2.051303529494911402e+02
1.607999999999999985e-01 -2.072631941041134667e+02
1.658000000000000029e-01 -2.089380932888235520e+02
1.708999999999999964e-01 -2.101748895192768884e+02
1.759000000000000008e-01 -2.109373938468407061e+02
1.809000000000000052e-01 -2.112728815323203833e+02
1.859000000000000097e-01 -2.111732745854193922e+02
1.910000000000000031e-01 -2.106306350491099693e+02
1.960000000000000075e-01 -2.096969806692900988e+02
2.010000000000000120e-01 -2.083395866455632870e+02
2.059999999999999887e-01 -2.065869838362840198e+02
2.111000000000000099e-01 -2.044166246250590575e+02
2.160999999999999865e-01 -2.019701649961673127e+02
2.210999999999999910e-01 -1.991526824235868673e+02
2.260999999999999954e-01 -1.960330829538291937e+02
2.311999999999999889e-01 -1.925837337678846950e+02
2.361999999999999933e-01 -1.890158319968442697e+02
2.411999999999999977e-01 -1.851857903869075699e+02
2.462000000000000022e-01 -1.811860258082935218e+02
2.513000000000000234e-01 -1.769778076882883795e+02
2.562999999999999723e-01 -1.727973975672342988e+02
2.612999999999999767e-01 -1.684574556875440692e+02
2.662999999999999812e-01 -1.640430452438538396e+02
2.713999999999999746e-01 -1.594878634145626108e+02
2.763999999999999790e-01 -1.550168866823935048e+02
2.813999999999999835e-01 -1.503993704830218974e+02
2.863999999999999879e-01 -1.456968008897239883e+02
2.914999999999999813e-01 -1.408093078436483552e+02
2.964999999999999858e-01 -1.359568922944593510e+02
3.014999999999999902e-01 -1.308720308662897480e+02
3.064999999999999947e-01 -1.256110596796764014e+02
3.115999999999999881e-01 -1.200594801888275356e+02
3.165999999999999925e-01 -1.144791387817140134e+02
3.215999999999999970e-01 -1.085822505425041555e+02
3.266000000000000014e-01 -1.024617131939753705e+02
3.316999999999999948e-01 -9.602131464920948645e+01
3.366999999999999993e-01 -8.960471768895031630e+01
3.417000000000000037e-01 -8.292537287188184791e+01
3.467000000000000082e-01 -7.613644486846386883e+01
3.518000000000000016e-01 -6.918187984788396250e+01
3.568000000000000060e-01 -6.246515699848911396e+01
3.618000000000000105e-01 -5.571997366936790996e+01
3.668000000000000149e-01 -4.913454743852211237e+01
3.719000000000000083e-01 -4.268449498976818290e+01
3.769000000000000128e-01 -3.674477801727173443e+01
3.819000000000000172e-01 -3.108178669536134464e+01
3.869000000000000217e-01 -2.585518334876517699e+01
3.920000000000000151e-01 -2.104203565461145331e+01
3.970000000000000195e-01 -1.689016571223112706e+01
4.020000000000000240e-01 -1.320702153936085210e+01
4.069999999999999729e-01 -1.006885740610619351e+01
4.121000000000000218e-01 -7.430209802492552917e+00
4.171000000000000263e-01 -5.374357624933201905e+00
4.220999999999999752e-01 -3.757607849629260421e+00
4.270999999999999797e-01 -2.568644180665212939e+00
4.321999999999999731e-01 -1.743472980328847122e+00
4.371999999999999775e-01 -1.248905561518075746e+00
4.421999999999999820e-01 -9.957270318257612773e-01
4.471999999999999864e-01 -9.314446394096981274e-01
4.522999999999999798e-01 -1.000402002181402850e+00
4.572999999999999843e-01 -1.143689318528781751e+00
4.622999999999999887e-01 -1.323963047411487404e+00
4.672999999999999932e-01 -1.503889561220430604e+00
4.723999999999999866e-01 -1.660344684296929385e+00
4.773999999999999910e-01 -1.772260792323994361e+00
4.823999999999999955e-01 -1.840151155998582366e+00
4.873999999999999999e-01 -1.865139227434194913e+00
4.924999999999999933e-01 -1.857125647993458362e+00
4.974999999999999978e-01 -1.833057280340802730e+00
5.024999999999999467e-01 -1.810986169681672253e+00
5.074999999999999512e-01 -1.812089225684369476e+00
5.125999999999999446e-01 -1.858305580186435435e+00
5.175999999999999490e-01 -1.963224356025761175e+00
5.225999999999999535e-01 -2.146219099071680958e+00
5.275999999999999579e-01 -2.415794872696950701e+00
5.326999999999999513e-01 -2.783912056462438223e+00
5.376999999999999558e-01 -3.228120180597576994e+00
5.426999999999999602e-01 -3.763809659765725346e+00
5.476999999999999647e-01 -4.372618396338728175e+00
5.527999999999999581e-01 -5.050870607084737784e+00
5.577999999999999625e-01 -5.745529503480661049e+00
5.627999999999999670e-01 -6.471106760510986433e+00
5.677999999999999714e-01 -7.195131884256321442e+00
5.728999999999999648e-01 -7.908226416404207093e+00
5.778999999999999693e-01 -8.558398638287060933e+00
5.828999999999999737e-01 -9.162275277556071629e+00
5.878999999999999782e-01 -9.695373750297880733e+00
5.929999999999999716e-01 -1.015393634677860568e+01
5.979999999999999760e-01 -1.051278548231719334e+01
6.029999999999999805e-01 -1.078771575891812340e+01
6.079999999999999849e-01 -1.097273528354822858e+01
6.130999999999999783e-01 -1.107128538220214686e+01
6.180999999999999828e-01 -1.108712946643286834e+01
6.230999999999999872e-01 -1.102842083344919288e+01
6.280999999999999917e-01 -1.090240146074984651e+01
6.331999999999999851e-01 -1.071340676535096215e+01
6.381999999999999895e-01 -1.048085161564206835e+01
6.431999999999999940e-01 -1.020106036804006067e+01
6.481999999999999984e-01 -9.884877833606790176e+00
6.532999999999999918e-01 -9.532561526872257218e+00
6.582999999999999963e-01 -9.167896834882551360e+00
6.633000000000000007e-01 -8.777738855869605672e+00
6.683000000000000052e-01 -8.372723742518264345e+00
6.733999999999999986e-01 -7.950242713946452433e+00
6.784000000000000030e-01 -7.535389142905683180e+00
6.834000000000000075e-01 -7.111686864431785438e+00
6.884000000000000119e-01 -6.690578205708932025e+00
6.935000000000000053e-01 -6.270068326066311037e+00
6.985000000000000098e-01 -5.874880992443694439e+00
7.035000000000000142e-01 -5.489685564865557588e+00
7.085000000000000187e-01 -5.125491910836445619e+00
7.136000000000000121e-01 -4.780854403608492120e+00
7.186000000000000165e-01 -4.474328450267804236e+00
7.236000000000000210e-01 -4.192075402733812517e+00
7.286000000000000254e-01 -3.939781587040960265e+00
7.337000000000000188e-01 -3.713161596005105203e+00
7.387000000000000233e-01 -3.519660022596193372e+00
7.437000000000000277e-01 -3.345487118910905444e+00
7.487000000000000322e-01 -3.188865382127348713e+00
7.538000000000000256e-01 -3.041507821023023084e+00
7.588000000000000300e-01 -2.903851602169848167e+00
7.638000000000000345e-01 -2.762471878203242248e+00
7.688000000000000389e-01 -2.613627792177246612e+00
7.739000000000000323e-01 -2.449353316655441315e+00
7.789000000000000368e-01 -2.274595270678005487e+00
7.839000000000000412e-01 -2.078797516149595737e+00
7.889000000000000457e-01 -1.864927319534653849e+00
7.940000000000000391e-01 -1.631236161792871453e+00
7.990000000000000435e-01 -1.393877562717912966e+00
8.040000000000000480e-01 -1.147130672663076778e+00
8.090000000000000524e-01 -9.026263244682994902e-01
8.141000000000000458e-01 -6.654901499368842677e-01
8.191000000000000503e-01 -4.556694067955759375e-01
8.241000000000000547e-01 -2.714144744271929643e-01
8.290999999999999481e-01 -1.245111982885242219e-01
8.342000000000000526e-01 -2.069775145799167965e-02
8.391999999999999460e-01 3.218340392822145735e-02
8.441999999999999504e-01 3.484988804150106895e-02
8.491999999999999549e-01 -1.335772209395758373e-02
8.542999999999999483e-01 -1.114118140790036210e-01
8.592999999999999527e-01 -2.468037694818364380e-01
8.642999999999999572e-01 -4.175236951316562140e-01
8.692999999999999616e-01 -6.107192823018172678e-01
8.743999999999999551e-01 -8.174627327345892480e-01
8.793999999999999595e-01 -1.014550793143555119e+00
8.843999999999999639e-01 -1.198659482194052606e+00
8.893999999999999684e-01 -1.353751794641673722e+00
8.944999999999999618e-01 -1.469808560609768833e+00
8.994999999999999662e-01 -1.534145785938807238e+00
9.044999999999999707e-01 -1.544368594514960558e+00
9.094999999999999751e-01 -1.496738996347859230e+00
9.145999999999999686e-01 -1.390367365572909186e+00
9.195999999999999730e-01 -1.238503227638688475e+00
9.245999999999999774e-01 -1.044453289072384106e+00
9.295999999999999819e-01 -8.259704900122812887e-01
9.346999999999999753e-01 -5.995909103663212836e-01
9.396999999999999797e-01 -4.001641848686243175e-01
9.446999999999999842e-01 -2.459854186178208890e-01
9.496999999999999886e-01 -1.729550228482173990e-01
9.547999999999999821e-01 -2.195736647476964898e-01
9.597999999999999865e-01 -4.158962826766643417e-01
9.647999999999999909e-01 -8.106891660132548028e-01
9.697999999999999954e-01 -1.442862856983931463e+00
9.748999999999999888e-01 -2.373953778109685331e+00
9.798999999999999932e-01 -3.587593074300398310e+00
9.848999999999999977e-01 -5.182331699641307132e+00
9.899000000000000021e-01 -7.176922144906551004e+00
9.949999999999999956e-01 -9.652573290919271187e+00
1.000000000000000000e+00 -1.250057031937735630e+01
