0.000000000000000000e+00 -2.698191663644688276e+01
5.400000000000000286e-03 -2.722561645684630705e+01
1.080000000000000057e-02 -2.750085135633024436e+01
1.619999999999999912e-02 -2.781254333616234220e+01
2.160000000000000114e-02 -2.816088506947185266e+01
2.709999999999999909e-02 -2.854669847098411495e+01
3.250000000000000111e-02 -2.896230904050782584e+01
3.790000000000000313e-02 -2.940065824010446960e+01
4.329999999999999821e-02 -2.984922569062737097e+01
4.870000000000000023e-02 -3.028962197798728440e+01
5.410000000000000225e-02 -3.069691123883573169e+01
5.949999999999999734e-02 -3.104094344848597231e+01
6.489999999999999936e-02 -3.129017061823002166e+01
7.030000000000000138e-02 -3.141750544980165571e+01
7.580000000000000626e-02 -3.140740721810154668e+01
8.119999999999999440e-02 -3.126171991012886409e+01
8.659999999999999643e-02 -3.100296598771718237e+01
9.199999999999999845e-02 -3.067315622672970576e+01
9.740000000000000047e-02 -3.032781850097796905e+01
1.028000000000000025e-01 -3.002634112392898302e+01
1.082000000000000045e-01 -2.982083578990489059e+01
1.136000000000000065e-01 -2.974611191807986899e+01
1.189999999999999947e-01 -2.981325551733899459e+01
1.244999999999999996e-01 -3.001147183868710755e+01
1.298999999999999877e-01 -3.030883730140681109e+01
1.353000000000000036e-01 -3.066640891988952689e+01
1.406999999999999917e-01 -3.104693224067056434e+01
1.461000000000000076e-01 -3.142455954515552463e+01
1.514999999999999958e-01 -3.178950622628007139e+01
1.569000000000000117e-01 -3.214702093039301189e+01
1.622999999999999998e-01 -3.251083754491795474e+01
1.676999999999999880e-01 -3.289254666387998327e+01
1.731999999999999929e-01 -3.329700003407329234e+01
1.786000000000000087e-01 -3.370604772108141134e+01
1.839999999999999969e-01 -3.408810302274587656e+01
1.894000000000000128e-01 -3.439899152057488152e+01
1.948000000000000009e-01 -3.459354120303886049e+01
2.001999999999999891e-01 -3.463796328520157175e+01
2.056000000000000050e-01 -3.452005870653402297e+01
2.109999999999999931e-01 -3.425391988192406956e+01
2.164000000000000090e-01 -3.387830324486609612e+01
2.218999999999999861e-01 -3.344147834243992179e+01
2.273000000000000020e-01 -3.299788532397036533e+01
2.326999999999999902e-01 -3.258262105499914441e+01
2.381000000000000061e-01 -3.220621821753029934e+01
2.434999999999999942e-01 -3.185039457767668125e+01
2.489000000000000101e-01 -3.147353665691280611e+01
2.543000000000000260e-01 -3.102385814993487401e+01
2.596999999999999864e-01 -3.045655734462344100e+01
2.651000000000000023e-01 -2.975218381033321791e+01
2.706000000000000072e-01 -2.891703481841266665e+01
2.760000000000000231e-01 -2.800527269080384585e+01
2.813999999999999835e-01 -2.708988405683887990e+01
2.867999999999999994e-01 -2.625655438127445152e+01
2.922000000000000153e-01 -2.558113028145092116e+01
2.975999999999999757e-01 -2.511092810334151793e+01
3.029999999999999916e-01 -2.485259421950168246e+01
3.084000000000000075e-01 -2.477002352726712786e+01
3.138000000000000234e-01 -2.479287669275937134e+01
3.192999999999999727e-01 -2.483404858884243893e+01
3.246999999999999886e-01 -2.480950916223288871e+01
3.301000000000000045e-01 -2.465885674803240235e+01
3.355000000000000204e-01 -2.435767996030091709e+01
3.408999999999999808e-01 -2.392116418984107185e+01
3.462999999999999967e-01 -2.339766910976079473e+01
3.517000000000000126e-01 -2.285461947460292720e+01
3.570999999999999730e-01 -2.236104492469621619e+01
3.624999999999999889e-01 -2.197208740406437499e+01
3.679999999999999938e-01 -2.171496622146791822e+01
3.734000000000000097e-01 -2.159318641770327929e+01
3.788000000000000256e-01 -2.158463844347173222e+01
3.841999999999999860e-01 -2.165562438373125076e+01
3.896000000000000019e-01 -2.177256582268414320e+01
3.950000000000000178e-01 -2.191234112376229959e+01
4.003999999999999782e-01 -2.206755044617093020e+01
4.057999999999999940e-01 -2.224564222993956264e+01
4.112000000000000099e-01 -2.246191870340942032e+01
4.167000000000000148e-01 -2.273358464422090819e+01
4.220999999999999752e-01 -2.306428551269983984e+01
4.274999999999999911e-01 -2.344508847078697755e+01
4.329000000000000070e-01 -2.385084091377850157e+01
4.383000000000000229e-01 -2.424564593144942037e+01
4.436999999999999833e-01 -2.459152005151166875e+01
4.490999999999999992e-01 -2.485803825719403903e+01
4.545000000000000151e-01 -2.503019016427501953e+01
4.598999999999999755e-01 -2.511205988778791465e+01
4.653999999999999804e-01 -2.512563585545316514e+01
4.707999999999999963e-01 -2.510447293915758848e+01
4.762000000000000122e-01 -2.508554607217485000e+01
4.815999999999999726e-01 -2.510030849725789182e+01
4.869999999999999885e-01 -2.516826078066512196e+01
4.924000000000000044e-01 -2.529430638256365071e+01
4.978000000000000203e-01 -2.547025777357352538e+01
5.031999999999999806e-01 -2.567956812988851567e+01
5.086000000000000520e-01 -2.590299773461283550e+01
5.141000000000000014e-01 -2.612726220732521654e+01
5.194999999999999618e-01 -2.634309498030728491e+01
5.249000000000000332e-01 -2.655184805270959458e+01
5.302999999999999936e-01 -2.676107620857876412e+01
5.356999999999999540e-01 -2.698191663644688276e+01
