0.000000000000000000e+00 -1.472863366944033103e+01
7.300000000000000065e-03 -1.526300045173651831e+01
1.460000000000000013e-02 -1.577594494597510710e+01
2.189999999999999933e-02 -1.624021322074473872e+01
2.920000000000000026e-02 -1.663664126398960263e+01
3.649999999999999772e-02 -1.695856398325754455e+01
4.379999999999999866e-02 -1.721358544879666752e+01
5.109999999999999959e-02 -1.742218398013006819e+01
5.840000000000000052e-02 -1.761303042703218580e+01
6.569999999999999452e-02 -1.781655198433578136e+01
7.299999999999999545e-02 -1.805781628122369042e+01
8.029999999999999638e-02 -1.835104875118370771e+01
8.759999999999999731e-02 -1.869658272148334888e+01
9.489999999999999825e-02 -1.908148849918326917e+01
1.021999999999999992e-01 -1.948304081314214287e+01
1.095000000000000001e-01 -1.987425848669631634e+01
1.168000000000000010e-01 -2.022971700387104832e+01
1.241000000000000020e-01 -2.053008955622075860e+01
1.313999999999999890e-01 -2.076435479429838793e+01
1.386999999999999900e-01 -2.092921630853248871e+01
1.459999999999999909e-01 -2.102634512524322830e+01
1.532999999999999918e-01 -2.105861731808724002e+01
1.605999999999999928e-01 -2.102685619349875878e+01
1.678999999999999937e-01 -2.092821964457825601e+01
1.751999999999999946e-01 -2.075692239801646366e+01
1.824999999999999956e-01 -2.050716047630611882e+01
1.897999999999999965e-01 -2.017700364574226768e+01
1.970999999999999974e-01 -1.977214964134970288e+01
2.043999999999999984e-01 -1.930789603470863369e+01
2.116999999999999993e-01 -1.880845350757711998e+01
2.190000000000000002e-01 -1.830349828778270194e+01
2.263000000000000012e-01 -1.782254964202513392e+01
2.336000000000000021e-01 -1.738878976755324146e+01
2.409000000000000030e-01 -1.701392910842193373e+01
2.482000000000000040e-01 -1.669548946745972984e+01
2.555000000000000049e-01 -1.641771317743328495e+01
2.627999999999999781e-01 -1.615555015746227951e+01
2.701000000000000068e-01 -1.588105703944656177e+01
2.773999999999999799e-01 -1.557054596791729040e+01
2.847000000000000086e-01 -1.521048361313804165e+01
2.919999999999999818e-01 -1.480101299326567066e+01
2.993000000000000105e-01 -1.435594215376965366e+01
3.065999999999999837e-01 -1.389968705960519380e+01
3.139000000000000123e-01 -1.346191129366395778e+01
3.211999999999999855e-01 -1.307130044329143814e+01
3.285000000000000142e-01 -1.275031352579446242e+01
3.357999999999999874e-01 -1.251156037446233071e+01
3.431000000000000161e-01 -1.235696216411621329e+01
3.503999999999999893e-01 -1.227906994561904064e+01
3.577000000000000179e-01 -1.226400004956951229e+01
3.650999999999999801e-01 -1.229485797702989380e+01
3.724000000000000088e-01 -1.235480061856670098e+01
3.796999999999999820e-01 -1.242894583983755652e+01
3.870000000000000107e-01 -1.250519349323769802e+01
3.942999999999999838e-01 -1.257420514287551860e+01
4.016000000000000125e-01 -1.262921765169166299e+01
4.088999999999999857e-01 -1.266608681193527630e+01
4.162000000000000144e-01 -1.268403421410000931e+01
4.234999999999999876e-01 -1.268674168942514413e+01
4.308000000000000163e-01 -1.268326659908809795e+01
4.380999999999999894e-01 -1.268818008415866316e+01
4.454000000000000181e-01 -1.272020348035636594e+01
4.526999999999999913e-01 -1.279924888222397072e+01
4.600000000000000200e-01 -1.294213826547907509e+01
4.672999999999999932e-01 -1.315796006700574949e+01
4.746000000000000218e-01 -1.344432473728540245e+01
4.818999999999999950e-01 -1.378562751268719033e+01
4.892000000000000237e-01 -1.415403803259501991e+01
4.964999999999999969e-01 -1.451346755487832674e+01
5.038000000000000256e-01 -1.482566853217422143e+01
5.110999999999999988e-01 -1.505710337960611334e+01
5.183999999999999719e-01 -1.518519247571108544e+01
5.256999999999999451e-01 -1.520202923684087537e+01
5.330000000000000293e-01 -1.511514385991884701e+01
5.403000000000000025e-01 -1.494480189100221779e+01
5.475999999999999757e-01 -1.471882021131867546e+01
5.548999999999999488e-01 -1.446622289773810088e+01
5.622000000000000330e-01 -1.421133451585758323e+01
5.695000000000000062e-01 -1.396986491639118455e+01
5.767999999999999794e-01 -1.374762201135282957e+01
5.840999999999999526e-01 -1.354210714215645517e+01
5.914000000000000368e-01 -1.334596210735977451e+01
5.987000000000000099e-01 -1.315141855443266294e+01
6.059999999999999831e-01 -1.295402514456026744e+01
6.132999999999999563e-01 -1.275488794330100362e+01
6.206000000000000405e-01 -1.256083575594004031e+01
6.279000000000000137e-01 -1.238283394068966103e+01
6.351999999999999869e-01 -1.223330516312375060e+01
6.424999999999999600e-01 -1.212351329174717485e+01
6.498000000000000442e-01 -1.206183197452603650e+01
6.571000000000000174e-01 -1.205338842817168832e+01
6.643999999999999906e-01 -1.210099836398785911e+01
6.716999999999999638e-01 -1.220674495481079624e+01
6.790000000000000480e-01 -1.237342904387050346e+01
6.863000000000000211e-01 -1.260488397152336582e+01
6.935999999999999943e-01 -1.290494573616275709e+01
7.008999999999999675e-01 -1.327505020011515846e+01
7.082000000000000517e-01 -1.371140576924253018e+01
7.155000000000000249e-01 -1.420253679527781898e+01
7.227999999999999980e-01 -1.472863366944033103e+01
