0.000000000000000000e+00 -1.549330573868895655e+01
5.300000000000000024e-03 -1.521594747400805758e+01
1.060000000000000005e-02 -1.488358322784380228e+01
1.590000000000000094e-02 -1.448405191764789812e+01
2.129999999999999949e-02 -1.402379861150964047e+01
2.659999999999999865e-02 -1.353142750112914428e+01
3.189999999999999780e-02 -1.305415640461968430e+01
3.719999999999999696e-02 -1.264842944173015837e+01
4.250000000000000305e-02 -1.236636080394351289e+01
4.780000000000000221e-02 -1.224195422076937234e+01
5.319999999999999729e-02 -1.228100562037017518e+01
5.850000000000000339e-02 -1.245792169594582077e+01
6.379999999999999560e-02 -1.272035812763906648e+01
6.909999999999999476e-02 -1.300095373368533025e+01
7.439999999999999392e-02 -1.323270886031514770e+01
7.969999999999999307e-02 -1.336418293485557918e+01
8.509999999999999509e-02 -1.337028723129594887e+01
9.039999999999999425e-02 -1.325606940592116345e+01
9.569999999999999341e-02 -1.305282688901796107e+01
1.010000000000000064e-01 -1.280805995920348117e+01
1.063000000000000056e-01 -1.257250627333110060e+01
1.116000000000000048e-01 -1.238806820143806497e+01
1.170000000000000068e-01 -1.227975830494736265e+01
1.223000000000000059e-01 -1.225361441804864704e+01
1.275999999999999912e-01 -1.230010402408803927e+01
1.328999999999999904e-01 -1.240126174751807042e+01
1.381999999999999895e-01 -1.253859333811844401e+01
1.434999999999999887e-01 -1.269863354840918568e+01
1.489000000000000046e-01 -1.287465728582740709e+01
1.542000000000000037e-01 -1.306387899376009543e+01
1.595000000000000029e-01 -1.326203518188693664e+01
1.648000000000000020e-01 -1.345744574204330135e+01
1.701000000000000012e-01 -1.362773153945586202e+01
1.754000000000000004e-01 -1.374060548108163893e+01
1.806999999999999995e-01 -1.375942886628080863e+01
1.860999999999999877e-01 -1.365201846795001117e+01
1.913999999999999868e-01 -1.339999036014222433e+01
1.967000000000000137e-01 -1.300547607850637455e+01
2.020000000000000129e-01 -1.249292735556240785e+01
2.073000000000000120e-01 -1.190482548885868930e+01
2.126000000000000112e-01 -1.129245232247563813e+01
2.179999999999999993e-01 -1.070428730606364454e+01
2.232999999999999985e-01 -1.017603003849266763e+01
2.285999999999999976e-01 -9.724641863394545283e+00
2.338999999999999968e-01 -9.349342583941373519e+00
2.391999999999999960e-01 -9.038644000635912334e+00
2.444999999999999951e-01 -8.781412067713789682e+00
2.499000000000000110e-01 -8.578102210596034283e+00
2.551999999999999824e-01 -8.448201465072502359e+00
2.605000000000000093e-01 -8.430640071675139069e+00
2.657999999999999807e-01 -8.576476291346754266e+00
2.711000000000000076e-01 -8.935251721516603851e+00
2.763999999999999790e-01 -9.538905198548384590e+00
2.817999999999999949e-01 -1.038819436760681825e+01
2.871000000000000218e-01 -1.144543308411704530e+01
2.923999999999999932e-01 -1.263771676444316938e+01
2.977000000000000202e-01 -1.386909669362291631e+01
3.029999999999999916e-01 -1.503984293224009505e+01
3.083000000000000185e-01 -1.606762295837398469e+01
3.136999999999999789e-01 -1.690493459246392050e+01
3.190000000000000058e-01 -1.754742384203691685e+01
3.242999999999999772e-01 -1.803188012881131641e+01
3.296000000000000041e-01 -1.842307853184869160e+01
3.348999999999999755e-01 -1.879406115200558602e+01
3.402000000000000024e-01 -1.920481821113508047e+01
3.456000000000000183e-01 -1.968571450312073523e+01
3.508999999999999897e-01 -2.022954176820993411e+01
3.562000000000000166e-01 -2.079502705813286312e+01
3.614999999999999880e-01 -2.131980346538181337e+01
3.668000000000000149e-01 -2.173922014807994074e+01
3.720999999999999863e-01 -2.200530307355420234e+01
3.774000000000000132e-01 -2.210047567879124131e+01
3.827999999999999736e-01 -2.204215625915526644e+01
3.881000000000000005e-01 -2.187713982144973102e+01
3.934000000000000274e-01 -2.166789124937228905e+01
3.986999999999999988e-01 -2.147470764511415808e+01
4.040000000000000258e-01 -2.133934660054577037e+01
4.092999999999999972e-01 -2.127458415167089711e+01
4.147000000000000131e-01 -2.126260838948998710e+01
4.199999999999999845e-01 -2.126226829940798169e+01
4.253000000000000114e-01 -2.122269806928546387e+01
4.305999999999999828e-01 -2.109888875208708825e+01
4.359000000000000097e-01 -2.086481745199291993e+01
4.411999999999999811e-01 -2.052017888133518397e+01
4.465999999999999970e-01 -2.008923952581362116e+01
4.519000000000000239e-01 -1.961298157394511321e+01
4.571999999999999953e-01 -1.913683824922420840e+01
4.625000000000000222e-01 -1.869851699897130715e+01
4.677999999999999936e-01 -1.831931503304991082e+01
4.731000000000000205e-01 -1.800129093447508311e+01
4.784999999999999809e-01 -1.773063585545743592e+01
4.838000000000000078e-01 -1.748544927275469618e+01
4.890999999999999792e-01 -1.724473715316134204e+01
4.944000000000000061e-01 -1.699568334961355376e+01
4.996999999999999775e-01 -1.673646130658741527e+01
5.050000000000000044e-01 -1.647410122437428370e+01
5.103999999999999648e-01 -1.621841072877616696e+01
5.157000000000000473e-01 -1.597476032019941350e+01
5.210000000000000187e-01 -1.573840830384031086e+01
5.262999999999999901e-01 -1.549330573868895655e+01
