0.000000000000000000e+00 -6.857709758168692993e+00
7.000000000000000146e-03 -7.204251445021155220e+00
1.409999999999999969e-02 -7.622153443364849679e+00
2.110000000000000070e-02 -8.097803534413438697e+00
2.819999999999999937e-02 -8.648100955488875030e+00
3.520000000000000212e-02 -9.265837884400276891e+00
4.229999999999999732e-02 -9.977232736891586740e+00
4.929999999999999660e-02 -1.076991040267090227e+01
5.639999999999999875e-02 -1.166816121252065308e+01
6.339999999999999802e-02 -1.265062535662949017e+01
7.049999999999999323e-02 -1.372065786168511714e+01
7.749999999999999944e-02 -1.483874129856746826e+01
8.459999999999999465e-02 -1.601847968630805852e+01
9.160000000000000087e-02 -1.720636239212339547e+01
9.869999999999999607e-02 -1.841819053613174972e+01
1.057000000000000023e-01 -1.960268275034003693e+01
1.126999999999999946e-01 -2.076349862859079920e+01
1.198000000000000037e-01 -2.190221655628168307e+01
1.267999999999999960e-01 -2.297415277227288399e+01
1.338999999999999913e-01 -2.399304411234379231e+01
1.408999999999999975e-01 -2.491280342438684414e+01
1.479999999999999927e-01 -2.573734342606151770e+01
1.549999999999999989e-01 -2.642157524323764761e+01
1.620999999999999941e-01 -2.696188420342277681e+01
1.691000000000000003e-01 -2.732667196139615839e+01
1.761999999999999955e-01 -2.750781072591345122e+01
1.832000000000000017e-01 -2.749858869444167908e+01
1.902999999999999969e-01 -2.730281928620211929e+01
1.973000000000000032e-01 -2.693874997221229250e+01
2.043000000000000094e-01 -2.642371146039353391e+01
2.114000000000000046e-01 -2.577131249317553241e+01
2.184000000000000108e-01 -2.502403284572359610e+01
2.255000000000000060e-01 -2.418454270991920296e+01
2.325000000000000122e-01 -2.329509487023675973e+01
2.396000000000000074e-01 -2.234621260897052153e+01
2.466000000000000136e-01 -2.137453529355827797e+01
2.536999999999999811e-01 -2.036152813561962560e+01
2.606999999999999873e-01 -1.933530733888007802e+01
2.677999999999999825e-01 -1.829072986665251221e+01
2.747999999999999887e-01 -1.726257416211894835e+01
2.818999999999999839e-01 -1.623667955068953717e+01
2.888999999999999901e-01 -1.526076286787678526e+01
2.959999999999999853e-01 -1.432578398181031254e+01
3.029999999999999916e-01 -1.347607042478798078e+01
3.099999999999999978e-01 -1.271059995678101373e+01
3.170999999999999930e-01 -1.202834020478679911e+01
3.240999999999999992e-01 -1.144833840073861708e+01
3.311999999999999944e-01 -1.094891106800558411e+01
3.382000000000000006e-01 -1.053379170337710491e+01
3.452999999999999958e-01 -1.018028290433001537e+01
3.523000000000000020e-01 -9.888624430135156018e+00
3.593999999999999972e-01 -9.645655810522299589e+00
3.664000000000000035e-01 -9.457351956711358199e+00
3.734999999999999987e-01 -9.326891527487033429e+00
3.805000000000000049e-01 -9.265309138642633613e+00
3.876000000000000001e-01 -9.279864691063277604e+00
3.946000000000000063e-01 -9.375576084094232598e+00
4.016000000000000125e-01 -9.551304069778803196e+00
4.087000000000000077e-01 -9.802386215088846555e+00
4.157000000000000139e-01 -1.010596157493660563e+01
4.228000000000000091e-01 -1.044923096320983014e+01
4.298000000000000154e-01 -1.080093785276691776e+01
4.369000000000000106e-01 -1.115216224328116290e+01
4.439000000000000168e-01 -1.148241918476088763e+01
4.510000000000000120e-01 -1.179955833680757671e+01
4.580000000000000182e-01 -1.210537228983773872e+01
4.651000000000000134e-01 -1.241970753274927652e+01
4.721000000000000196e-01 -1.275306692493418836e+01
4.792000000000000148e-01 -1.312896615274804724e+01
4.862000000000000210e-01 -1.354096338922538578e+01
4.933000000000000163e-01 -1.399237018332565086e+01
5.002999999999999670e-01 -1.444766176228222854e+01
5.072999999999999732e-01 -1.487942106535108877e+01
5.143999999999999684e-01 -1.525129228434634143e+01
5.213999999999999746e-01 -1.551199203995788878e+01
5.284999999999999698e-01 -1.563420472595400135e+01
5.354999999999999760e-01 -1.559399339914097560e+01
5.425999999999999712e-01 -1.538628357278460612e+01
5.495999999999999774e-01 -1.503007166119882143e+01
5.566999999999999726e-01 -1.454321633202643760e+01
5.636999999999999789e-01 -1.397078172126487594e+01
5.707999999999999741e-01 -1.334315604852130122e+01
5.777999999999999803e-01 -1.270747711540259139e+01
5.848999999999999755e-01 -1.206918760138917079e+01
5.918999999999999817e-01 -1.145887044706520719e+01
5.988999999999999879e-01 -1.086887510941859425e+01
6.059999999999999831e-01 -1.028664230525276047e+01
6.129999999999999893e-01 -9.720867713645109376e+00
6.200999999999999845e-01 -9.151634093766073619e+00
6.270999999999999908e-01 -8.596846989687607632e+00
6.341999999999999860e-01 -8.052128688162854431e+00
6.411999999999999922e-01 -7.550662086265542250e+00
6.482999999999999874e-01 -7.101995869454265531e+00
6.552999999999999936e-01 -6.739657325760590290e+00
6.623999999999999888e-01 -6.478576486147421321e+00
6.693999999999999950e-01 -6.335413773866717335e+00
6.764999999999999902e-01 -6.309214500104224577e+00
6.834999999999999964e-01 -6.395325121313270245e+00
6.905999999999999917e-01 -6.584641332803974123e+00
6.975999999999999979e-01 -6.857709758168692993e+00
