0.000000000000000000e+00 -3.715019919626472245e+01
3.000000000000000062e-03 -4.125030653094877664e+01
6.000000000000000125e-03 -4.582119899463663870e+01
8.999999999999999320e-03 -5.087092823347686732e+01
1.200000000000000025e-02 -5.640168138755479532e+01
1.499999999999999944e-02 -6.240941791418195805e+01
1.799999999999999864e-02 -6.888376288866997754e+01
2.100000000000000130e-02 -7.582737872358971742e+01
2.390000000000000110e-02 -8.315906074595717712e+01
2.690000000000000030e-02 -9.090798892982805057e+01
2.989999999999999949e-02 -9.902004459621809929e+01
3.289999999999999869e-02 -1.074554136800463198e+02
3.590000000000000135e-02 -1.161696497353899957e+02
3.889999999999999708e-02 -1.251145335589691143e+02
4.189999999999999974e-02 -1.342388282845339234e+02
4.490000000000000241e-02 -1.434889131524104471e+02
4.789999999999999813e-02 -1.528101774413748046e+02
5.090000000000000080e-02 -1.621475367101989491e+02
5.390000000000000346e-02 -1.714466369139747997e+02
5.689999999999999919e-02 -1.806546435402425743e+02
5.990000000000000185e-02 -1.897212088570561548e+02
6.289999999999999758e-02 -1.985992655112401621e+02
6.590000000000000024e-02 -2.072682129235651018e+02
6.880000000000000004e-02 -2.156230025289459604e+02
7.180000000000000271e-02 -2.236977070501731930e+02
7.480000000000000537e-02 -2.314427505293429874e+02
7.779999999999999416e-02 -2.388372021622421073e+02
8.079999999999999682e-02 -2.458660560239458448e+02
8.379999999999999949e-02 -2.525206719238537971e+02
8.680000000000000215e-02 -2.587983271971715453e+02
8.980000000000000482e-02 -2.647022668914309520e+02
9.279999999999999361e-02 -2.702406900026136327e+02
9.579999999999999627e-02 -2.754271691467718597e+02
9.879999999999999893e-02 -2.802789239311834990e+02
1.018000000000000016e-01 -2.848168395865489515e+02
1.048000000000000043e-01 -2.890644490558952384e+02
1.078000000000000069e-01 -2.930468416236054736e+02
1.107999999999999957e-01 -2.967995841139961612e+02
1.136999999999999955e-01 -3.003204653976061422e+02
1.166999999999999982e-01 -3.036626940439048781e+02
1.197000000000000008e-01 -3.068402365324557763e+02
1.227000000000000035e-01 -3.098738413108835061e+02
1.257000000000000062e-01 -3.127807871978442336e+02
1.287000000000000088e-01 -3.155749102994835198e+02
1.317000000000000115e-01 -3.182651985825895053e+02
1.346999999999999864e-01 -3.208563738173739921e+02
1.376999999999999891e-01 -3.233477572230775650e+02
1.406999999999999917e-01 -3.257341677224929413e+02
1.436999999999999944e-01 -3.280050210913773867e+02
1.466999999999999971e-01 -3.301451244600678478e+02
1.496999999999999997e-01 -3.321350107218042353e+02
1.527000000000000024e-01 -3.339510702396946726e+02
1.557000000000000051e-01 -3.355700946494161485e+02
1.585999999999999910e-01 -3.369515297019053151e+02
1.615999999999999936e-01 -3.380750490005592042e+02
1.645999999999999963e-01 -3.389044159742900320e+02
1.675999999999999990e-01 -3.394070557296120114e+02
1.706000000000000016e-01 -3.395510397408422136e+02
1.736000000000000043e-01 -3.393061674208757381e+02
1.766000000000000070e-01 -3.386446892035088467e+02
1.796000000000000096e-01 -3.375420262515007721e+02
1.826000000000000123e-01 -3.359780438911597003e+02
1.855999999999999872e-01 -3.339370397298861803e+02
1.885999999999999899e-01 -3.314088543992110090e+02
1.915999999999999925e-01 -3.283887011202092481e+02
1.945999999999999952e-01 -3.248782549218283293e+02
1.975999999999999979e-01 -3.208852438944991263e+02
2.006000000000000005e-01 -3.164106915292400686e+02
2.034999999999999865e-01 -3.115134601526564211e+02
2.064999999999999891e-01 -3.061805940788784142e+02
2.094999999999999918e-01 -3.004565762907224666e+02
2.124999999999999944e-01 -2.943775667983671838e+02
2.154999999999999971e-01 -2.879841047535422831e+02
2.184999999999999998e-01 -2.813203256218515662e+02
2.215000000000000024e-01 -2.744329965450305622e+02
2.245000000000000051e-01 -2.673707645297214412e+02
2.275000000000000078e-01 -2.601830578701173522e+02
2.305000000000000104e-01 -2.529193575167385006e+02
2.335000000000000131e-01 -2.456278962784927558e+02
2.364999999999999880e-01 -2.383554049422286880e+02
2.394999999999999907e-01 -2.311456158929908042e+02
2.424999999999999933e-01 -2.240385800865990120e+02
2.454999999999999960e-01 -2.170521959426193348e+02
2.484000000000000097e-01 -2.102716662690657188e+02
2.514000000000000123e-01 -2.036685215052518458e+02
2.544000000000000150e-01 -1.972806912012599980e+02
2.574000000000000177e-01 -1.911222925882729271e+02
2.604000000000000203e-01 -1.852011055352775202e+02
2.634000000000000230e-01 -1.795191721384864536e+02
2.664000000000000257e-01 -1.740728339573381902e+02
2.693999999999999728e-01 -1.688527634964303843e+02
2.723999999999999755e-01 -1.638446320320996392e+02
2.753999999999999782e-01 -1.590299402073269732e+02
2.783999999999999808e-01 -1.543862671459298497e+02
2.813999999999999835e-01 -1.498880018609471563e+02
2.843999999999999861e-01 -1.455075814137392740e+02
2.873999999999999888e-01 -1.412158827790178464e+02
2.903999999999999915e-01 -1.369721176835891754e+02
2.933000000000000052e-01 -1.327805390668335122e+02
2.963000000000000078e-01 -1.285795083496185214e+02
2.993000000000000105e-01 -1.243541579403538577e+02
3.023000000000000131e-01 -1.200810417821894163e+02
3.053000000000000158e-01 -1.157401712266600526e+02
3.083000000000000185e-01 -1.113155927833653323e+02
3.113000000000000211e-01 -1.067954370113845357e+02
3.143000000000000238e-01 -1.021730301953465982e+02
3.173000000000000265e-01 -9.744654491187992562e+01
3.202999999999999736e-01 -9.261918134245118495e+01
3.232999999999999763e-01 -8.769926806917277418e+01
3.262999999999999790e-01 -8.270006992331920515e+01
3.292999999999999816e-01 -7.763954401384420123e+01
3.322999999999999843e-01 -7.253980539589599630e+01
3.352999999999999869e-01 -6.741330662680906016e+01
3.382000000000000006e-01 -6.232972838337754951e+01
3.412000000000000033e-01 -5.728023338317954938e+01
3.442000000000000060e-01 -5.231180469815616618e+01
3.472000000000000086e-01 -4.745902691340298674e+01
3.502000000000000113e-01 -4.275678206621180522e+01
3.532000000000000139e-01 -3.823945156594149353e+01
3.562000000000000166e-01 -3.394015665175978569e+01
3.592000000000000193e-01 -2.989004108419162620e+01
3.622000000000000219e-01 -2.611756929111884418e+01
3.652000000000000246e-01 -2.264791536229610358e+01
3.682000000000000273e-01 -1.950241904167314289e+01
3.711999999999999744e-01 -1.669813610062015741e+01
3.741999999999999771e-01 -1.424751518205671630e+01
3.771999999999999797e-01 -1.215810924832222462e+01
3.801999999999999824e-01 -1.042876243509795309e+01
3.830999999999999961e-01 -9.068077326310115538e+00
3.860999999999999988e-01 -8.057574390065086689e+00
3.891000000000000014e-01 -7.388786596519723027e+00
3.921000000000000041e-01 -7.045121059558665522e+00
3.951000000000000068e-01 -7.005935392548884977e+00
3.981000000000000094e-01 -7.247005317565236027e+00
4.011000000000000121e-01 -7.741064583067664095e+00
4.041000000000000147e-01 -8.458405193320508886e+00
4.071000000000000174e-01 -9.367496634521348398e+00
4.101000000000000201e-01 -1.043565572112359163e+01
4.131000000000000227e-01 -1.162971321273975889e+01
4.161000000000000254e-01 -1.291666235420606768e+01
4.190999999999999726e-01 -1.426428949138889024e+01
4.220999999999999752e-01 -1.564179177260448839e+01
4.250999999999999779e-01 -1.702389142264249600e+01
4.279999999999999916e-01 -1.837338507187450531e+01
4.309999999999999942e-01 -1.967745504752182839e+01
4.339999999999999969e-01 -2.091210586613025058e+01
4.369999999999999996e-01 -2.206033214375209894e+01
4.400000000000000022e-01 -2.310876403869792739e+01
4.430000000000000049e-01 -2.404763431521338646e+01
4.460000000000000075e-01 -2.487086660031899044e+01
4.490000000000000102e-01 -2.557588376251954188e+01
4.520000000000000129e-01 -2.616347338161092750e+01
4.550000000000000155e-01 -2.663754914822908049e+01
4.580000000000000182e-01 -2.700475939075275988e+01
4.610000000000000209e-01 -2.727420540130428250e+01
4.640000000000000235e-01 -2.745696250929775672e+01
4.670000000000000262e-01 -2.756577849755088039e+01
4.698999999999999844e-01 -2.761396959417744768e+01
4.728999999999999870e-01 -2.761627227035121024e+01
4.758999999999999897e-01 -2.758704005067076537e+01
4.788999999999999924e-01 -2.754048606900933649e+01
4.818999999999999950e-01 -2.749012125833810671e+01
4.848999999999999977e-01 -2.744839973601658301e+01
4.879000000000000004e-01 -2.742636540972766923e+01
4.909000000000000030e-01 -2.743340566573560579e+01
4.939000000000000057e-01 -2.747704836998276079e+01
4.969000000000000083e-01 -2.756276438731469725e+01
4.999000000000000110e-01 -2.769396828728713444e+01
5.029000000000000137e-01 -2.787189477997140941e+01
5.059000000000000163e-01 -2.809574434492271777e+01
5.089000000000000190e-01 -2.836269859563095963e+01
5.119000000000000217e-01 -2.866903979216299803e+01
5.148000000000000353e-01 -2.900586238440412146e+01
5.178000000000000380e-01 -2.936818774996132220e+01
5.208000000000000407e-01 -2.974641922574391728e+01
5.238000000000000433e-01 -3.013100631556003961e+01
5.268000000000000460e-01 -3.051191757812016547e+01
5.298000000000000487e-01 -3.087890785097233959e+01
5.328000000000000513e-01 -3.122185656224427319e+01
5.358000000000000540e-01 -3.153105781186930656e+01
5.387999999999999456e-01 -3.179746490836054562e+01
5.417999999999999483e-01 -3.201294998790779545e+01
5.447999999999999510e-01 -3.217051625257137459e+01
5.477999999999999536e-01 -3.226443119860461906e+01
5.507999999999999563e-01 -3.229037962413160301e+01
5.537999999999999590e-01 -3.224552886405052732e+01
5.567999999999999616e-01 -3.212806297333854388e+01
5.596999999999999753e-01 -3.193962989504407446e+01
5.626999999999999780e-01 -3.168039267862536335e+01
5.656999999999999806e-01 -3.135383288509613564e+01
5.686999999999999833e-01 -3.096414049806559277e+01
5.716999999999999860e-01 -3.051659705546613921e+01
5.746999999999999886e-01 -3.001738357710196681e+01
5.776999999999999913e-01 -2.947334701800354040e+01
5.806999999999999940e-01 -2.889184889191182748e+01
5.836999999999999966e-01 -2.828052749960073697e+01
5.866999999999999993e-01 -2.764708954139317143e+01
5.897000000000000020e-01 -2.699913434658030553e+01
5.927000000000000046e-01 -2.634398895464758539e+01
5.957000000000000073e-01 -2.568850741056453302e+01
5.987000000000000099e-01 -2.503899654414000153e+01
6.017000000000000126e-01 -2.439939577081200284e+01
6.046000000000000263e-01 -2.377953985943755910e+01
6.076000000000000290e-01 -2.317854040987479891e+01
6.106000000000000316e-01 -2.260129866959387712e+01
6.136000000000000343e-01 -2.205029008750057073e+01
6.166000000000000369e-01 -2.152723418275845901e+01
6.196000000000000396e-01 -2.103317377530503407e+01
6.226000000000000423e-01 -2.056855713952912623e+01
6.256000000000000449e-01 -2.013332599988362759e+01
6.286000000000000476e-01 -1.972704945624040818e+01
6.316000000000000503e-01 -1.934902906511631926e+01
6.346000000000000529e-01 -1.899836844231782251e+01
6.375999999999999446e-01 -1.867416704887716605e+01
6.405999999999999472e-01 -1.837553887492298443e+01
6.435999999999999499e-01 -1.810172182606748947e+01
6.465999999999999526e-01 -1.785155879255646028e+01
6.494999999999999662e-01 -1.762652264268178115e+01
6.524999999999999689e-01 -1.742472684956921469e+01
6.554999999999999716e-01 -1.724694840884246005e+01
6.584999999999999742e-01 -1.709358399669443429e+01
6.614999999999999769e-01 -1.696521514222154181e+01
6.644999999999999796e-01 -1.686252899581073095e+01
6.674999999999999822e-01 -1.678624763759117400e+01
6.704999999999999849e-01 -1.673704377556348533e+01
6.734999999999999876e-01 -1.671540042947038884e+01
6.764999999999999902e-01 -1.672155547744218396e+01
6.794999999999999929e-01 -1.675536034425465459e+01
6.824999999999999956e-01 -1.681618569068379898e+01
6.854999999999999982e-01 -1.690285910615099496e+01
6.885000000000000009e-01 -1.701359734143275304e+01
6.915000000000000036e-01 -1.714632061118375361e+01
6.944000000000000172e-01 -1.729667173557825421e+01
6.974000000000000199e-01 -1.746198546844645705e+01
7.004000000000000226e-01 -1.763736863017039269e+01
7.034000000000000252e-01 -1.781770133817101609e+01
7.064000000000000279e-01 -1.799738816651425566e+01
7.094000000000000306e-01 -1.817042321507199532e+01
7.124000000000000332e-01 -1.833054256836065932e+01
7.154000000000000359e-01 -1.847140660289605663e+01
7.184000000000000385e-01 -1.858678030112911017e+01
7.214000000000000412e-01 -1.867065739196143781e+01
7.244000000000000439e-01 -1.871752151429414823e+01
7.274000000000000465e-01 -1.872250336851160668e+01
7.304000000000000492e-01 -1.868156133448154321e+01
7.334000000000000519e-01 -1.859163408626469050e+01
7.364000000000000545e-01 -1.845029673687091076e+01
7.392999999999999572e-01 -1.825835983235063864e+01
7.422999999999999599e-01 -1.801495452606391368e+01
7.452999999999999625e-01 -1.772254979079852788e+01
7.482999999999999652e-01 -1.738450628635659356e+01
7.512999999999999678e-01 -1.700547713905654490e+01
7.542999999999999705e-01 -1.659134448508817528e+01
7.572999999999999732e-01 -1.614909955064180380e+01
7.602999999999999758e-01 -1.568668165848916374e+01
7.632999999999999785e-01 -1.521274730262849495e+01
7.662999999999999812e-01 -1.473646168944592461e+01
7.692999999999999838e-01 -1.426725612739309490e+01
7.722999999999999865e-01 -1.381453102589034820e+01
7.752999999999999892e-01 -1.338737650455228234e+01
7.782999999999999918e-01 -1.299434909789791703e+01
7.812999999999999945e-01 -1.264231324066252071e+01
7.842000000000000082e-01 -1.234032422988080846e+01
7.872000000000000108e-01 -1.209128484846282170e+01
7.902000000000000135e-01 -1.189983072626261595e+01
7.932000000000000162e-01 -1.176822877644718979e+01
7.962000000000000188e-01 -1.169704229418343999e+01
7.992000000000000215e-01 -1.168515803786414153e+01
8.022000000000000242e-01 -1.172977952220413300e+01
8.052000000000000268e-01 -1.182658009507902896e+01
8.082000000000000295e-01 -1.196986077946053584e+01
8.112000000000000322e-01 -1.215275972896459855e+01
8.142000000000000348e-01 -1.236753614114133981e+01
8.172000000000000375e-01 -1.260595495670113841e+01
8.202000000000000401e-01 -1.285960684744962812e+01
8.232000000000000428e-01 -1.312035814164264025e+01
8.262000000000000455e-01 -1.338145177938499586e+01
8.290999999999999481e-01 -1.363457506692653176e+01
8.320999999999999508e-01 -1.387705155336040264e+01
8.350999999999999535e-01 -1.410552115611841906e+01
8.380999999999999561e-01 -1.431972449338508113e+01
8.410999999999999588e-01 -1.452213238315011345e+01
8.440999999999999615e-01 -1.471829908908003404e+01
8.470999999999999641e-01 -1.491704970580849476e+01
8.500999999999999668e-01 -1.513064978571093455e+01
8.530999999999999694e-01 -1.537484818742079895e+01
8.560999999999999721e-01 -1.566887832389474866e+01
8.590999999999999748e-01 -1.603527469589631949e+01
8.620999999999999774e-01 -1.649972276135169835e+01
8.650999999999999801e-01 -1.709065962251079540e+01
8.680999999999999828e-01 -1.783891573504469008e+01
8.710999999999999854e-01 -1.878019853544216744e+01
8.739999999999999991e-01 -1.993938731828568933e+01
8.770000000000000018e-01 -2.136017465511956104e+01
8.800000000000000044e-01 -2.307405990422715902e+01
8.830000000000000071e-01 -2.511478834761357248e+01
8.860000000000000098e-01 -2.751452756251224940e+01
8.890000000000000124e-01 -3.030310910744926645e+01
8.920000000000000151e-01 -3.350733191411460155e+01
8.950000000000000178e-01 -3.715019919626477929e+01
