0.000000000000000000e+00 -1.508238346017759568e+01
5.700000000000000205e-03 -1.897075046188098213e+01
1.129999999999999928e-02 -2.401033245395352722e+01
1.700000000000000122e-02 -3.031356395212094057e+01
2.270000000000000143e-02 -3.785673985749971138e+01
2.840000000000000163e-02 -4.660739240055944776e+01
3.400000000000000244e-02 -5.642672792534064286e+01
3.969999999999999918e-02 -6.721332777948096293e+01
4.540000000000000285e-02 -7.864984693458382026e+01
5.099999999999999672e-02 -9.044176524701562414e+01
5.670000000000000040e-02 -1.023564595334984659e+02
6.239999999999999714e-02 -1.139599516013861376e+02
6.809999999999999387e-02 -1.249443358467304961e+02
7.370000000000000162e-02 -1.349689643372797150e+02
7.939999999999999836e-02 -1.438391266211553159e+02
8.509999999999999509e-02 -1.512651170502795424e+02
9.070000000000000284e-02 -1.571166928837394892e+02
9.639999999999999958e-02 -1.613745197055779101e+02
1.020999999999999963e-01 -1.640102586071254223e+02
1.078000000000000069e-01 -1.651274349478183581e+02
1.134000000000000008e-01 -1.648790758441998605e+02
1.190999999999999975e-01 -1.634613832675733249e+02
1.247999999999999943e-01 -1.611075236436636828e+02
1.303999999999999881e-01 -1.580647536034612983e+02
1.360999999999999988e-01 -1.545406938986610896e+02
1.418000000000000094e-01 -1.507673312697961023e+02
1.474000000000000032e-01 -1.469168286009208941e+02
1.531000000000000139e-01 -1.430836972574848289e+02
1.587999999999999967e-01 -1.393738583399015170e+02
1.645000000000000073e-01 -1.358069324395052320e+02
1.701000000000000012e-01 -1.323818069091891800e+02
1.758000000000000118e-01 -1.290327722797927947e+02
1.814999999999999947e-01 -1.257306619663419696e+02
1.870999999999999885e-01 -1.224159429618798356e+02
1.927999999999999992e-01 -1.190120679239646790e+02
1.985000000000000098e-01 -1.155127757774953636e+02
2.041999999999999926e-01 -1.119020921659168550e+02
2.097999999999999865e-01 -1.082090611098796558e+02
2.154999999999999971e-01 -1.044492273901802548e+02
2.212000000000000077e-01 -1.007145903453009907e+02
2.268000000000000016e-01 -9.707762136071021075e+01
2.325000000000000122e-01 -9.358174883693244794e+01
2.381999999999999951e-01 -9.031414420466143156e+01
2.439000000000000057e-01 -8.730136016773228391e+01
2.494999999999999996e-01 -8.455543704088795209e+01
2.551999999999999824e-01 -8.202482937497302373e+01
2.609000000000000208e-01 -7.966426109350518914e+01
2.665000000000000147e-01 -7.737436058033881636e+01
2.721999999999999975e-01 -7.501515565239536443e+01
2.778999999999999804e-01 -7.246958323070049346e+01
2.836000000000000187e-01 -6.959764520699586399e+01
2.892000000000000126e-01 -6.628899677172277904e+01
2.948999999999999955e-01 -6.242663811747868152e+01
3.005999999999999783e-01 -5.798589343692890452e+01
3.062000000000000277e-01 -5.296790291428173703e+01
3.119000000000000106e-01 -4.738102617405367312e+01
3.175999999999999934e-01 -4.136359853465098979e+01
3.232999999999999763e-01 -3.504602440518362982e+01
3.289000000000000257e-01 -2.862413702773392998e+01
3.346000000000000085e-01 -2.224973097295809765e+01
3.402999999999999914e-01 -1.618292043268638380e+01
3.458999999999999853e-01 -1.062397934545979794e+01
3.516000000000000236e-01 -5.711255704055123950e+00
3.573000000000000065e-01 -1.634298877117385196e+00
3.629999999999999893e-01 1.517847899434046743e+00
3.685999999999999832e-01 3.685833707762673939e+00
3.743000000000000216e-01 4.882062407040191232e+00
3.800000000000000044e-01 5.135679326191097793e+00
3.855999999999999983e-01 4.541048534029599182e+00
3.912999999999999812e-01 3.213458496052326030e+00
3.970000000000000195e-01 1.302458862096489867e+00
4.027000000000000024e-01 -1.037975226774212834e+00
4.082999999999999963e-01 -3.644232327490340761e+00
4.139999999999999791e-01 -6.388954556291777109e+00
4.197000000000000175e-01 -9.120240190972396022e+00
4.253000000000000114e-01 -1.172893464687724574e+01
4.309999999999999942e-01 -1.415081329082684825e+01
4.366999999999999771e-01 -1.630658896170241690e+01
4.423000000000000265e-01 -1.816274016352346266e+01
4.480000000000000093e-01 -1.971806673103343144e+01
4.536999999999999922e-01 -2.095893849823595545e+01
4.593999999999999750e-01 -2.190170037384664070e+01
4.650000000000000244e-01 -2.256288038764282788e+01
4.707000000000000073e-01 -2.296816021279282438e+01
4.763999999999999901e-01 -2.313335764334295064e+01
4.819999999999999840e-01 -2.307906022781740774e+01
4.877000000000000224e-01 -2.282088954833047723e+01
4.934000000000000052e-01 -2.237380878657586081e+01
4.990999999999999881e-01 -2.175101407845184909e+01
5.047000000000000375e-01 -2.096870080667991942e+01
5.103999999999999648e-01 -2.003692552538309002e+01
5.161000000000000032e-01 -1.898184699409960174e+01
5.217000000000000526e-01 -1.782855664038932275e+01
5.273999999999999799e-01 -1.659645271661365840e+01
5.331000000000000183e-01 -1.532673363136544431e+01
5.387999999999999456e-01 -1.405075241464046876e+01
5.443999999999999950e-01 -1.280648662873400490e+01
5.501000000000000334e-01 -1.161720664910628997e+01
5.557999999999999607e-01 -1.052141443611819582e+01
5.614000000000000101e-01 -9.541146362571025108e+00
5.671000000000000485e-01 -8.684001770747313387e+00
5.727999999999999758e-01 -7.964002945182949489e+00
5.785000000000000142e-01 -7.376411774710857294e+00
5.840999999999999526e-01 -6.911975647818942470e+00
5.897999999999999909e-01 -6.549923145811322733e+00
5.955000000000000293e-01 -6.271429831423982471e+00
6.010999999999999677e-01 -6.050806249691649263e+00
6.068000000000000060e-01 -5.860937380858734613e+00
6.125000000000000444e-01 -5.679950462804815636e+00
6.181999999999999718e-01 -5.487704893204696788e+00
6.238000000000000211e-01 -5.270647289454881701e+00
6.294999999999999485e-01 -5.019316577269160362e+00
6.351999999999999869e-01 -4.734328924351697054e+00
6.408000000000000362e-01 -4.421078292025039325e+00
6.464999999999999636e-01 -4.087522821049331512e+00
6.522000000000000020e-01 -3.750461193006485505e+00
6.579000000000000403e-01 -3.425645018559329014e+00
6.634999999999999787e-01 -3.130941306115602618e+00
6.692000000000000171e-01 -2.880154189881286353e+00
6.749000000000000554e-01 -2.689256835321574002e+00
6.804999999999999938e-01 -2.568235580941988339e+00
6.862000000000000322e-01 -2.522975182749864320e+00
6.918999999999999595e-01 -2.557378139305455989e+00
6.975999999999999979e-01 -2.670876279807594234e+00
7.032000000000000473e-01 -2.859997251471924073e+00
7.088999999999999746e-01 -3.121431789330141982e+00
7.146000000000000130e-01 -3.447550379286432154e+00
7.201999999999999513e-01 -3.831088090534891855e+00
7.258999999999999897e-01 -4.267832634751266951e+00
7.316000000000000281e-01 -4.746816918642557503e+00
7.371999999999999664e-01 -5.258665981493495956e+00
7.429000000000000048e-01 -5.796510649973896534e+00
7.486000000000000432e-01 -6.342854310928137451e+00
7.542999999999999705e-01 -6.882427967992897244e+00
7.599000000000000199e-01 -7.394079416147390837e+00
7.655999999999999472e-01 -7.859305818390263987e+00
7.712999999999999856e-01 -8.250586136974632723e+00
7.769000000000000350e-01 -8.546326407386532154e+00
7.825999999999999623e-01 -8.731397804661401807e+00
7.883000000000000007e-01 -8.795419279960192682e+00
7.940000000000000391e-01 -8.744803636162858496e+00
7.995999999999999774e-01 -8.604249785017218599e+00
8.053000000000000158e-01 -8.419670140043052697e+00
8.110000000000000542e-01 -8.265160922115631692e+00
8.165999999999999925e-01 -8.240246267229528243e+00
8.223000000000000309e-01 -8.470712593058442152e+00
8.279999999999999583e-01 -9.104552038015068405e+00
8.336999999999999966e-01 -1.030530785474274680e+01
8.393000000000000460e-01 -1.223763120391996928e+01
8.449999999999999734e-01 -1.508238346017758147e+01
