0.000000000000000000e+00 -6.554004468605518241e+01
3.200000000000000153e-03 -7.312729260234110029e+01
6.400000000000000307e-03 -8.078643570512615213e+01
9.599999999999999159e-03 -8.844218974226323837e+01
1.269999999999999948e-02 -9.600637994009971976e+01
1.590000000000000094e-02 -1.034502917851832393e+02
1.909999999999999892e-02 -1.106647017129972426e+02
2.230000000000000038e-02 -1.176025057760129187e+02
2.549999999999999836e-02 -1.242092871371832814e+02
2.869999999999999982e-02 -1.304381141418481320e+02
3.180000000000000188e-02 -1.362401487804913245e+02
3.500000000000000333e-02 -1.416182700867234416e+02
3.819999999999999785e-02 -1.465199928461367165e+02
4.139999999999999930e-02 -1.509451685977861075e+02
4.460000000000000075e-02 -1.548916822157148374e+02
4.780000000000000221e-02 -1.583661266845580258e+02
5.090000000000000080e-02 -1.613769995897302465e+02
5.410000000000000225e-02 -1.639622110915284452e+02
5.729999999999999677e-02 -1.661323798683683322e+02
6.049999999999999822e-02 -1.679246385987394774e+02
6.370000000000000662e-02 -1.693746626725787507e+02
6.690000000000000113e-02 -1.705199789668644428e+02
7.000000000000000666e-02 -1.713977225731772194e+02
7.320000000000000118e-02 -1.720514513637554330e+02
7.639999999999999569e-02 -1.725133190449346614e+02
7.960000000000000409e-02 -1.728194707067668503e+02
8.279999999999999860e-02 -1.730013747092025369e+02
8.599999999999999312e-02 -1.730861523469513941e+02
8.920000000000000151e-02 -1.730960553169376794e+02
9.229999999999999316e-02 -1.730484553865890973e+02
9.550000000000000155e-02 -1.729547829616147965e+02
9.869999999999999607e-02 -1.728218472249707531e+02
1.019000000000000045e-01 -1.726504598873023895e+02
1.050999999999999990e-01 -1.724370737522089314e+02
1.082999999999999935e-01 -1.721734412625089874e+02
1.113999999999999990e-01 -1.718481932254040601e+02
1.145999999999999935e-01 -1.714446172837708957e+02
1.178000000000000019e-01 -1.709474253402331669e+02
1.209999999999999964e-01 -1.703376061258576328e+02
1.242000000000000048e-01 -1.695962066498349827e+02
1.274000000000000132e-01 -1.687049683618416225e+02
1.305000000000000049e-01 -1.676487517007183499e+02
1.337000000000000133e-01 -1.664066774680707113e+02
1.368999999999999939e-01 -1.649725439968440242e+02
1.401000000000000023e-01 -1.633354135534877400e+02
1.433000000000000107e-01 -1.614901855904669503e+02
1.464999999999999913e-01 -1.594357401297058630e+02
1.496000000000000107e-01 -1.571793419214251060e+02
1.527999999999999914e-01 -1.547151980502112849e+02
1.559999999999999998e-01 -1.520673309796204649e+02
1.592000000000000082e-01 -1.492460997932454347e+02
1.623999999999999888e-01 -1.462694780258171932e+02
1.655999999999999972e-01 -1.431580284700894765e+02
1.686999999999999889e-01 -1.399403638244484114e+02
1.718999999999999972e-01 -1.366224816261027684e+02
1.751000000000000056e-01 -1.332471478198394834e+02
1.782999999999999863e-01 -1.298330363782089307e+02
1.814999999999999947e-01 -1.264039049871380769e+02
1.847000000000000031e-01 -1.229823890527587338e+02
1.879000000000000115e-01 -1.195889097197889868e+02
1.910000000000000031e-01 -1.162475565963283088e+02
1.942000000000000115e-01 -1.129547043690728430e+02
1.973999999999999921e-01 -1.097409396709714002e+02
2.006000000000000005e-01 -1.066082319311375244e+02
2.038000000000000089e-01 -1.035616245799601671e+02
2.069999999999999896e-01 -1.006025532611021305e+02
2.101000000000000090e-01 -9.773454456889474784e+01
2.132999999999999896e-01 -9.493697030365967748e+01
2.164999999999999980e-01 -9.221862771878706155e+01
2.197000000000000064e-01 -8.956481506234209178e+01
2.228999999999999870e-01 -8.696460470949361365e+01
2.260999999999999954e-01 -8.440607050746135087e+01
2.291999999999999871e-01 -8.188154986778503996e+01
2.323999999999999955e-01 -7.936461090404452534e+01
2.356000000000000039e-01 -7.685786376866906267e+01
2.388000000000000123e-01 -7.434617383224974674e+01
2.419999999999999929e-01 -7.182076569460640769e+01
2.452000000000000013e-01 -6.927484260600355981e+01
2.482999999999999929e-01 -6.670872209909380501e+01
2.515000000000000013e-01 -6.410587603524217570e+01
2.546999999999999820e-01 -6.148118597466169177e+01
2.579000000000000181e-01 -5.883282104787788569e+01
2.610999999999999988e-01 -5.616612276521264846e+01
2.642999999999999794e-01 -5.348862942763117445e+01
2.675000000000000155e-01 -5.080978654214040802e+01
2.706000000000000072e-01 -4.814553900314874113e+01
2.737999999999999878e-01 -4.549301503620235820e+01
2.770000000000000240e-01 -4.287994622229488328e+01
2.802000000000000046e-01 -4.031434181851783194e+01
2.833999999999999853e-01 -3.780893568331613608e+01
2.866000000000000214e-01 -3.537575804970141036e+01
2.897000000000000131e-01 -3.303014700595930009e+01
2.928999999999999937e-01 -3.076841294400355054e+01
2.960999999999999743e-01 -2.861141654943901713e+01
2.993000000000000105e-01 -2.656048042638499140e+01
3.024999999999999911e-01 -2.461921329165544492e+01
3.057000000000000273e-01 -2.278901829260518852e+01
3.088000000000000189e-01 -2.107232928178439124e+01
3.119999999999999996e-01 -1.945673986833127955e+01
3.151999999999999802e-01 -1.794719870097857140e+01
3.184000000000000163e-01 -1.653425482758136056e+01
3.215999999999999970e-01 -1.521034167664597980e+01
3.247999999999999776e-01 -1.396700424417930009e+01
3.279000000000000248e-01 -1.279740999672404733e+01
3.311000000000000054e-01 -1.168587141080020153e+01
3.342999999999999861e-01 -1.063004975578208544e+01
3.375000000000000222e-01 -9.619520381459704339e+00
3.407000000000000028e-01 -8.647027007435704959e+00
3.438999999999999835e-01 -7.706587842464570848e+00
3.471000000000000196e-01 -6.793744785899051841e+00
3.502000000000000113e-01 -5.907375919661229879e+00
3.533999999999999919e-01 -5.041516868637073046e+00
3.565999999999999726e-01 -4.201935492649030657e+00
3.598000000000000087e-01 -3.389502869261134865e+00
3.629999999999999893e-01 -2.608334522581313930e+00
3.662000000000000255e-01 -1.863929968807207072e+00
3.693000000000000171e-01 -1.164201358197072267e+00
3.724999999999999978e-01 -5.126242493947081869e-01
3.756999999999999784e-01 7.906210314993622479e-02
3.789000000000000146e-01 6.042972130365309447e-01
3.820999999999999952e-01 1.055561703061670409e+00
3.852999999999999758e-01 1.426063181557742032e+00
3.884000000000000230e-01 1.709579755424753600e+00
3.916000000000000036e-01 1.903383996235245235e+00
3.947999999999999843e-01 2.003307002750945642e+00
3.980000000000000204e-01 2.009156000678180565e+00
4.012000000000000011e-01 1.922259169843015147e+00
4.043999999999999817e-01 1.746042793431488160e+00
4.074999999999999734e-01 1.486514992125569812e+00
4.107000000000000095e-01 1.149694863804390454e+00
4.138999999999999901e-01 7.463980500811184804e-01
4.171000000000000263e-01 2.870408596861624417e-01
4.203000000000000069e-01 -2.161858185747737027e-01
4.234999999999999876e-01 -7.501616456173937353e-01
4.265999999999999792e-01 -1.300199679262534769e+00
4.298000000000000154e-01 -1.855617408243789068e+00
4.329999999999999960e-01 -2.399842251014637995e+00
4.361999999999999766e-01 -2.921143941075719841e+00
4.394000000000000128e-01 -3.407870840564008574e+00
4.425999999999999934e-01 -3.849832151001883584e+00
4.457999999999999741e-01 -4.238603520273160008e+00
4.489000000000000212e-01 -4.567165798098906215e+00
4.521000000000000019e-01 -4.833112273122542213e+00
4.552999999999999825e-01 -5.032658870880577950e+00
4.585000000000000187e-01 -5.166745587819156604e+00
4.616999999999999993e-01 -5.237923102785054574e+00
4.648999999999999799e-01 -5.250814842477930178e+00
4.680000000000000271e-01 -5.211978328254311066e+00
4.712000000000000077e-01 -5.129225831816698999e+00
4.743999999999999884e-01 -5.012067244865866300e+00
4.776000000000000245e-01 -4.870554959938205641e+00
4.808000000000000052e-01 -4.715258934921488176e+00
4.839999999999999858e-01 -4.556775053950111065e+00
4.870999999999999774e-01 -4.405590596527798830e+00
4.903000000000000136e-01 -4.270275833981317604e+00
4.934999999999999942e-01 -4.159950912264993583e+00
4.966999999999999749e-01 -4.081142508330552587e+00
4.999000000000000110e-01 -4.038948556258947775e+00
5.030999999999999917e-01 -4.036563939430437564e+00
5.061999999999999833e-01 -4.075097792194205759e+00
5.093999999999999639e-01 -4.153930866463969807e+00
5.125999999999999446e-01 -4.269992589848238040e+00
5.158000000000000362e-01 -4.418663564473561678e+00
5.190000000000000169e-01 -4.593589205662451214e+00
5.221999999999999975e-01 -4.787031707553262905e+00
5.253999999999999782e-01 -4.990186783720976571e+00
5.284999999999999698e-01 -5.193174464127137568e+00
5.316999999999999504e-01 -5.387332020193982274e+00
5.349000000000000421e-01 -5.561820044217758330e+00
5.381000000000000227e-01 -5.707825848560199589e+00
5.413000000000000034e-01 -5.817055077111998429e+00
5.444999999999999840e-01 -5.882461271082052079e+00
5.475999999999999757e-01 -5.898524841451658673e+00
5.507999999999999563e-01 -5.861630427887718042e+00
5.540000000000000480e-01 -5.769989956417226118e+00
5.572000000000000286e-01 -5.623995213740063726e+00
5.604000000000000092e-01 -5.426116309243868230e+00
5.635999999999999899e-01 -5.180865175881113061e+00
5.666999999999999815e-01 -4.895192529265498749e+00
5.698999999999999622e-01 -4.575583300606257176e+00
5.731000000000000538e-01 -4.233156284324464558e+00
5.763000000000000345e-01 -3.877948978910390920e+00
5.795000000000000151e-01 -3.521219264581270547e+00
5.826999999999999957e-01 -3.174498658136966522e+00
5.857999999999999874e-01 -2.849775768466554116e+00
5.889999999999999680e-01 -2.556040653639425564e+00
5.921999999999999487e-01 -2.304939063932674781e+00
5.954000000000000403e-01 -2.104347664902876947e+00
5.986000000000000210e-01 -1.961076420915768947e+00
6.018000000000000016e-01 -1.880001242999626898e+00
6.048999999999999932e-01 -1.863903489965448301e+00
6.080999999999999739e-01 -1.913234929583413013e+00
6.112999999999999545e-01 -2.026328607551430405e+00
6.145000000000000462e-01 -2.199219072017697840e+00
6.177000000000000268e-01 -2.425905085223349467e+00
6.209000000000000075e-01 -2.698538895924598169e+00
6.240999999999999881e-01 -3.007722315104693678e+00
6.271999999999999797e-01 -3.342222960652685426e+00
6.303999999999999604e-01 -3.692514523121420478e+00
6.336000000000000520e-01 -4.044919297417883364e+00
6.368000000000000327e-01 -4.388337275868027021e+00
6.400000000000000133e-01 -4.711544696154760459e+00
6.431999999999999940e-01 -5.004246348319155935e+00
6.462999999999999856e-01 -5.256989137226400821e+00
6.494999999999999662e-01 -5.463859116175389552e+00
6.526999999999999469e-01 -5.618051457196425957e+00
6.559000000000000385e-01 -5.716769765143999926e+00
6.591000000000000192e-01 -5.758992691216866078e+00
6.622999999999999998e-01 -5.745978090696962859e+00
6.653999999999999915e-01 -5.681322694669079354e+00
6.685999999999999721e-01 -5.570187105573249475e+00
6.717999999999999527e-01 -5.420326767904890986e+00
6.750000000000000444e-01 -5.240518556426761343e+00
6.782000000000000250e-01 -5.040832138082228298e+00
6.814000000000000057e-01 -4.832072380582898674e+00
6.844999999999999973e-01 -4.625730396034702707e+00
6.876999999999999780e-01 -4.431570277380306955e+00
6.908999999999999586e-01 -4.261038391146326987e+00
6.941000000000000503e-01 -4.122950172913695255e+00
6.973000000000000309e-01 -4.025024811547243786e+00
7.005000000000000115e-01 -3.973144888257599927e+00
7.036999999999999922e-01 -3.971080684044338671e+00
7.067999999999999838e-01 -4.020202655458208874e+00
7.099999999999999645e-01 -4.119858567994541865e+00
7.131999999999999451e-01 -4.266401355719074751e+00
7.164000000000000368e-01 -4.454253675082020969e+00
7.196000000000000174e-01 -4.675613111889347806e+00
7.227999999999999980e-01 -4.920841045905262945e+00
7.258999999999999897e-01 -5.178339342559555192e+00
7.290999999999999703e-01 -5.437410620567425745e+00
7.322999999999999510e-01 -5.683911550801715507e+00
7.355000000000000426e-01 -5.905620459334230965e+00
7.387000000000000233e-01 -6.090359961729460814e+00
7.419000000000000039e-01 -6.227020389839598380e+00
7.449999999999999956e-01 -6.305932915860802623e+00
7.481999999999999762e-01 -6.320038881351177196e+00
7.513999999999999568e-01 -6.263868451233313372e+00
7.546000000000000485e-01 -6.135275244182225585e+00
7.578000000000000291e-01 -5.934933025981869115e+00
7.610000000000000098e-01 -5.666586537404945112e+00
7.641000000000000014e-01 -5.337644195530912405e+00
7.672999999999999821e-01 -4.955939165127539958e+00
7.704999999999999627e-01 -4.535685507510398118e+00
7.737000000000000544e-01 -4.090878456950701292e+00
7.769000000000000350e-01 -3.637931588257073301e+00
7.801000000000000156e-01 -3.194480077262455975e+00
7.832999999999999963e-01 -2.778746060926545525e+00
7.863999999999999879e-01 -2.409528430110374764e+00
7.895999999999999686e-01 -2.102060520065172078e+00
7.927999999999999492e-01 -1.874156351573057044e+00
7.960000000000000409e-01 -1.738662767687931821e+00
7.992000000000000215e-01 -1.706253541800198059e+00
8.024000000000000021e-01 -1.784194904810956883e+00
8.054999999999999938e-01 -1.975518641614822046e+00
8.086999999999999744e-01 -2.280555849005526881e+00
8.118999999999999551e-01 -2.693042667416484015e+00
8.151000000000000467e-01 -3.203795748668066157e+00
8.183000000000000274e-01 -3.798991002356226332e+00
8.215000000000000080e-01 -4.460830610639955118e+00
8.245999999999999996e-01 -5.166671548241322576e+00
8.277999999999999803e-01 -5.896261583545498119e+00
8.309999999999999609e-01 -6.619228438371676404e+00
8.342000000000000526e-01 -7.309192608464415208e+00
8.374000000000000332e-01 -7.938102836403071016e+00
8.406000000000000139e-01 -8.478576947108845019e+00
8.437000000000000055e-01 -8.904175045661261834e+00
8.468999999999999861e-01 -9.194365057521212137e+00
8.500999999999999668e-01 -9.327710370926505234e+00
8.532999999999999474e-01 -9.290658161574770091e+00
8.565000000000000391e-01 -9.074464572605290158e+00
8.597000000000000197e-01 -8.676690020398558190e+00
8.628000000000000114e-01 -8.102854461415592624e+00
8.659999999999999920e-01 -7.361326557624280120e+00
8.691999999999999726e-01 -6.474429221192638195e+00
8.723999999999999533e-01 -5.467447111907777213e+00
8.756000000000000449e-01 -4.373827629727394140e+00
8.788000000000000256e-01 -3.233590720337477631e+00
8.820000000000000062e-01 -2.092621983107601835e+00
8.850999999999999979e-01 -1.003796224275258719e+00
8.882999999999999785e-01 -1.573393586333515781e-02
8.914999999999999591e-01 8.081080433513836425e-01
8.947000000000000508e-01 1.411118489017767708e+00
8.979000000000000314e-01 1.734808555196481361e+00
9.011000000000000121e-01 1.722323597470576839e+00
9.042000000000000037e-01 1.320730009292260032e+00
9.073999999999999844e-01 4.784818664506110819e-01
9.105999999999999650e-01 -8.452637022285469648e-01
9.137999999999999456e-01 -2.687345472820807490e+00
9.170000000000000373e-01 -5.075540967621980926e+00
9.202000000000000179e-01 -8.028460269120351711e+00
9.233000000000000096e-01 -1.154820817272671007e+01
9.264999999999999902e-01 -1.565321185110442492e+01
9.296999999999999709e-01 -2.031151555451361901e+01
9.328999999999999515e-01 -2.550736052339473758e+01
9.361000000000000432e-01 -3.120825367758695990e+01
9.393000000000000238e-01 -3.737225228060904669e+01
9.424000000000000155e-01 -4.393636526996091618e+01
9.455999999999999961e-01 -5.087939865503664549e+01
9.487999999999999767e-01 -5.809972486880498366e+01
9.519999999999999574e-01 -6.554004468605518241e+01
