0.000000000000000000e+00 -1.958190663712519708e+01
3.899999999999999821e-03 -2.309001739978975820e+01
7.799999999999999642e-03 -2.701610481207114489e+01
1.170000000000000033e-02 -3.141149007448926866e+01
1.559999999999999928e-02 -3.632577266276022243e+01
1.940000000000000058e-02 -4.179991077095027663e+01
2.330000000000000127e-02 -4.787263720306761172e+01
2.719999999999999848e-02 -5.456929134292715844e+01
3.109999999999999917e-02 -6.190398065170218445e+01
3.500000000000000333e-02 -6.987696563799322291e+01
3.889999999999999708e-02 -7.847303592881361567e+01
4.279999999999999777e-02 -8.766071320633930952e+01
4.669999999999999846e-02 -9.739341480331339085e+01
5.050000000000000322e-02 -1.076015006105102287e+02
5.439999999999999697e-02 -1.182093535951542975e+02
5.829999999999999766e-02 -1.291206614857445629e+02
6.219999999999999835e-02 -1.402284692389030170e+02
6.610000000000000597e-02 -1.514161749853965091e+02
7.000000000000000666e-02 -1.625603453985156932e+02
7.389999999999999347e-02 -1.735342407226454213e+02
7.779999999999999416e-02 -1.842128306577354238e+02
8.160000000000000586e-02 -1.944678061139495355e+02
8.550000000000000655e-02 -2.041884054599603076e+02
8.939999999999999336e-02 -2.132672126721317625e+02
9.329999999999999405e-02 -2.216118276591195126e+02
9.719999999999999474e-02 -2.291460463189854124e+02
1.010999999999999954e-01 -2.358110088159327802e+02
1.049999999999999961e-01 -2.415670365481322506e+02
1.088999999999999968e-01 -2.463949470983038168e+02
1.126999999999999946e-01 -2.502926688187728246e+02
1.165999999999999953e-01 -2.532806081934231486e+02
1.204999999999999960e-01 -2.553944012441066320e+02
1.243999999999999967e-01 -2.566856327074878550e+02
1.282999999999999974e-01 -2.572189232661251026e+02
1.322000000000000119e-01 -2.570694570744258272e+02
1.360999999999999988e-01 -2.563191388600043865e+02
1.400000000000000133e-01 -2.550537888652440870e+02
1.438000000000000111e-01 -2.533606547401658418e+02
1.476999999999999980e-01 -2.513231837987538881e+02
1.516000000000000125e-01 -2.490205105446618177e+02
1.554999999999999993e-01 -2.465237266349640208e+02
1.593999999999999861e-01 -2.438946903017436796e+02
1.633000000000000007e-01 -2.411841610503910545e+02
1.671999999999999875e-01 -2.384307081967221507e+02
1.711000000000000021e-01 -2.356607201213237772e+02
1.748999999999999999e-01 -2.328902463041893327e+02
1.787999999999999867e-01 -2.301220220139616686e+02
1.827000000000000013e-01 -2.273508845412432322e+02
1.865999999999999881e-01 -2.245631825093500424e+02
1.905000000000000027e-01 -2.217393249969617557e+02
1.943999999999999895e-01 -2.188561421494356409e+02
1.983000000000000040e-01 -2.158883798278761788e+02
2.021999999999999909e-01 -2.128113977601744864e+02
2.059999999999999887e-01 -2.096047926631839289e+02
2.099000000000000032e-01 -2.062490463399795715e+02
2.137999999999999901e-01 -2.027324806339817655e+02
2.177000000000000046e-01 -1.990491831781262988e+02
2.215999999999999914e-01 -1.952002172409256673e+02
2.255000000000000060e-01 -1.911932382700491928e+02
2.293999999999999928e-01 -1.870426785587999348e+02
2.333000000000000074e-01 -1.827678716198188056e+02
2.371000000000000052e-01 -1.783951464329987857e+02
2.409999999999999920e-01 -1.739496683915272115e+02
2.449000000000000066e-01 -1.694609808593382354e+02
2.487999999999999934e-01 -1.649571431772971266e+02
2.526999999999999802e-01 -1.604641341877859873e+02
2.565999999999999948e-01 -1.560044573734237190e+02
2.605000000000000093e-01 -1.515951256590517744e+02
2.644000000000000239e-01 -1.472462271810890684e+02
2.681999999999999940e-01 -1.429637037969181961e+02
2.721000000000000085e-01 -1.387421151473396321e+02
2.760000000000000231e-01 -1.345712159195533104e+02
2.798999999999999821e-01 -1.304333629404706869e+02
2.837999999999999967e-01 -1.263051626842710249e+02
2.877000000000000113e-01 -1.221585630603663333e+02
2.916000000000000258e-01 -1.179625599226538526e+02
2.954999999999999849e-01 -1.136839608752680277e+02
2.993000000000000105e-01 -1.092933082546316257e+02
3.032000000000000250e-01 -1.047594795344367355e+02
3.070999999999999841e-01 -1.000586349043126972e+02
3.109999999999999987e-01 -9.517250300312893785e+01
3.149000000000000132e-01 -9.009029138980157825e+01
3.187999999999999723e-01 -8.481014042145322662e+01
3.226999999999999869e-01 -7.933958052636802449e+01
3.266000000000000014e-01 -7.369493787657191319e+01
3.304000000000000270e-01 -6.790590922958300268e+01
3.342999999999999861e-01 -6.200549862836729176e+01
3.382000000000000006e-01 -5.603835238799046436e+01
3.421000000000000152e-01 -5.005464359635843863e+01
3.459999999999999742e-01 -4.410929427487550214e+01
3.498999999999999888e-01 -3.825999946811080576e+01
3.538000000000000034e-01 -3.256510362259486158e+01
3.577000000000000179e-01 -2.708069849897002968e+01
3.614999999999999880e-01 -2.186264713881931954e+01
3.654000000000000026e-01 -1.695633977593833919e+01
3.693000000000000171e-01 -1.240338445642430898e+01
3.731999999999999762e-01 -8.236138407700405395e+00
3.770999999999999908e-01 -4.477499924571683110e+00
3.810000000000000053e-01 -1.140430605346399062e+00
3.849000000000000199e-01 1.772155874396027286e+00
3.887999999999999790e-01 4.267388138311310364e+00
3.926000000000000045e-01 6.360001410927717203e+00
3.965000000000000191e-01 8.074575505378732032e+00
4.003999999999999782e-01 9.440746664777051933e+00
4.042999999999999927e-01 1.049324297971066500e+01
4.082000000000000073e-01 1.126974237238024124e+01
4.121000000000000218e-01 1.180904490818981323e+01
4.159999999999999809e-01 1.214929629062607752e+01
4.198999999999999955e-01 1.232630107826489940e+01
4.237000000000000210e-01 1.237207779669637731e+01
4.275999999999999801e-01 1.231376098116806972e+01
4.314999999999999947e-01 1.217274734958030891e+01
4.354000000000000092e-01 1.196425063126671695e+01
4.393000000000000238e-01 1.169722290165540812e+01
4.431999999999999829e-01 1.137473975531622905e+01
4.470999999999999974e-01 1.099457917748267199e+01
4.510000000000000120e-01 1.055018493602616658e+01
4.547999999999999821e-01 1.003222835654088918e+01
4.586999999999999966e-01 9.429205150794611967e+00
4.626000000000000112e-01 8.729680028170566430e+00
4.665000000000000258e-01 7.923370727052622797e+00
4.703999999999999848e-01 7.002578439562364032e+00
4.742999999999999994e-01 5.963406229167212302e+00
4.782000000000000139e-01 4.806718222232606585e+00
4.820999999999999730e-01 3.538582970906266389e+00
4.858999999999999986e-01 2.171720700497260292e+00
4.898000000000000131e-01 7.232710269288703531e-01
4.937000000000000277e-01 -7.833880313394008255e-01
4.975999999999999868e-01 -2.320472436904356783e+00
5.014999999999999458e-01 -3.856599021554760309e+00
5.053999999999999604e-01 -5.358074592112657797e+00
5.092999999999999750e-01 -6.790365584162969093e+00
5.131999999999999895e-01 -8.119866471063486912e+00
5.170000000000000151e-01 -9.314537042704357006e+00
5.209000000000000297e-01 -1.034736103343170655e+01
5.248000000000000442e-01 -1.119578639852399604e+01
5.286999999999999478e-01 -1.184387843884359448e+01
5.325999999999999623e-01 -1.228295690107915483e+01
5.364999999999999769e-01 -1.251215719786803149e+01
5.403999999999999915e-01 -1.253853730608662431e+01
5.443000000000000060e-01 -1.237678802094767150e+01
5.481000000000000316e-01 -1.204890536043024518e+01
5.520000000000000462e-01 -1.158265890142492793e+01
5.558999999999999497e-01 -1.101082221159908592e+01
5.597999999999999643e-01 -1.036937593193476559e+01
5.636999999999999789e-01 -9.695867443382384820e+00
5.675999999999999934e-01 -9.027568386178518978e+00
5.715000000000000080e-01 -8.399716751490224453e+00
5.754000000000000226e-01 -7.843701663925419787e+00
5.792000000000000481e-01 -7.385937205739073086e+00
5.830999999999999517e-01 -7.045826405623226485e+00
5.869999999999999662e-01 -6.835568624405658156e+00
5.908999999999999808e-01 -6.759208433274063843e+00
5.947999999999999954e-01 -6.812537918602164844e+00
5.987000000000000099e-01 -6.983346924180638737e+00
6.026000000000000245e-01 -7.252040721121529643e+00
6.065000000000000391e-01 -7.592754935347461043e+00
6.102999999999999536e-01 -7.974359624443057015e+00
6.141999999999999682e-01 -8.362687730606388925e+00
6.180999999999999828e-01 -8.721680252856733873e+00
6.219999999999999973e-01 -9.015572777013492356e+00
6.259000000000000119e-01 -9.210671733473464684e+00
6.298000000000000265e-01 -9.277128205834742403e+00
6.337000000000000410e-01 -9.190516207983556285e+00
6.375999999999999446e-01 -8.933058515160096746e+00
6.413999999999999702e-01 -8.494962619306894780e+00
6.452999999999999847e-01 -7.874311590690300733e+00
6.491999999999999993e-01 -7.077959078087700640e+00
6.531000000000000139e-01 -6.120930551276945408e+00
6.570000000000000284e-01 -5.025851303208984433e+00
6.609000000000000430e-01 -3.821933262763526962e+00
6.647999999999999465e-01 -2.543604626193915141e+00
6.686999999999999611e-01 -1.228704689441721509e+00
6.724999999999999867e-01 8.227026007536542007e-02
6.764000000000000012e-01 1.350145619043993106e+00
6.803000000000000158e-01 2.536851273356901526e+00
6.842000000000000304e-01 3.608259823952115752e+00
6.881000000000000449e-01 4.535588009782923535e+00
6.919999999999999485e-01 5.296726923808526166e+00
6.958999999999999631e-01 5.877279501939774775e+00
6.997999999999999776e-01 6.271221126501171028e+00
7.036000000000000032e-01 6.480980452928869262e+00
7.075000000000000178e-01 6.517592052142498815e+00
7.114000000000000323e-01 6.399784051545873709e+00
7.153000000000000469e-01 6.153189750551677939e+00
7.191999999999999504e-01 5.809047003098420703e+00
7.230999999999999650e-01 5.402651276768791533e+00
7.269999999999999796e-01 4.971654901306273189e+00
7.308999999999999941e-01 4.554185085529443455e+00
7.347000000000000197e-01 4.187331804190209894e+00
7.386000000000000343e-01 3.904833912130245555e+00
7.425000000000000488e-01 3.736088571726918772e+00
7.463999999999999524e-01 3.704549589937128573e+00
7.502999999999999670e-01 3.826760716929380468e+00
7.541999999999999815e-01 4.111693882205105233e+00
7.580999999999999961e-01 4.560453601789351552e+00
7.620000000000000107e-01 5.166495542052825130e+00
7.658000000000000362e-01 5.915490037904525877e+00
7.697000000000000508e-01 6.787338074383215236e+00
7.735999999999999543e-01 7.756069604261329076e+00
7.774999999999999689e-01 8.791797035785901215e+00
7.813999999999999835e-01 9.862090473172598237e+00
7.852999999999999980e-01 1.093356477770193358e+01
7.892000000000000126e-01 1.197347598119565149e+01
7.931000000000000272e-01 1.295136439564200259e+01
7.969000000000000528e-01 1.383970027925816382e+01
8.007999999999999563e-01 1.461642211765748200e+01
8.046999999999999709e-01 1.526440070745769262e+01
8.085999999999999854e-01 1.577266730099630720e+01
8.125000000000000000e-01 1.613651326471579139e+01
8.164000000000000146e-01 1.635734346622357549e+01
8.203000000000000291e-01 1.644226542307691119e+01
8.242000000000000437e-01 1.640335202615500521e+01
8.279999999999999583e-01 1.625675361173565747e+01
8.318999999999999728e-01 1.602139750179565070e+01
8.357999999999999874e-01 1.571789851671908167e+01
8.397000000000000020e-01 1.536722202954495131e+01
8.436000000000000165e-01 1.498940546056347323e+01
8.475000000000000311e-01 1.460242126707470334e+01
8.514000000000000457e-01 1.422120217142236953e+01
8.552999999999999492e-01 1.385681272142461573e+01
8.590999999999999748e-01 1.351617372596733091e+01
8.629999999999999893e-01 1.320135959532426462e+01
8.669000000000000039e-01 1.291005376436349295e+01
8.708000000000000185e-01 1.263573554806198374e+01
8.747000000000000330e-01 1.236817619186091299e+01
8.786000000000000476e-01 1.209424631155837027e+01
8.824999999999999512e-01 1.179879560202541633e+01
8.863999999999999657e-01 1.146558561232327556e+01
8.901999999999999913e-01 1.107858535690914259e+01
8.941000000000000059e-01 1.062229984075226952e+01
8.980000000000000204e-01 1.008320480519510198e+01
9.019000000000000350e-01 9.450102167778389628e+00
9.058000000000000496e-01 8.714563890788069145e+00
9.096999999999999531e-01 7.871101178917072616e+00
9.135999999999999677e-01 6.917038768571419638e+00
9.174999999999999822e-01 5.851920499824365685e+00
9.213000000000000078e-01 4.677765662923082601e+00
9.252000000000000224e-01 3.396301645612282538e+00
9.291000000000000369e-01 2.009758446814650767e+00
9.330000000000000515e-01 5.187448271573846803e-01
9.368999999999999551e-01 -1.078795668194798107e+00
9.407999999999999696e-01 -2.788765006933242141e+00
9.446999999999999842e-01 -4.621975282721368039e+00
9.485999999999999988e-01 -6.595329427104964282e+00
9.524000000000000243e-01 -8.730699868457401536e+00
9.563000000000000389e-01 -1.105856444462905941e+01
9.602000000000000535e-01 -1.361445155372407712e+01
9.640999999999999570e-01 -1.644005188239122717e+01
9.679999999999999716e-01 -1.958190663712523971e+01
