0.000000000000000000e+00 -1.687669152343853796e+01
3.799999999999999992e-03 -2.133798575751616866e+01
7.599999999999999985e-03 -2.634037492261538915e+01
1.149999999999999981e-02 -3.186781887521480172e+01
1.529999999999999936e-02 -3.789441066393536062e+01
1.909999999999999892e-02 -4.438647848493528159e+01
2.290000000000000022e-02 -5.130179904776064603e+01
2.680000000000000090e-02 -5.859150969614472615e+01
3.059999999999999873e-02 -6.620001324358895545e+01
3.440000000000000002e-02 -7.406836631648262426e+01
3.819999999999999785e-02 -8.213340582296585524e+01
4.209999999999999853e-02 -9.033047661712826937e+01
4.590000000000000330e-02 -9.859322991518014589e+01
4.970000000000000112e-02 -1.068573516818335634e+02
5.349999999999999895e-02 -1.150592962947687141e+02
5.729999999999999677e-02 -1.231387582147657440e+02
6.119999999999999746e-02 -1.310392087899852527e+02
6.500000000000000222e-02 -1.387078388919863698e+02
6.880000000000000004e-02 -1.460982762038009923e+02
7.259999999999999787e-02 -1.531685588447489010e+02
7.649999999999999856e-02 -1.598830644097959919e+02
8.029999999999999638e-02 -1.662109316020199117e+02
8.409999999999999420e-02 -1.721282193868479737e+02
8.790000000000000591e-02 -1.776158225149968644e+02
9.180000000000000659e-02 -1.826600109744120459e+02
9.560000000000000442e-02 -1.872508877448894395e+02
9.940000000000000224e-02 -1.913843048777712568e+02
1.032000000000000001e-01 -1.950588704710394836e+02
1.071000000000000008e-01 -1.982770078652620498e+02
1.108999999999999986e-01 -2.010434492015244530e+02
1.146999999999999964e-01 -2.033658923340107094e+02
1.184999999999999942e-01 -2.052536763048877617e+02
1.223000000000000059e-01 -2.067179870459646907e+02
1.262000000000000066e-01 -2.077711971107749775e+02
1.300000000000000044e-01 -2.084266384595295847e+02
1.338000000000000023e-01 -2.086989834879495618e+02
1.376000000000000001e-01 -2.086031278640226674e+02
1.414999999999999869e-01 -2.081549238753980831e+02
1.453000000000000125e-01 -2.073706538845911780e+02
1.491000000000000103e-01 -2.062668267214396565e+02
1.529000000000000081e-01 -2.048606881802808175e+02
1.567999999999999949e-01 -2.031690713744784773e+02
1.605999999999999928e-01 -2.012098142548359760e+02
1.643999999999999906e-01 -1.989998336506051260e+02
1.681999999999999884e-01 -1.965566014460571296e+02
1.719999999999999862e-01 -1.938967595635413375e+02
1.759000000000000008e-01 -1.910365116894452626e+02
1.796999999999999986e-01 -1.879919095998447744e+02
1.834999999999999964e-01 -1.847770997476749244e+02
1.872999999999999943e-01 -1.814059905521847327e+02
1.912000000000000088e-01 -1.778907612454682976e+02
1.950000000000000067e-01 -1.742426282262380823e+02
1.988000000000000045e-01 -1.704707653973191839e+02
2.026000000000000023e-01 -1.665834139511349292e+02
2.064999999999999891e-01 -1.625870245632152944e+02
2.102999999999999869e-01 -1.584873681281377742e+02
2.141000000000000125e-01 -1.542880598175451041e+02
2.179000000000000103e-01 -1.499925885254778848e+02
2.217999999999999972e-01 -1.456033751320675833e+02
2.255999999999999950e-01 -1.411233049638101420e+02
2.293999999999999928e-01 -1.365543049626369054e+02
2.331999999999999906e-01 -1.318995213974113199e+02
2.369999999999999885e-01 -1.271627113883540687e+02
2.409000000000000030e-01 -1.223486515936795627e+02
2.447000000000000008e-01 -1.174642940198239387e+02
2.484999999999999987e-01 -1.125176724624792257e+02
2.523000000000000242e-01 -1.075191118661110039e+02
2.561999999999999833e-01 -1.024810166632575772e+02
2.600000000000000089e-01 -9.741842572461200689e+01
2.637999999999999790e-01 -9.234747440691477038e+01
2.676000000000000045e-01 -8.728682819524638603e+01
2.715000000000000191e-01 -8.225643869009041964e+01
2.752999999999999892e-01 -7.727807002456377461e+01
2.791000000000000147e-01 -7.237334772656632254e+01
2.828999999999999848e-01 -6.756489585544865406e+01
2.867000000000000104e-01 -6.287488676596053239e+01
2.906000000000000250e-01 -5.832466232173861442e+01
2.943999999999999950e-01 -5.393478196892488796e+01
2.982000000000000206e-01 -4.972324289164964739e+01
3.019999999999999907e-01 -4.570633072292613974e+01
3.059000000000000052e-01 -4.189751801585076407e+01
3.096999999999999753e-01 -3.830783862315747257e+01
3.135000000000000009e-01 -3.494459271852208104e+01
3.173000000000000265e-01 -3.181234056240810304e+01
3.211999999999999855e-01 -2.891240482604304418e+01
3.250000000000000111e-01 -2.624348277915123617e+01
3.287999999999999812e-01 -2.380103088042833548e+01
3.326000000000000068e-01 -2.157842791863952669e+01
3.363999999999999768e-01 -1.956705015708811857e+01
3.402999999999999914e-01 -1.775662659425340095e+01
3.441000000000000170e-01 -1.613610806126490615e+01
3.478999999999999870e-01 -1.469351561544420370e+01
3.517000000000000126e-01 -1.341704019879304610e+01
3.556000000000000272e-01 -1.229512339876784743e+01
3.593999999999999972e-01 -1.131704641437089442e+01
3.632000000000000228e-01 -1.047294895712395579e+01
3.669999999999999929e-01 -9.754316606696987080e+00
3.709000000000000075e-01 -9.153965529547713587e+00
3.746999999999999775e-01 -8.666144711915311660e+00
3.785000000000000031e-01 -8.286304010287956601e+00
3.822999999999999732e-01 -8.011092291317636338e+00
3.861999999999999877e-01 -7.838021263532946037e+00
3.900000000000000133e-01 -7.765204971233446329e+00
3.937999999999999834e-01 -7.790958408747791886e+00
3.976000000000000090e-01 -7.913475987768043396e+00
4.013999999999999790e-01 -8.130425325558739758e+00
4.052999999999999936e-01 -8.438623786785298009e+00
4.091000000000000192e-01 -8.833675718918154729e+00
4.128999999999999893e-01 -9.309830833612096512e+00
4.167000000000000148e-01 -9.859702673967035480e+00
4.205999999999999739e-01 -1.047427283875378023e+01
4.243999999999999995e-01 -1.114280036926407291e+01
4.282000000000000250e-01 -1.185311099992585682e+01
4.319999999999999951e-01 -1.259159670193316494e+01
4.359000000000000097e-01 -1.334367547871433501e+01
4.396999999999999797e-01 -1.409396475908605240e+01
4.435000000000000053e-01 -1.482695426480327505e+01
4.472999999999999754e-01 -1.552722297864193024e+01
4.511000000000000010e-01 -1.618001913552508952e+01
4.550000000000000155e-01 -1.677173134577531499e+01
4.587999999999999856e-01 -1.729018900546422088e+01
4.626000000000000112e-01 -1.772528661406575168e+01
4.663999999999999813e-01 -1.806904563299526956e+01
4.702999999999999958e-01 -1.831596564461878529e+01
4.741000000000000214e-01 -1.846313809931456618e+01
4.778999999999999915e-01 -1.851027739770892566e+01
4.817000000000000171e-01 -1.845965200118779492e+01
4.855999999999999761e-01 -1.831587577776545928e+01
4.894000000000000017e-01 -1.808573326923963975e+01
4.932000000000000273e-01 -1.777774630314607052e+01
4.969999999999999973e-01 -1.740185458655875195e+01
5.009000000000000119e-01 -1.696890989219405554e+01
5.047000000000000375e-01 -1.649031701502827119e+01
5.084999999999999520e-01 -1.597744751562309773e+01
5.122999999999999776e-01 -1.544132499690262250e+01
5.161000000000000032e-01 -1.489215041669113404e+01
5.200000000000000178e-01 -1.433901729419529403e+01
5.238000000000000433e-01 -1.378968859524850110e+01
5.275999999999999579e-01 -1.325030980100228817e+01
5.313999999999999835e-01 -1.272541067250255153e+01
5.352999999999999980e-01 -1.221791568341474843e+01
5.391000000000000236e-01 -1.172923985066195485e+01
5.429000000000000492e-01 -1.125936559957603578e+01
5.466999999999999638e-01 -1.080720665278664150e+01
5.505999999999999783e-01 -1.037077381190575132e+01
5.544000000000000039e-01 -9.947629365042189420e+00
5.582000000000000295e-01 -9.535020894406480707e+00
5.620000000000000551e-01 -9.130372485260991766e+00
5.657999999999999696e-01 -8.731492666971071515e+00
5.696999999999999842e-01 -8.336815718817609522e+00
5.735000000000000098e-01 -7.945669539260372005e+00
5.773000000000000353e-01 -7.558258108436173295e+00
5.810999999999999499e-01 -7.175836206583070975e+00
5.849999999999999645e-01 -6.800607307791102230e+00
5.887999999999999901e-01 -6.435681523490980993e+00
5.926000000000000156e-01 -6.084794903465864380e+00
5.964000000000000412e-01 -5.752181289746968851e+00
6.002999999999999448e-01 -5.442246059004860470e+00
6.040999999999999703e-01 -5.159315538460742090e+00
6.078999999999999959e-01 -4.907236040625436502e+00
6.117000000000000215e-01 -4.689176807275413417e+00
6.156000000000000361e-01 -4.507311485661737116e+00
6.193999999999999506e-01 -4.362634035490065010e+00
6.231999999999999762e-01 -4.254756513609993185e+00
6.270000000000000018e-01 -4.181872136783320926e+00
6.308000000000000274e-01 -4.140725611356280922e+00
6.347000000000000419e-01 -4.126711109761586727e+00
6.384999999999999565e-01 -4.134017331098959858e+00
6.422999999999999821e-01 -4.155877130466775426e+00
6.461000000000000076e-01 -4.184858719350541101e+00
6.500000000000000222e-01 -4.213213332279339696e+00
6.538000000000000478e-01 -4.233256309812650997e+00
6.575999999999999623e-01 -4.237748709498941224e+00
6.613999999999999879e-01 -4.220280686639586776e+00
6.653000000000000025e-01 -4.175611502384703577e+00
6.691000000000000281e-01 -4.099978480890829502e+00
6.729000000000000536e-01 -3.991287573129203015e+00
6.766999999999999682e-01 -3.849292955079860246e+00
6.804999999999999938e-01 -3.675634395366964124e+00
6.844000000000000083e-01 -3.473772612191172726e+00
6.882000000000000339e-01 -3.248893958241840352e+00
6.919999999999999485e-01 -3.007595358322385337e+00
6.957999999999999741e-01 -2.757644578662270529e+00
6.996999999999999886e-01 -2.507542154114148936e+00
7.035000000000000142e-01 -2.266141452922314947e+00
7.073000000000000398e-01 -2.042114886897638648e+00
7.110999999999999543e-01 -1.843568744995096598e+00
7.149999999999999689e-01 -1.677559222478293366e+00
7.187999999999999945e-01 -1.549743095007422466e+00
7.226000000000000201e-01 -1.463995337809495423e+00
7.264000000000000457e-01 -1.422225331498244261e+00
7.301999999999999602e-01 -1.424215585336799039e+00
7.340999999999999748e-01 -1.467602955121261932e+00
7.379000000000000004e-01 -1.547958925888337722e+00
7.417000000000000259e-01 -1.658999651545364884e+00
7.455000000000000515e-01 -1.792879655090479307e+00
7.493999999999999551e-01 -1.940592794412072886e+00
7.531999999999999806e-01 -2.092410464706267792e+00
7.570000000000000062e-01 -2.238441326748655147e+00
7.608000000000000318e-01 -2.369114500577614191e+00
7.647000000000000464e-01 -2.475727199649572885e+00
7.684999999999999609e-01 -2.550923121001221983e+00
7.722999999999999865e-01 -2.589144854548636854e+00
7.761000000000000121e-01 -2.586942660623017254e+00
7.800000000000000266e-01 -2.543231418184614068e+00
7.838000000000000522e-01 -2.459389201033587824e+00
7.875999999999999668e-01 -2.339234134029098744e+00
7.913999999999999924e-01 -2.188873843137493225e+00
7.952000000000000179e-01 -2.016409969273026626e+00
7.991000000000000325e-01 -1.831523033219734975e+00
8.028999999999999471e-01 -1.644990583385648186e+00
8.066999999999999726e-01 -1.468034237306601764e+00
8.104999999999999982e-01 -1.311743784407320979e+00
8.144000000000000128e-01 -1.186378396786643918e+00
8.182000000000000384e-01 -1.100756197092100042e+00
8.219999999999999529e-01 -1.061625207335571863e+00
8.257999999999999785e-01 -1.073197245170248282e+00
8.296999999999999931e-01 -1.136744713373963434e+00
8.335000000000000187e-01 -1.250353585325149508e+00
8.373000000000000442e-01 -1.408858505304698250e+00
8.410999999999999588e-01 -1.603918290874396524e+00
8.448999999999999844e-01 -1.824307354726701247e+00
8.487999999999999989e-01 -2.056368616209991451e+00
8.526000000000000245e-01 -2.284605107583590922e+00
8.564000000000000501e-01 -2.492511179718155390e+00
8.601999999999999647e-01 -2.663390986580516095e+00
8.640999999999999792e-01 -2.781357158139674546e+00
8.679000000000000048e-01 -2.832328815524842280e+00
8.717000000000000304e-01 -2.805067346080899693e+00
8.754999999999999449e-01 -2.692119680342897503e+00
8.793999999999999595e-01 -2.490700184732901334e+00
8.831999999999999851e-01 -2.203476768654345719e+00
8.870000000000000107e-01 -1.839084002008869678e+00
8.908000000000000362e-01 -1.412568441116651696e+00
8.947000000000000508e-01 -9.454981872461876158e-01
8.984999999999999654e-01 -4.659540946499698966e-01
9.022999999999999909e-01 -8.053436784087042444e-03
9.061000000000000165e-01 3.884871769393100638e-01
9.099000000000000421e-01 6.792323421060521005e-01
9.137999999999999456e-01 8.160385893557449144e-01
9.175999999999999712e-01 7.482294655175467657e-01
9.213999999999999968e-01 4.239767871840483537e-01
9.252000000000000224e-01 -2.083168824724064283e-01
9.291000000000000369e-01 -1.198540632263357386e+00
9.328999999999999515e-01 -2.593267135841778703e+00
9.366999999999999771e-01 -4.434631963150309275e+00
9.405000000000000027e-01 -6.758727084503158622e+00
9.444000000000000172e-01 -9.594671886798078475e+00
9.482000000000000428e-01 -1.296318788612847683e+01
9.519999999999999574e-01 -1.687669152343857704e+01
