0.000000000000000000e+00 -6.257350970524629963e-01
2.099999999999999870e-03 -3.496821220379114914e-01
4.199999999999999740e-03 -8.388725831873108940e-02
6.300000000000000044e-03 1.703873625520546387e-01
8.399999999999999481e-03 4.128766943128779343e-01
1.039999999999999952e-02 6.441588339234523009e-01
1.250000000000000069e-02 8.655827147699705071e-01
1.460000000000000013e-02 1.078917302594334826e+00
1.669999999999999957e-02 1.286102427578646568e+00
1.880000000000000074e-02 1.488884583788750104e+00
2.089999999999999844e-02 1.688434909816752372e+00
2.299999999999999961e-02 1.884945192300566452e+00
2.510000000000000078e-02 2.077236031393218774e+00
2.709999999999999909e-02 2.262340150678438633e+00
2.920000000000000026e-02 2.435243889964824326e+00
3.130000000000000143e-02 2.588521829516445827e+00
3.339999999999999913e-02 2.712170589243059204e+00
3.549999999999999684e-02 2.793481763537741802e+00
3.760000000000000148e-02 2.817013020703948989e+00
3.969999999999999918e-02 2.764672187424527028e+00
4.179999999999999688e-02 2.615897349068653899e+00
4.390000000000000152e-02 2.347932829021131873e+00
4.590000000000000330e-02 1.936307780372382048e+00
4.800000000000000100e-02 1.355128223389710618e+00
5.009999999999999870e-02 5.778121268305834723e-01
5.220000000000000334e-02 -4.223930720019115070e-01
5.430000000000000104e-02 -1.671742347161295772e+00
5.639999999999999875e-02 -3.195324093736439774e+00
5.850000000000000339e-02 -5.016402132250989077e+00
6.060000000000000109e-02 -7.155762771135237621e+00
6.270000000000000573e-02 -9.631257138637030479e+00
6.469999999999999363e-02 -1.245664277843403589e+01
6.679999999999999827e-02 -1.564235470213746382e+01
6.890000000000000291e-02 -1.919393749956718054e+01
7.099999999999999367e-02 -2.311237991207742226e+01
7.309999999999999831e-02 -2.739383068278220890e+01
7.520000000000000295e-02 -3.202960057415302231e+01
7.729999999999999372e-02 -3.700618452111891088e+01
7.939999999999999836e-02 -4.230570400419438926e+01
8.140000000000000013e-02 -4.790491651027738840e+01
8.350000000000000477e-02 -5.377806583102474036e+01
8.559999999999999554e-02 -5.989476392197619248e+01
8.770000000000000018e-02 -6.622178842943804966e+01
8.980000000000000482e-02 -7.272324253116748594e+01
9.189999999999999558e-02 -7.936115884662414999e+01
9.400000000000000022e-02 -8.609600146160703105e+01
9.610000000000000486e-02 -9.288719591857568503e+01
9.819999999999999563e-02 -9.969394648775589474e+01
1.001999999999999974e-01 -1.064742206303548926e+02
1.023000000000000020e-01 -1.131882170202177207e+02
1.044000000000000067e-01 -1.197957902626046689e+02
1.064999999999999974e-01 -1.262581327706118088e+02
1.086000000000000021e-01 -1.325380430400444709e+02
1.107000000000000067e-01 -1.386000199213018504e+02
1.127999999999999975e-01 -1.444106651899928409e+02
1.149000000000000021e-01 -1.499388286904002143e+02
1.169000000000000039e-01 -1.551550958706668553e+02
1.189999999999999947e-01 -1.600336747119934273e+02
1.210999999999999993e-01 -1.645506441373167661e+02
1.232000000000000040e-01 -1.686850766815868781e+02
1.252999999999999947e-01 -1.724189259827005571e+02
1.274000000000000132e-01 -1.757371436662360509e+02
1.295000000000000040e-01 -1.786276655663045005e+02
1.315999999999999948e-01 -1.810816485214165255e+02
1.337000000000000133e-01 -1.830935442970122153e+02
1.356999999999999873e-01 -1.846607099789698907e+02
1.378000000000000058e-01 -1.857843091980272732e+02
1.398999999999999966e-01 -1.864683340874965438e+02
1.419999999999999873e-01 -1.867203684005393995e+02
1.441000000000000059e-01 -1.865511245700391783e+02
1.461999999999999966e-01 -1.859740804301070511e+02
1.482999999999999874e-01 -1.850059343001212255e+02
1.504000000000000059e-01 -1.836659456644511010e+02
1.524000000000000077e-01 -1.819757555886097293e+02
1.544999999999999984e-01 -1.799588514483162669e+02
1.565999999999999892e-01 -1.776406357147365611e+02
1.587000000000000077e-01 -1.750477110152289129e+02
1.607999999999999985e-01 -1.722073928328505019e+02
1.628999999999999893e-01 -1.691475446951028516e+02
1.650000000000000078e-01 -1.658954935201565775e+02
1.670999999999999985e-01 -1.624784719556276684e+02
1.691999999999999893e-01 -1.589220144383168360e+02
1.711999999999999911e-01 -1.552510959856300303e+02
1.733000000000000096e-01 -1.514880270852561637e+02
1.754000000000000004e-01 -1.476534871803205817e+02
1.774999999999999911e-01 -1.437656531846147914e+02
1.796000000000000096e-01 -1.398403308966653071e+02
1.817000000000000004e-01 -1.358908239258232129e+02
1.837999999999999912e-01 -1.319277194269687357e+02
1.859000000000000097e-01 -1.279595074977893745e+02
1.880000000000000004e-01 -1.239923418683177090e+02
1.900000000000000022e-01 -1.200308261905876179e+02
1.920999999999999930e-01 -1.160771276410078343e+02
1.942000000000000115e-01 -1.121330334477816848e+02
1.963000000000000023e-01 -1.081989484173343499e+02
1.983999999999999930e-01 -1.042750574871939762e+02
2.005000000000000115e-01 -1.003614747400697524e+02
2.026000000000000023e-01 -9.645840899953454084e+01
2.046999999999999931e-01 -9.256683426080151378e+01
2.066999999999999948e-01 -8.868909137938135245e+01
2.088000000000000134e-01 -8.482767456485460400e+01
2.109000000000000041e-01 -8.098693058793828925e+01
2.129999999999999949e-01 -7.717235850009552678e+01
2.151000000000000134e-01 -7.339065231671420975e+01
2.172000000000000042e-01 -6.964965985872744625e+01
2.192999999999999949e-01 -6.595816174029535262e+01
2.214000000000000135e-01 -6.232563630897268325e+01
2.235000000000000042e-01 -5.876180331690777336e+01
2.255000000000000060e-01 -5.527707548389868464e+01
2.275999999999999968e-01 -5.188067828329236875e+01
2.296999999999999875e-01 -4.858180022471655946e+01
2.318000000000000060e-01 -4.538855720479485711e+01
2.338999999999999968e-01 -4.230781088522142852e+01
2.359999999999999876e-01 -3.934490180010705984e+01
2.381000000000000061e-01 -3.650350435157968576e+01
2.401999999999999968e-01 -3.378536278331236531e+01
2.421999999999999986e-01 -3.119085593584259897e+01
2.442999999999999894e-01 -2.871783787847504499e+01
2.464000000000000079e-01 -2.636294742783925571e+01
2.484999999999999987e-01 -2.412119047175996300e+01
2.505999999999999894e-01 -2.198630916994655848e+01
2.526999999999999802e-01 -1.995109095927227827e+01
2.548000000000000265e-01 -1.800768363384394277e+01
2.569000000000000172e-01 -1.614800125789319551e+01
2.590000000000000080e-01 -1.436395578031151565e+01
2.610000000000000098e-01 -1.264825631656909266e+01
2.631000000000000005e-01 -1.099390435522698439e+01
2.651999999999999913e-01 -9.395281525908270481e+00
2.672999999999999821e-01 -7.847993091248629760e+00
2.693999999999999728e-01 -6.349079411551022289e+00
2.715000000000000191e-01 -4.897126841839100742e+00
2.736000000000000099e-01 -3.492261689622700782e+00
2.757000000000000006e-01 -2.136096135708145827e+00
2.777999999999999914e-01 -8.315292450947762148e-01
2.797999999999999932e-01 4.171773778698913970e-01
2.818999999999999839e-01 1.605203035302851688e+00
2.839999999999999747e-01 2.726916550685020812e+00
2.861000000000000210e-01 3.776473979449185503e+00
2.882000000000000117e-01 4.748094664750685645e+00
2.903000000000000025e-01 5.636388219869705729e+00
2.923999999999999932e-01 6.436661490376199168e+00
2.944999999999999840e-01 7.145209550424472589e+00
2.964999999999999858e-01 7.759410506588209522e+00
2.985999999999999766e-01 8.278151702774810161e+00
3.007000000000000228e-01 8.701650413244331972e+00
3.028000000000000136e-01 9.031628892713488455e+00
3.049000000000000044e-01 9.271235308790314988e+00
3.069999999999999951e-01 9.424944670703467864e+00
3.090999999999999859e-01 9.498378809064849548e+00
3.111999999999999766e-01 9.498103317797163214e+00
3.133000000000000229e-01 9.431353030916730162e+00
3.153000000000000247e-01 9.305789605183768742e+00
3.174000000000000155e-01 9.129143317846653005e+00
3.195000000000000062e-01 8.908989297933866069e+00
3.215999999999999970e-01 8.652449940964078934e+00
3.236999999999999877e-01 8.365960481436918172e+00
3.257999999999999785e-01 8.055086014830099117e+00
3.279000000000000248e-01 7.724363584708099140e+00
3.300000000000000155e-01 7.377227311259731302e+00
3.320000000000000173e-01 7.016049923707446290e+00
3.341000000000000081e-01 6.642039893462972522e+00
3.361999999999999988e-01 6.255493391599875608e+00
3.382999999999999896e-01 5.855873870829384487e+00
3.403999999999999804e-01 5.442022989755928464e+00
3.425000000000000266e-01 5.012394619036341759e+00
3.446000000000000174e-01 4.565295866896539323e+00
3.467000000000000082e-01 4.099157050975183125e+00
3.487999999999999989e-01 3.612747374001064049e+00
3.508000000000000007e-01 3.105514475895225779e+00
3.528999999999999915e-01 2.577560236298862772e+00
3.549999999999999822e-01 2.030014879657444204e+00
3.570999999999999730e-01 1.465019358007067618e+00
3.592000000000000193e-01 8.857966040263492991e-01
3.613000000000000100e-01 2.966294888019228582e-01
3.634000000000000008e-01 -2.972092380037762993e-01
3.654999999999999916e-01 -8.895949789485019243e-01
3.675999999999999823e-01 -1.473749350368575017e+00
3.695999999999999841e-01 -2.042339119195160535e+00
3.716999999999999749e-01 -2.587973388274040776e+00
3.738000000000000211e-01 -3.103221430403324099e+00
3.759000000000000119e-01 -3.581006766475219205e+00
3.780000000000000027e-01 -4.014845125914795254e+00
3.800999999999999934e-01 -4.399081425562730630e+00
3.821999999999999842e-01 -4.729102722161495187e+00
3.842999999999999750e-01 -5.001506537865691548e+00
3.862999999999999767e-01 -5.214175009199449207e+00
3.884000000000000230e-01 -5.366425430762239657e+00
3.905000000000000138e-01 -5.458921623534517487e+00
3.926000000000000045e-01 -5.493677661856462890e+00
3.946999999999999953e-01 -5.473928503923371380e+00
3.967999999999999861e-01 -5.403997929313787196e+00
3.988999999999999768e-01 -5.289095540749267244e+00
4.010000000000000231e-01 -5.135115721859884630e+00
4.031000000000000139e-01 -4.948379286597154092e+00
4.051000000000000156e-01 -4.735450317518285601e+00
4.072000000000000064e-01 -4.502814494496985454e+00
4.092999999999999972e-01 -4.256746805607507511e+00
4.113999999999999879e-01 -4.003081738756496755e+00
4.134999999999999787e-01 -3.747071674504569572e+00
4.156000000000000250e-01 -3.493264942378984994e+00
4.177000000000000157e-01 -3.245447842870780253e+00
4.198000000000000065e-01 -3.006601687087054664e+00
4.218000000000000083e-01 -2.778981892371304774e+00
4.238999999999999990e-01 -2.564070872892106667e+00
4.259999999999999898e-01 -2.362776208006760470e+00
4.280999999999999805e-01 -2.175500584476032007e+00
4.302000000000000268e-01 -2.002290813124541380e+00
4.323000000000000176e-01 -1.842978834120075682e+00
4.344000000000000083e-01 -1.697328696736222220e+00
4.364999999999999991e-01 -1.565160552313284770e+00
4.385999999999999899e-01 -1.446461999092127915e+00
4.405999999999999917e-01 -1.341486156551180198e+00
4.426999999999999824e-01 -1.250756436662847637e+00
4.447999999999999732e-01 -1.175120704885918022e+00
4.469000000000000195e-01 -1.115702153915312689e+00
4.490000000000000102e-01 -1.073842889337290885e+00
4.511000000000000010e-01 -1.051004915551279506e+00
4.531999999999999917e-01 -1.048655107613539306e+00
4.552999999999999825e-01 -1.068120075494542132e+00
4.572999999999999843e-01 -1.110433854230594042e+00
4.593999999999999750e-01 -1.176206520980931591e+00
4.615000000000000213e-01 -1.265466607886732708e+00
4.636000000000000121e-01 -1.377554425997660204e+00
4.657000000000000028e-01 -1.511027244128874125e+00
4.677999999999999936e-01 -1.663611322296678852e+00
4.698999999999999844e-01 -1.832191943394402278e+00
4.719999999999999751e-01 -2.012839467745294542e+00
4.741000000000000214e-01 -2.200905729321807502e+00
4.761000000000000232e-01 -2.391102230626298120e+00
4.782000000000000139e-01 -2.577743853236569294e+00
4.803000000000000047e-01 -2.754859203572996851e+00
4.823999999999999955e-01 -2.916456449693709541e+00
4.844999999999999862e-01 -3.056734972589124411e+00
4.865999999999999770e-01 -3.170327344184807217e+00
4.887000000000000233e-01 -3.252516311503538038e+00
4.908000000000000140e-01 -3.299433768508971632e+00
4.929000000000000048e-01 -3.308226355107973138e+00
4.949000000000000066e-01 -3.277187229849185535e+00
4.969999999999999973e-01 -3.205813387263753977e+00
4.990999999999999881e-01 -3.094842240217657636e+00
5.011999999999999789e-01 -2.946201757464817828e+00
5.032999999999999696e-01 -2.762920777536105543e+00
5.053999999999999604e-01 -2.548980968264605185e+00
5.074999999999999512e-01 -2.309122797749396661e+00
5.096000000000000529e-01 -2.048606384280818205e+00
5.116000000000000547e-01 -1.773016115611206089e+00
5.137000000000000455e-01 -1.487879398095020234e+00
5.158000000000000362e-01 -1.198521924266541916e+00
5.179000000000000270e-01 -9.097660790858153046e-01
5.200000000000000178e-01 -6.257350970524661049e-01
