0.000000000000000000e+00 -3.298333970952008087e+00
3.921568627450980338e-03 -3.634665782171424997e+00
7.843137254901960675e-03 -4.039923596355844637e+00
1.176470588235294101e-02 -4.537071128267177400e+00
1.568627450980392135e-02 -5.151766350933315586e+00
1.960784313725490169e-02 -5.911964662595975639e+00
2.352941176470588203e-02 -6.847431343371252588e+00
2.745098039215686236e-02 -7.989172486221597147e+00
3.137254901960784270e-02 -9.368796173072624356e+00
3.529411764705882304e-02 -1.101781798948566404e+01
3.921568627450980338e-02 -1.296692696010681445e+01
4.313725490196078372e-02 -1.524522958013854179e+01
4.705882352941176405e-02 -1.787949076314316699e+01
5.098039215686274439e-02 -2.089339118176737387e+01
5.490196078431372473e-02 -2.430682061726372822e+01
5.882352941176470507e-02 -2.813522654131470446e+01
6.274509803921568540e-02 -3.238903622915529468e+01
6.666666666666666574e-02 -3.707316926029418624e+01
7.058823529411764608e-02 -4.218665533056618244e+01
7.450980392156862642e-02 -4.772236991901664993e+01
7.843137254901960675e-02 -5.366689758050492998e+01
8.235294117647058709e-02 -6.000052953709059977e+01
8.627450980392156743e-02 -6.669739889577411418e+01
9.019607843137254777e-02 -7.372575331307376700e+01
9.411764705882352811e-02 -8.104836135071690251e+01
9.803921568627450844e-02 -8.862304521795024925e+01
1.019607843137254888e-01 -9.640332917269475388e+01
1.058823529411764691e-01 -1.043391896529068958e+02
1.098039215686274495e-01 -1.123778903241183826e+02
1.137254901960784298e-01 -1.204648827456940268e+02
1.176470588235294101e-01 -1.285447513541654132e+02
1.215686274509803905e-01 -1.365621800027194297e+02
1.254901960784313708e-01 -1.444629164333491076e+02
1.294117647058823373e-01 -1.521947108283842169e+02
1.333333333333333315e-01 -1.597082050099606647e+02
1.372549019607843257e-01 -1.669577499300503121e+02
1.411764705882352922e-01 -1.739021308017440219e+02
1.450980392156862586e-01 -1.805051815275573404e+02
1.490196078431372528e-01 -1.867362729273962998e+02
1.529411764705882470e-01 -1.925706625851922809e+02
1.568627450980392135e-01 -1.979896978314385478e+02
1.607843137254901800e-01 -2.029808673581683252e+02
1.647058823529411742e-01 -2.075377011121218800e+02
1.686274509803921684e-01 -2.116595223124935217e+02
1.725490196078431349e-01 -2.153510595694382914e+02
1.764705882352941013e-01 -2.186219310159991949e+02
1.803921568627450955e-01 -2.214860159904751526e+02
1.843137254901960898e-01 -2.239607330070762714e+02
1.882352941176470562e-01 -2.260662454296555950e+02
1.921568627450980227e-01 -2.278246183304318322e+02
1.960784313725490169e-01 -2.292589514044439341e+02
2.000000000000000111e-01 -2.303925134724367751e+02
2.039215686274509776e-01 -2.312479040132620582e+02
2.078431372549019440e-01 -2.318462663180436039e+02
2.117647058823529382e-01 -2.322065752722473349e+02
2.156862745098039325e-01 -2.323450204916518658e+02
2.196078431372548989e-01 -2.322745026295302182e+02
2.235294117647058654e-01 -2.320042572210588787e+02
2.274509803921568596e-01 -2.315396165409026423e+02
2.313725490196078538e-01 -2.308819157396622188e+02
2.352941176470588203e-01 -2.300285451240014538e+02
2.392156862745097867e-01 -2.289731459902766915e+02
2.431372549019607809e-01 -2.277059430512867380e+02
2.470588235294117752e-01 -2.262142023471699588e+02
2.509803921568627416e-01 -2.244827997346559698e+02
2.549019607843137081e-01 -2.224948817229918347e+02
2.588235294117646745e-01 -2.202325976740366968e+02
2.627450980392156965e-01 -2.176778802938372621e+02
2.666666666666666630e-01 -2.148132499775644249e+02
2.705882352941176294e-01 -2.116226179694633913e+02
2.745098039215686514e-01 -2.080920634798611673e+02
2.784313725490196179e-01 -2.042105608521473243e+02
2.823529411764705843e-01 -1.999706345586833436e+02
2.862745098039215508e-01 -1.953689221665589741e+02
2.901960784313725172e-01 -1.904066283709077823e+02
2.941176470588235392e-01 -1.850898566450425733e+02
2.980392156862745057e-01 -1.794298088873996448e+02
3.019607843137254721e-01 -1.734428475281736439e+02
3.058823529411764941e-01 -1.671504187595440101e+02
3.098039215686274606e-01 -1.605788397361252464e+02
3.137254901960784270e-01 -1.537589566226311604e+02
3.176470588235293935e-01 -1.467256841165568062e+02
3.215686274509803599e-01 -1.395174404289633969e+02
3.254901960784313819e-01 -1.321754945652918423e+02
3.294117647058823484e-01 -1.247432450279257381e+02
3.333333333333333148e-01 -1.172654507012683496e+02
3.372549019607843368e-01 -1.097874356393864019e+02
3.411764705882353033e-01 -1.023542897404107492e+02
3.450980392156862697e-01 -9.501008686920576451e+01
3.490196078431372362e-01 -8.779714091159439704e+01
3.529411764705882026e-01 -8.075531856224380078e+01
3.568627450980392246e-01 -7.392142543580182235e+01
3.607843137254901911e-01 -6.732867943464012228e+01
3.647058823529411575e-01 -6.100628230676183250e+01
3.686274509803921795e-01 -5.497909709286406610e+01
3.725490196078431460e-01 -4.926743580554218482e+01
3.764705882352941124e-01 -4.388695831991460494e+01
3.803921568627450789e-01 -3.884868019358539470e+01
3.843137254901960453e-01 -3.415908407740677433e+01
3.882352941176470673e-01 -2.982032661863226508e+01
3.921568627450980338e-01 -2.583053037261777263e+01
3.960784313725490002e-01 -2.218414829000202815e+01
4.000000000000000222e-01 -1.887238687734388876e+01
4.039215686274509887e-01 -1.588367316597817691e+01
4.078431372549019551e-01 -1.320415017311715999e+01
4.117647058823529216e-01 -1.081818558954339515e+01
4.156862745098038880e-01 -8.708878951261503687e+00
4.196078431372549100e-01 -6.858553504781308874e+00
4.235294117647058765e-01 -5.249220301132622168e+00
4.274509803921568429e-01 -3.863003686107644441e+00
4.313725490196078649e-01 -2.682519220436058838e+00
4.352941176470588314e-01 -1.691197086596985422e+00
4.392156862745097978e-01 -8.735461409933806820e-01
4.431372549019607643e-01 -2.153558757490251496e-01
4.470588235294117307e-01 2.961644070779950733e-01
4.509803921568627527e-01 6.723079976554242609e-01
4.549019607843137192e-01 9.228518211729671572e-01
4.588235294117646856e-01 1.056091687865144735e+00
4.627450980392157076e-01 1.078926077280022655e+00
4.666666666666666741e-01 9.969818214983431348e-01
4.705882352941176405e-01 8.147743741815184348e-01
4.745098039215686070e-01 5.358949549715176230e-01
4.784313725490195734e-01 1.632167277197973387e-01
4.823529411764705954e-01 -3.008877165346984794e-01
4.862745098039215619e-01 -8.543249747087473533e-01
4.901960784313725283e-01 -1.495062442518935608e+00
4.941176470588235503e-01 -2.220919171861249541e+00
4.980392156862745168e-01 -3.029371475938737568e+00
5.019607843137254832e-01 -3.917377968496407625e+00
5.058823529411764497e-01 -4.881227878483033855e+00
5.098039215686274161e-01 -5.916415637281172479e+00
5.137254901960783826e-01 -7.017543918308184914e+00
5.176470588235293491e-01 -8.178256538511169182e+00
5.215686274509804266e-01 -9.391201922189553741e+00
5.254901960784313930e-01 -1.064802718778769375e+01
5.294117647058823595e-01 -1.193940235029905317e+01
5.333333333333333259e-01 -1.325507363330199873e+01
5.372549019607842924e-01 -1.458394444907152732e+01
5.411764705882352589e-01 -1.591418222355665257e+01
5.450980392156862253e-01 -1.723334890463644342e+01
5.490196078431373028e-01 -1.852855268606987948e+01
5.529411764705882693e-01 -1.978661819600778671e+01
5.568627450980392357e-01 -2.099427212997005654e+01
5.607843137254902022e-01 -2.213834104888169918e+01
5.647058823529411686e-01 -2.320595781177609140e+01
5.686274509803921351e-01 -2.418477287271080911e+01
5.725490196078431016e-01 -2.506316644887897027e+01
5.764705882352940680e-01 -2.583045737211684312e+01
5.803921568627450345e-01 -2.647710428241266811e+01
5.843137254901961120e-01 -2.699489472531081447e+01
5.882352941176470784e-01 -2.737711769220868518e+01
5.921568627450980449e-01 -2.761871521041150501e+01
5.960784313725490113e-01 -2.771640876411005294e+01
5.999999999999999778e-01 -2.766879662126200756e+01
6.039215686274509443e-01 -2.747641856393762083e+01
6.078431372549019107e-01 -2.714178507536907858e+01
6.117647058823529882e-01 -2.666936872425043248e+01
6.156862745098039547e-01 -2.606555629790486606e+01
6.196078431372549211e-01 -2.533856115621710714e+01
6.235294117647058876e-01 -2.449829628656523539e+01
6.274509803921568540e-01 -2.355620960904532524e+01
6.313725490196078205e-01 -2.252508417835618459e+01
6.352941176470587870e-01 -2.141880701683324517e+01
6.392156862745097534e-01 -2.025211135248759220e+01
6.431372549019607199e-01 -1.904029798551039576e+01
6.470588235294117974e-01 -1.779894232614009297e+01
6.509803921568627638e-01 -1.654359429811600535e+01
6.549019607843137303e-01 -1.528947875153751745e+01
6.588235294117646967e-01 -1.405120424925487832e+01
6.627450980392156632e-01 -1.284248806198604420e+01
6.666666666666666297e-01 -1.167590491812431885e+01
6.705882352941175961e-01 -1.056266650341281021e+01
6.745098039215686736e-01 -9.512437902382433919e+00
6.784313725490196401e-01 -8.533196137154453353e+00
6.823529411764706065e-01 -7.631134719390017196e+00
6.862745098039215730e-01 -6.810616726515885233e+00
6.901960784313725394e-01 -6.074177390464205573e+00
6.941176470588235059e-01 -5.422575598900819749e+00
6.980392156862744724e-01 -4.854892112418817796e+00
7.019607843137254388e-01 -4.368670755635375436e+00
7.058823529411764053e-01 -3.960097404415238831e+00
7.098039215686274828e-01 -3.624210321664536494e+00
7.137254901960784492e-01 -3.355134341264472742e+00
7.176470588235294157e-01 -3.146330607378076571e+00
7.215686274509803821e-01 -2.990853078877091953e+00
7.254901960784313486e-01 -2.881602829406156197e+00
7.294117647058823151e-01 -2.811571323926579158e+00
7.333333333333332815e-01 -2.774064330967101810e+00
7.372549019607843590e-01 -2.762898921776562489e+00
7.411764705882353255e-01 -2.772567086032706296e+00
7.450980392156862919e-01 -2.798360819893023432e+00
7.490196078431372584e-01 -2.836455066828297067e+00
7.529411764705882248e-01 -2.883946557212663908e+00
7.568627450980391913e-01 -2.938848335138652512e+00
7.607843137254901578e-01 -3.000041512695557522e+00
7.647058823529411242e-01 -3.067187484230441186e+00
7.686274509803920907e-01 -3.140605398828175243e+00
7.725490196078431682e-01 -3.221121065739973144e+00
7.764705882352941346e-01 -3.309894599086554035e+00
7.803921568627451011e-01 -3.408234948488074956e+00
7.843137254901960675e-01 -3.517409976201439914e+00
7.882352941176470340e-01 -3.638460906507128279e+00
7.921568627450980005e-01 -3.772029780866762660e+00
7.960784313725489669e-01 -3.918208008360103189e+00
8.000000000000000444e-01 -4.076413224770992549e+00
8.039215686274510109e-01 -4.245300498481982210e+00
8.078431372549019773e-01 -4.422712492251914540e+00
8.117647058823529438e-01 -4.605671562603902203e+00
8.156862745098039102e-01 -4.790415016809181914e+00
8.196078431372548767e-01 -4.972472920940960606e+00
8.235294117647058432e-01 -5.146786033843593344e+00
8.274509803921568096e-01 -5.307859703928131445e+00
8.313725490196077761e-01 -5.449947978565004014e+00
8.352941176470588536e-01 -5.567260804114195771e+00
8.392156862745098200e-01 -5.654186094877259983e+00
8.431372549019607865e-01 -5.705517667753170485e+00
8.470588235294117530e-01 -5.716679610267653366e+00
8.509803921568627194e-01 -5.683937593561318558e+00
8.549019607843136859e-01 -5.604587965148770223e+00
8.588235294117646523e-01 -5.477116150453393395e+00
8.627450980392157298e-01 -5.301316934571091544e+00
8.666666666666666963e-01 -5.078370550195671740e+00
8.705882352941176627e-01 -4.810870115732898356e+00
8.745098039215686292e-01 -4.502797790560895130e+00
8.784313725490195957e-01 -4.159448975198579923e+00
8.823529411764705621e-01 -3.787305910180648993e+00
8.862745098039215286e-01 -3.393864043082870818e+00
8.901960784313724950e-01 -2.987416462592523025e+00
8.941176470588234615e-01 -2.576803468582181900e+00
8.980392156862745390e-01 -2.171135889928060170e+00
9.019607843137255054e-01 -1.779502017195670804e+00
9.058823529411764719e-01 -1.410668935124862244e+00
9.098039215686274384e-01 -1.072789581673653680e+00
9.137254901960784048e-01 -7.731270009395299070e-01
9.176470588235293713e-01 -5.178069853138009826e-01
9.215686274509803377e-01 -3.116096208943853196e-01
9.254901960784314152e-01 -1.578091769459668559e-01
9.294117647058823817e-01 -5.807034620691554905e-02
9.333333333333333481e-01 -1.240709185873908882e-02
9.372549019607843146e-01 -1.920834387608883614e-02
9.411764705882352811e-01 -7.533257639512982995e-02
9.450980392156862475e-01 -1.762709599064946064e-01
9.490196078431372140e-01 -3.163763934720345006e-01
9.529411764705881804e-01 -4.891533609899219037e-01
9.568627450980391469e-01 -6.876012997085768630e-01
9.607843137254902244e-01 -9.046020938232637310e-01
9.647058823529411908e-01 -1.133340481000620459e+00
9.686274509803921573e-01 -1.367744647606090380e+00
9.725490196078431238e-01 -1.602933142460448490e+00
9.764705882352940902e-01 -1.835653501387803699e+00
9.803921568627450567e-01 -2.064697675647951591e+00
9.843137254901960231e-01 -2.291279513459405948e+00
9.882352941176471006e-01 -2.519360158462180088e+00
9.921568627450980671e-01 -2.755908291662351406e+00
9.960784313725490335e-01 -3.011083630241194964e+00
1.000000000000000000e+00 -3.298333970952008087e+00
