0.000000000000000000e+00 -3.841950560533556214e+00
1.000000000000000021e-03 -3.928484214997528312e+00
2.000000000000000042e-03 -4.025068749496311327e+00
3.000000000000000062e-03 -4.132159135700749886e+00
4.000000000000000083e-03 -4.250226298066426267e+00
5.000000000000000104e-03 -4.379757161048923209e+00
6.000000000000000125e-03 -4.521255644382300432e+00
7.000000000000000146e-03 -4.675243663079086787e+00
8.000000000000000167e-03 -4.842265113265711740e+00
8.999999999999999320e-03 -5.022883900511653010e+00
1.000000000000000021e-02 -5.217687911500286546e+00
1.099999999999999936e-02 -5.427287042358040381e+00
1.200000000000000025e-02 -5.652322146717605911e+00
1.299999999999999940e-02 -5.893458111262360077e+00
1.400000000000000029e-02 -6.151384817954149931e+00
1.499999999999999944e-02 -6.426825110982616884e+00
1.600000000000000033e-02 -6.720528862866560260e+00
1.700000000000000122e-02 -7.033277922517143566e+00
1.799999999999999864e-02 -7.365881162453166375e+00
1.899999999999999953e-02 -7.719181422142743720e+00
2.000000000000000042e-02 -8.094047578826195632e+00
2.100000000000000130e-02 -8.491381476693167230e+00
2.199999999999999872e-02 -8.912113978819400373e+00
2.299999999999999961e-02 -9.357200967166745542e+00
2.400000000000000050e-02 -9.827628300089422453e+00
2.500000000000000139e-02 -1.032440287843538052e+01
2.599999999999999881e-02 -1.084857449917900674e+01
2.699999999999999969e-02 -1.140117823314318635e+01
2.800000000000000058e-02 -1.198331178287178034e+01
2.900000000000000147e-02 -1.259605523335225818e+01
2.999999999999999889e-02 -1.324051744766036620e+01
3.099999999999999978e-02 -1.391782036441626147e+01
3.200000000000000067e-02 -1.462909693168316494e+01
3.300000000000000155e-02 -1.537547616834717523e+01
3.400000000000000244e-02 -1.615809503663608382e+01
3.509999999999999926e-02 -1.697842266452764903e+01
3.610000000000000014e-02 -1.783655279556980133e+01
3.710000000000000103e-02 -1.873463081841734379e+01
3.810000000000000192e-02 -1.967340365230777266e+01
3.910000000000000281e-02 -2.065394740583618827e+01
4.009999999999999676e-02 -2.167731618287616513e+01
4.109999999999999765e-02 -2.274450725255468697e+01
4.209999999999999853e-02 -2.385652159598564737e+01
4.309999999999999942e-02 -2.501428258144807870e+01
4.410000000000000031e-02 -2.621868335058776722e+01
4.510000000000000120e-02 -2.747055718669626501e+01
4.610000000000000209e-02 -2.877069528807766829e+01
4.710000000000000298e-02 -3.011981102301101032e+01
4.809999999999999692e-02 -3.151853378810448092e+01
4.909999999999999781e-02 -3.296744978638368906e+01
5.009999999999999870e-02 -3.446708032474784034e+01
5.109999999999999959e-02 -3.601778616336262218e+01
5.210000000000000048e-02 -3.761991137777243921e+01
5.310000000000000137e-02 -3.927368551095280225e+01
5.410000000000000225e-02 -4.097924599728408879e+01
5.510000000000000314e-02 -4.273659149305843385e+01
5.609999999999999709e-02 -4.454566625323823814e+01
5.709999999999999798e-02 -4.640627394355866642e+01
5.809999999999999887e-02 -4.831810808338759955e+01
5.909999999999999976e-02 -5.028075716848524479e+01
6.010000000000000064e-02 -5.229366388819442335e+01
6.110000000000000153e-02 -5.435620057302195107e+01
6.210000000000000242e-02 -5.646755907756403303e+01
6.310000000000000331e-02 -5.862684082675801278e+01
6.410000000000000420e-02 -6.083300847689602620e+01
6.510000000000000508e-02 -6.308492051901676945e+01
6.610000000000000597e-02 -6.538125480771645925e+01
6.710000000000000686e-02 -6.772065151769155023e+01
6.809999999999999387e-02 -7.010153666407015294e+01
6.909999999999999476e-02 -7.252225761513128077e+01
7.009999999999999565e-02 -7.498106184302754684e+01
7.109999999999999654e-02 -7.747604008903853412e+01
7.209999999999999742e-02 -8.000515595279806291e+01
7.309999999999999831e-02 -8.256630276481293151e+01
7.409999999999999920e-02 -8.515721826164123343e+01
7.510000000000000009e-02 -8.777559266519463677e+01
7.610000000000000098e-02 -9.041898559399311353e+01
7.710000000000000187e-02 -9.308485154379687287e+01
7.810000000000000275e-02 -9.577054200092310055e+01
7.910000000000000364e-02 -9.847338905508078710e+01
8.010000000000000453e-02 -1.011905664569925563e+02
8.110000000000000542e-02 -1.039193089139238140e+02
8.210000000000000631e-02 -1.066565627951171109e+02
8.309999999999999332e-02 -1.093994492648623265e+02
8.409999999999999420e-02 -1.121449280927682111e+02
8.509999999999999509e-02 -1.148899284204805440e+02
8.609999999999999598e-02 -1.176314558844418201e+02
8.709999999999999687e-02 -1.203661890380341219e+02
8.809999999999999776e-02 -1.230912328510012230e+02
8.909999999999999865e-02 -1.258032862591688144e+02
9.009999999999999953e-02 -1.284992572615733764e+02
9.110000000000000042e-02 -1.311760628204426951e+02
9.210000000000000131e-02 -1.338306746760928547e+02
9.310000000000000220e-02 -1.364598976217401969e+02
9.410000000000000309e-02 -1.390605844260300046e+02
9.510000000000000397e-02 -1.416301255393381666e+02
9.610000000000000486e-02 -1.441653187851372593e+02
9.710000000000000575e-02 -1.466634140056899014e+02
9.810000000000000664e-02 -1.491215149045034423e+02
9.909999999999999365e-02 -1.515368787497413905e+02
1.000999999999999945e-01 -1.539071108935911525e+02
1.010999999999999954e-01 -1.562294451066249223e+02
1.020999999999999963e-01 -1.585016806975729367e+02
1.030999999999999972e-01 -1.607212046353115511e+02
1.040999999999999981e-01 -1.628861802276073831e+02
1.052000000000000018e-01 -1.649950531311820896e+02
1.062000000000000027e-01 -1.670433519425498616e+02
1.072000000000000036e-01 -1.690320795193304946e+02
1.082000000000000045e-01 -1.709585096987315467e+02
1.092000000000000054e-01 -1.728209598197394143e+02
1.102000000000000063e-01 -1.746182136726798433e+02
1.111999999999999933e-01 -1.763489358335790484e+02
1.121999999999999942e-01 -1.780120391220555689e+02
1.131999999999999951e-01 -1.796064644106281492e+02
1.141999999999999960e-01 -1.811314821364716749e+02
1.151999999999999968e-01 -1.825864379501932433e+02
1.161999999999999977e-01 -1.839706460028816366e+02
1.171999999999999986e-01 -1.852839935749379094e+02
1.181999999999999995e-01 -1.865261527003762581e+02
1.192000000000000004e-01 -1.876969824868282330e+02
1.202000000000000013e-01 -1.887965728436213340e+02
1.212000000000000022e-01 -1.898252307461844453e+02
1.222000000000000031e-01 -1.907831567044423480e+02
1.232000000000000040e-01 -1.916710035701006802e+02
1.242000000000000048e-01 -1.924893158672488482e+02
1.252000000000000057e-01 -1.932388555618726400e+02
1.262000000000000066e-01 -1.939204891629334213e+02
1.272000000000000075e-01 -1.945351105429498659e+02
1.282000000000000084e-01 -1.950838824271100123e+02
1.292000000000000093e-01 -1.955680155935021673e+02
1.302000000000000102e-01 -1.959888354991507811e+02
1.312000000000000111e-01 -1.963475168617278257e+02
1.322000000000000119e-01 -1.966458218908114475e+02
1.332000000000000128e-01 -1.968850786591515316e+02
1.342000000000000137e-01 -1.970668152082782854e+02
1.351999999999999869e-01 -1.971930133898974304e+02
1.361999999999999877e-01 -1.972651277158607570e+02
1.371999999999999886e-01 -1.972850530850891744e+02
1.381999999999999895e-01 -1.972545182955206258e+02
1.391999999999999904e-01 -1.971753628183442117e+02
1.401999999999999913e-01 -1.970494654694203120e+02
1.411999999999999922e-01 -1.968787928332547494e+02
1.421999999999999931e-01 -1.966649954112927219e+02
1.431999999999999940e-01 -1.964102039183156876e+02
1.441999999999999948e-01 -1.961159910125427928e+02
1.451999999999999957e-01 -1.957844591679575785e+02
1.461999999999999966e-01 -1.954173978812838186e+02
1.471999999999999975e-01 -1.950164189882316350e+02
1.481999999999999984e-01 -1.945836112224685053e+02
1.491999999999999993e-01 -1.941205420675171354e+02
1.502000000000000002e-01 -1.936287864761622473e+02
1.512000000000000011e-01 -1.931102538619711311e+02
1.522000000000000020e-01 -1.925663187698462764e+02
1.532000000000000028e-01 -1.919984089353822299e+02
1.542000000000000037e-01 -1.914083425077408265e+02
1.552000000000000046e-01 -1.907972676739521489e+02
1.562000000000000055e-01 -1.901665623291789871e+02
1.572000000000000064e-01 -1.895174442383087126e+02
1.582000000000000073e-01 -1.888512060425052539e+02
1.592000000000000082e-01 -1.881689496483016342e+02
1.602000000000000091e-01 -1.874715421652564373e+02
1.612000000000000099e-01 -1.867600357104443844e+02
1.622000000000000108e-01 -1.860353986851951049e+02
1.632000000000000117e-01 -1.852984706985854757e+02
1.642000000000000126e-01 -1.845498449168324555e+02
1.652000000000000135e-01 -1.837900874626956522e+02
1.661999999999999866e-01 -1.830200270896922916e+02
1.671999999999999875e-01 -1.822400061113700644e+02
1.681999999999999884e-01 -1.814504988903229616e+02
1.691999999999999893e-01 -1.806519455918044059e+02
1.701999999999999902e-01 -1.798447055982580025e+02
1.711999999999999911e-01 -1.790287507463574173e+02
1.721999999999999920e-01 -1.782045765431367954e+02
1.731999999999999929e-01 -1.773721156704230566e+02
1.741999999999999937e-01 -1.765316614048591077e+02
1.753000000000000114e-01 -1.756825910651031393e+02
1.763000000000000123e-01 -1.748263546386184544e+02
1.773000000000000131e-01 -1.739615762559798782e+02
1.782999999999999863e-01 -1.730886367883538526e+02
1.792999999999999872e-01 -1.722074915331964746e+02
1.802999999999999881e-01 -1.713178008880794891e+02
1.812999999999999889e-01 -1.704197155205690137e+02
1.822999999999999898e-01 -1.695128509802891017e+02
1.832999999999999907e-01 -1.685972581897683540e+02
1.842999999999999916e-01 -1.676726358298699608e+02
1.852999999999999925e-01 -1.667387993387323490e+02
1.862999999999999934e-01 -1.657956771828231126e+02
1.872999999999999943e-01 -1.648430590231558313e+02
1.882999999999999952e-01 -1.638808164678439141e+02
1.892999999999999960e-01 -1.629088971580513316e+02
1.902999999999999969e-01 -1.619270201797291122e+02
1.912999999999999978e-01 -1.609352747717479986e+02
1.922999999999999987e-01 -1.599334573316797616e+02
1.932999999999999996e-01 -1.589216514902817892e+02
1.943000000000000005e-01 -1.578998287858080687e+02
1.953000000000000014e-01 -1.568679851002204373e+02
1.963000000000000023e-01 -1.558261980463537952e+02
1.973000000000000032e-01 -1.547746461473339821e+02
1.983000000000000040e-01 -1.537134586392373308e+02
1.993000000000000049e-01 -1.526427814417978368e+02
2.003000000000000058e-01 -1.515628073331038479e+02
2.013000000000000067e-01 -1.504739333452425285e+02
2.023000000000000076e-01 -1.493762499371653689e+02
2.033000000000000085e-01 -1.482703178708690075e+02
2.043000000000000094e-01 -1.471564443597857235e+02
2.053000000000000103e-01 -1.460351175398762109e+02
2.063000000000000111e-01 -1.449066193932178521e+02
2.073000000000000120e-01 -1.437716738187316139e+02
2.083000000000000129e-01 -1.426305798419521409e+02
2.093000000000000138e-01 -1.414840972673698332e+02
2.102999999999999869e-01 -1.403327382800877388e+02
2.112999999999999878e-01 -1.391770337856753201e+02
2.122999999999999887e-01 -1.380177655943079742e+02
2.132999999999999896e-01 -1.368555932914550226e+02
2.142999999999999905e-01 -1.356911758771163647e+02
2.152999999999999914e-01 -1.345251693654566623e+02
2.162999999999999923e-01 -1.333583342607156226e+02
2.172999999999999932e-01 -1.321913171058688192e+02
2.182999999999999940e-01 -1.310248932871177487e+02
2.192999999999999949e-01 -1.298597034465900322e+02
2.202999999999999958e-01 -1.286966811914355162e+02
2.212999999999999967e-01 -1.275362778163157742e+02
2.222999999999999976e-01 -1.263793414278989076e+02
2.232999999999999985e-01 -1.252265299374394374e+02
2.242999999999999994e-01 -1.240786197783542519e+02
2.253000000000000003e-01 -1.229359679431273094e+02
2.263000000000000012e-01 -1.217995564571972267e+02
2.273000000000000020e-01 -1.206697363281760857e+02
2.283000000000000029e-01 -1.195471879790741951e+02
2.293000000000000038e-01 -1.184324620331329783e+02
2.303000000000000047e-01 -1.173260288680745305e+02
2.313000000000000056e-01 -1.162281853054443701e+02
2.323000000000000065e-01 -1.151396284424675258e+02
2.333000000000000074e-01 -1.140605825313118942e+02
2.343000000000000083e-01 -1.129914427504319434e+02
2.353000000000000091e-01 -1.119323941007912282e+02
2.363000000000000100e-01 -1.108837519591482561e+02
2.373000000000000109e-01 -1.098456890054028179e+02
2.383000000000000118e-01 -1.088184469090480917e+02
2.393000000000000127e-01 -1.078018914548208897e+02
2.403000000000000136e-01 -1.067962419571364450e+02
2.412999999999999867e-01 -1.058014885113887686e+02
2.422999999999999876e-01 -1.048174399721741139e+02
2.432999999999999885e-01 -1.038440954329594490e+02
2.442999999999999894e-01 -1.028813384461633404e+02
2.454000000000000070e-01 -1.019283873865617664e+02
2.464000000000000079e-01 -1.009863356275139950e+02
2.474000000000000088e-01 -1.000536952668498714e+02
2.484000000000000097e-01 -9.913046584201143219e+01
2.494000000000000106e-01 -9.821626820663134083e+01
2.504000000000000115e-01 -9.731070644097556510e+01
2.514000000000000123e-01 -9.641333677167733640e+01
2.524000000000000132e-01 -9.552365249619283816e+01
2.534000000000000141e-01 -9.464115756258522083e+01
2.544000000000000150e-01 -9.376530720220931414e+01
2.554000000000000159e-01 -9.289552158031848705e+01
2.564000000000000168e-01 -9.203124060248225646e+01
2.574000000000000177e-01 -9.117182265586573919e+01
2.584000000000000186e-01 -9.031668943829126306e+01
2.594000000000000195e-01 -8.946517237941769451e+01
2.604000000000000203e-01 -8.861665721956111952e+01
2.614000000000000212e-01 -8.777051005315205146e+01
2.624000000000000221e-01 -8.692607498406405853e+01
2.634000000000000230e-01 -8.608272885648679562e+01
2.644000000000000239e-01 -8.523982577901533375e+01
2.654000000000000248e-01 -8.439676752501644330e+01
2.664000000000000257e-01 -8.355292125974352757e+01
2.674000000000000266e-01 -8.270770275184183618e+01
2.684000000000000274e-01 -8.186056781245028446e+01
2.693999999999999728e-01 -8.101093163515147921e+01
2.703999999999999737e-01 -8.015828287055246903e+01
2.713999999999999746e-01 -7.930212942894426931e+01
2.723999999999999755e-01 -7.844199822061789007e+01
2.733999999999999764e-01 -7.757746103310465458e+01
2.743999999999999773e-01 -7.670813266337891889e+01
2.753999999999999782e-01 -7.583362612088377830e+01
2.763999999999999790e-01 -7.495363303261865440e+01
2.773999999999999799e-01 -7.406784738914049626e+01
2.783999999999999808e-01 -7.317606172301822198e+01
2.793999999999999817e-01 -7.227803121366983419e+01
2.803999999999999826e-01 -7.137362631339829022e+01
2.813999999999999835e-01 -7.046271304581124184e+01
2.823999999999999844e-01 -6.954523106151575007e+01
2.833999999999999853e-01 -6.862112931801810589e+01
2.843999999999999861e-01 -6.769044738565941088e+01
2.853999999999999870e-01 -6.675322028804730223e+01
2.863999999999999879e-01 -6.580953975605478945e+01
2.873999999999999888e-01 -6.485957641668133533e+01
2.883999999999999897e-01 -6.390348235963592316e+01
2.893999999999999906e-01 -6.294148423080410026e+01
2.903999999999999915e-01 -6.197383490742618761e+01
2.913999999999999924e-01 -6.100083317231199942e+01
2.923999999999999932e-01 -6.002280688853726076e+01
2.933999999999999941e-01 -5.904011889084858211e+01
2.943999999999999950e-01 -5.805315507065085256e+01
2.953999999999999959e-01 -5.706235616826013768e+01
2.963999999999999968e-01 -5.606814029227153640e+01
2.973999999999999977e-01 -5.507101103663381991e+01
2.983999999999999986e-01 -5.407144652410666197e+01
2.993999999999999995e-01 -5.306997053749986293e+01
3.004000000000000004e-01 -5.206709015707935606e+01
3.014000000000000012e-01 -5.106339996735086828e+01
3.024000000000000021e-01 -5.005942927993510949e+01
3.034000000000000030e-01 -4.905575785403424049e+01
3.044000000000000039e-01 -4.805295872269896051e+01
3.054000000000000048e-01 -4.705162379622026947e+01
3.064000000000000057e-01 -4.605234109348428007e+01
3.074000000000000066e-01 -4.505569164754165001e+01
3.084000000000000075e-01 -4.406227039229104037e+01
3.094000000000000083e-01 -4.307265640327685219e+01
3.104000000000000092e-01 -4.208742967577755678e+01
3.114000000000000101e-01 -4.110715030422369409e+01
3.124000000000000110e-01 -4.013237828861524292e+01
3.134000000000000119e-01 -3.916366865255985630e+01
3.144000000000000128e-01 -3.820156246215887563e+01
3.155000000000000027e-01 -3.724614602716452794e+01
3.165000000000000036e-01 -3.629918287630819407e+01
3.175000000000000044e-01 -3.535990862722579209e+01
3.185000000000000053e-01 -3.442922306459563941e+01
3.195000000000000062e-01 -3.350756343865860032e+01
3.205000000000000071e-01 -3.259535182023758182e+01
3.215000000000000080e-01 -3.169302016211731754e+01
3.225000000000000089e-01 -3.080093079480462848e+01
3.235000000000000098e-01 -2.991947557665373481e+01
3.245000000000000107e-01 -2.904896688538671867e+01
3.255000000000000115e-01 -2.818976748020575229e+01
3.265000000000000124e-01 -2.734215775299749396e+01
3.275000000000000133e-01 -2.650642168487584627e+01
3.285000000000000142e-01 -2.568282834666369041e+01
3.295000000000000151e-01 -2.487159299332343920e+01
3.305000000000000160e-01 -2.407295451153846599e+01
3.315000000000000169e-01 -2.328711507600523589e+01
3.325000000000000178e-01 -2.251424682836952940e+01
3.335000000000000187e-01 -2.175450982528965227e+01
3.345000000000000195e-01 -2.100804018008223650e+01
3.355000000000000204e-01 -2.027498782664591559e+01
3.365000000000000213e-01 -1.955545300105699269e+01
3.375000000000000222e-01 -1.884953868915088648e+01
3.385000000000000231e-01 -1.815733694286438649e+01
3.395000000000000240e-01 -1.747890194161547939e+01
3.405000000000000249e-01 -1.681431754375838850e+01
3.415000000000000258e-01 -1.616362893343262641e+01
3.425000000000000266e-01 -1.552688409647361034e+01
3.435000000000000275e-01 -1.490411112731186805e+01
3.444999999999999729e-01 -1.429533205427655318e+01
3.454999999999999738e-01 -1.370059774044340983e+01
3.464999999999999747e-01 -1.311989847382552732e+01
3.474999999999999756e-01 -1.255326605611881163e+01
3.484999999999999765e-01 -1.200069864785514540e+01
3.494999999999999774e-01 -1.146222112155333051e+01
3.504999999999999782e-01 -1.093782463774525127e+01
3.514999999999999791e-01 -1.042752905950665010e+01
3.524999999999999800e-01 -9.931336471824995016e+00
3.534999999999999809e-01 -9.449247879421816876e+00
3.544999999999999818e-01 -8.981275230360324713e+00
3.554999999999999827e-01 -8.527423557691202305e+00
3.564999999999999836e-01 -8.087698856692925986e+00
3.574999999999999845e-01 -7.662114094314808277e+00
3.584999999999999853e-01 -7.250675303607535760e+00
3.594999999999999862e-01 -6.853395451520424508e+00
3.604999999999999871e-01 -6.470285547496527734e+00
3.614999999999999880e-01 -6.101360572649738856e+00
3.624999999999999889e-01 -5.746628560030742960e+00
3.634999999999999898e-01 -5.406107462424277976e+00
3.644999999999999907e-01 -5.079805327045605168e+00
3.654999999999999916e-01 -4.767736125565567029e+00
3.664999999999999925e-01 -4.469907886313321477e+00
3.674999999999999933e-01 -4.186327614010393106e+00
3.684999999999999942e-01 -3.917002308656782450e+00
3.694999999999999951e-01 -3.661931008024698286e+00
3.704999999999999960e-01 -3.421110721557191869e+00
3.714999999999999969e-01 -3.194534468140368233e+00
3.724999999999999978e-01 -2.982185294989486479e+00
3.734999999999999987e-01 -2.784044211547599623e+00
3.744999999999999996e-01 -2.600082265029967310e+00
3.755000000000000004e-01 -2.430263488487272916e+00
3.765000000000000013e-01 -2.274540933856302072e+00
3.775000000000000022e-01 -2.132859638909262667e+00
3.785000000000000031e-01 -2.005154650861415533e+00
3.795000000000000040e-01 -1.891348031092599413e+00
3.805000000000000049e-01 -1.791350831539600064e+00
3.815000000000000058e-01 -1.705063104139203922e+00
3.825000000000000067e-01 -1.632369919714301565e+00
3.835000000000000075e-01 -1.573143339644731853e+00
3.845000000000000084e-01 -1.527242425310332719e+00
3.855999999999999983e-01 -1.494498220738608163e+00
3.865999999999999992e-01 -1.474782862974030939e+00
3.876000000000000001e-01 -1.467870351896382930e+00
3.886000000000000010e-01 -1.473575780402415658e+00
3.896000000000000019e-01 -1.491685219315019628e+00
3.906000000000000028e-01 -1.521972725292507267e+00
3.916000000000000036e-01 -1.564194383322347282e+00
3.926000000000000045e-01 -1.618094250062851680e+00
3.936000000000000054e-01 -1.683403386893859155e+00
3.946000000000000063e-01 -1.759837864638260418e+00
3.956000000000000072e-01 -1.847101739954367439e+00
3.966000000000000081e-01 -1.944886074222018868e+00
3.976000000000000090e-01 -2.052875895770370995e+00
3.986000000000000099e-01 -2.170735303751470724e+00
3.996000000000000107e-01 -2.298128298165317052e+00
4.006000000000000116e-01 -2.434703949834801762e+00
4.016000000000000125e-01 -2.580106282367554016e+00
4.026000000000000134e-01 -2.733970338257309507e+00
4.036000000000000143e-01 -2.895929126947118348e+00
4.046000000000000152e-01 -3.065603705095294451e+00
4.056000000000000161e-01 -3.242619053815733121e+00
4.066000000000000170e-01 -3.426592210880642586e+00
4.076000000000000179e-01 -3.617141171568496905e+00
4.086000000000000187e-01 -3.813883935879296416e+00
4.096000000000000196e-01 -4.016439499091513987e+00
4.106000000000000205e-01 -4.224426861205151873e+00
4.116000000000000214e-01 -4.437470993891050597e+00
4.126000000000000223e-01 -4.655197892427687556e+00
4.136000000000000232e-01 -4.877245500156748292e+00
4.146000000000000241e-01 -5.103253807635180550e+00
4.156000000000000250e-01 -5.332867791255354817e+00
4.166000000000000258e-01 -5.565747380194380867e+00
4.176000000000000267e-01 -5.801557550844628430e+00
4.186000000000000276e-01 -6.039977237104731778e+00
4.195999999999999730e-01 -6.280692405924011013e+00
4.205999999999999739e-01 -6.523406972314996111e+00
4.215999999999999748e-01 -6.767830907948529706e+00
4.225999999999999757e-01 -7.013692127837145129e+00
4.235999999999999766e-01 -7.260729580044055886e+00
4.245999999999999774e-01 -7.508698189024844538e+00
4.255999999999999783e-01 -7.757365893399673418e+00
4.265999999999999792e-01 -8.006516617624125587e+00
4.275999999999999801e-01 -8.255945309761413498e+00
4.285999999999999810e-01 -8.505466875381019420e+00
4.295999999999999819e-01 -8.754905271989205318e+00
4.305999999999999828e-01 -9.004102414598506243e+00
4.315999999999999837e-01 -9.252915232386028421e+00
4.325999999999999845e-01 -9.501209682858041461e+00
4.335999999999999854e-01 -9.748867690470124359e+00
4.345999999999999863e-01 -9.995784193842441212e+00
4.355999999999999872e-01 -1.024186812687362647e+01
4.365999999999999881e-01 -1.048703147539910319e+01
4.375999999999999890e-01 -1.073120614498835224e+01
4.385999999999999899e-01 -1.097434006009695295e+01
4.395999999999999908e-01 -1.121635633876305782e+01
4.405999999999999917e-01 -1.145723172602426132e+01
4.415999999999999925e-01 -1.169691634936176783e+01
4.425999999999999934e-01 -1.193538310018047710e+01
4.435999999999999943e-01 -1.217261095015123296e+01
4.445999999999999952e-01 -1.240855501259065896e+01
4.455999999999999961e-01 -1.264321208919466599e+01
4.465999999999999970e-01 -1.287655728383682074e+01
4.475999999999999979e-01 -1.310857256346644562e+01
4.485999999999999988e-01 -1.333924291391896233e+01
4.495999999999999996e-01 -1.356853542018183667e+01
4.506000000000000005e-01 -1.379644395477386709e+01
4.516000000000000014e-01 -1.402293066878388572e+01
4.526000000000000023e-01 -1.424795656693342316e+01
4.536000000000000032e-01 -1.447149956895652956e+01
4.546000000000000041e-01 -1.469351080233441387e+01
4.556999999999999940e-01 -1.491404085769040222e+01
4.566999999999999948e-01 -1.513273302925587238e+01
4.576999999999999957e-01 -1.534983398974876501e+01
4.586999999999999966e-01 -1.556514146016646905e+01
4.596999999999999975e-01 -1.577860019026810612e+01
4.606999999999999984e-01 -1.599010043973760631e+01
4.616999999999999993e-01 -1.619955012358749968e+01
4.627000000000000002e-01 -1.640683136457747082e+01
4.637000000000000011e-01 -1.661181919575819066e+01
4.647000000000000020e-01 -1.681439160296508817e+01
4.657000000000000028e-01 -1.701439075617309982e+01
4.667000000000000037e-01 -1.721168552790102169e+01
4.677000000000000046e-01 -1.740611505979462947e+01
4.687000000000000055e-01 -1.759748650294276828e+01
4.697000000000000064e-01 -1.778564169209201751e+01
4.707000000000000073e-01 -1.797039973583748207e+01
4.717000000000000082e-01 -1.815154081831867217e+01
4.727000000000000091e-01 -1.832888873178844591e+01
4.737000000000000099e-01 -1.850225155179121472e+01
4.747000000000000108e-01 -1.867138253801091352e+01
4.757000000000000117e-01 -1.883609938354835478e+01
4.767000000000000126e-01 -1.899617131975830375e+01
4.777000000000000135e-01 -1.915139620971651624e+01
4.787000000000000144e-01 -1.930154319034724253e+01
4.797000000000000153e-01 -1.944639420027064602e+01
4.807000000000000162e-01 -1.958574815922077761e+01
4.817000000000000171e-01 -1.971938814274205853e+01
4.827000000000000179e-01 -1.984709416499907064e+01
4.837000000000000188e-01 -1.996867409378907610e+01
4.847000000000000197e-01 -2.008393095271971518e+01
4.857000000000000206e-01 -2.019267371346182571e+01
4.867000000000000215e-01 -2.029472829574946502e+01
4.877000000000000224e-01 -2.038991970430415890e+01
4.887000000000000233e-01 -2.047808488246759850e+01
4.897000000000000242e-01 -2.055908770275857833e+01
4.907000000000000250e-01 -2.063277126432914343e+01
4.917000000000000259e-01 -2.069903529805231557e+01
4.927000000000000268e-01 -2.075777084642182047e+01
4.937000000000000277e-01 -2.080887488110851180e+01
4.946999999999999731e-01 -2.085227426046660071e+01
4.956999999999999740e-01 -2.088791190895167205e+01
4.966999999999999749e-01 -2.091574774629778943e+01
4.976999999999999758e-01 -2.093574077722647075e+01
4.986999999999999766e-01 -2.094789877038294534e+01
4.996999999999999775e-01 -2.095221579186857497e+01
5.007000000000000339e-01 -2.094872067642995006e+01
5.017000000000000348e-01 -2.093747626353518498e+01
5.027000000000000357e-01 -2.091850773260226859e+01
5.037000000000000366e-01 -2.089190577201048526e+01
5.047000000000000375e-01 -2.085777432037999546e+01
5.057000000000000384e-01 -2.081620045797673413e+01
5.067000000000000393e-01 -2.076734682596473647e+01
5.077000000000000401e-01 -2.071130277373691797e+01
5.087000000000000410e-01 -2.064825881969762733e+01
5.097000000000000419e-01 -2.057836117631553563e+01
5.107000000000000428e-01 -2.050179167361570620e+01
5.117000000000000437e-01 -2.041875122188914560e+01
5.127000000000000446e-01 -2.032942987307263749e+01
5.137000000000000455e-01 -2.023404449968498042e+01
5.147000000000000464e-01 -2.013279020559974342e+01
5.157000000000000473e-01 -2.002590180195589653e+01
5.167000000000000481e-01 -1.991361428875342554e+01
5.177000000000000490e-01 -1.979616366127080695e+01
5.187000000000000499e-01 -1.967377198560941309e+01
5.197000000000000508e-01 -1.954669410595888479e+01
5.207000000000000517e-01 -1.941513127728161692e+01
5.217000000000000526e-01 -1.927935217851385019e+01
5.227000000000000535e-01 -1.913956509766866887e+01
5.237000000000000544e-01 -1.899602779866976476e+01
5.247000000000000552e-01 -1.884893358841634381e+01
5.258000000000000451e-01 -1.869845966868511056e+01
5.268000000000000460e-01 -1.854500292422110874e+01
5.278000000000000469e-01 -1.838856767802644754e+01
5.288000000000000478e-01 -1.822940753946336301e+01
5.298000000000000487e-01 -1.806772245659507092e+01
5.308000000000000496e-01 -1.790367361356108944e+01
5.318000000000000504e-01 -1.773741106229820375e+01
5.328000000000000513e-01 -1.756910769421131135e+01
5.338000000000000522e-01 -1.739887878314892333e+01
5.348000000000000531e-01 -1.722686022995899791e+01
5.358000000000000540e-01 -1.705315718100884226e+01
5.368000000000000549e-01 -1.687785672128591585e+01
5.377999999999999448e-01 -1.670104087439785800e+01
5.387999999999999456e-01 -1.652279064506618766e+01
5.397999999999999465e-01 -1.634314921270890153e+01
5.407999999999999474e-01 -1.616215559621210218e+01
5.417999999999999483e-01 -1.597983983806951791e+01
5.427999999999999492e-01 -1.579621302799014693e+01
5.437999999999999501e-01 -1.561129313292330778e+01
5.447999999999999510e-01 -1.542505734645156856e+01
5.457999999999999519e-01 -1.523749660247356275e+01
5.467999999999999527e-01 -1.504857005207812470e+01
5.477999999999999536e-01 -1.485826058194863108e+01
5.487999999999999545e-01 -1.466650242343985333e+01
5.497999999999999554e-01 -1.447327535936159570e+01
5.507999999999999563e-01 -1.427848772966373581e+01
5.517999999999999572e-01 -1.408211720383944510e+01
5.527999999999999581e-01 -1.388407410295249989e+01
5.537999999999999590e-01 -1.368430326174948775e+01
5.547999999999999599e-01 -1.348275167078735315e+01
5.557999999999999607e-01 -1.327935140088898791e+01
5.567999999999999616e-01 -1.307404838595303076e+01
5.577999999999999625e-01 -1.286678862597947948e+01
5.587999999999999634e-01 -1.265751712568986065e+01
5.597999999999999643e-01 -1.244619779537517523e+01
5.607999999999999652e-01 -1.223280558309864396e+01
5.617999999999999661e-01 -1.201730653135399685e+01
5.627999999999999670e-01 -1.179970645128019413e+01
5.637999999999999678e-01 -1.157998745619386050e+01
5.647999999999999687e-01 -1.135817732890479625e+01
5.657999999999999696e-01 -1.113429710246368565e+01
5.667999999999999705e-01 -1.090839663994627351e+01
5.677999999999999714e-01 -1.068052594135255973e+01
5.687999999999999723e-01 -1.045077382254302911e+01
5.697999999999999732e-01 -1.021922331184683763e+01
5.707999999999999741e-01 -9.985994234567522554e+00
5.717999999999999750e-01 -9.751214552932875534e+00
5.727999999999999758e-01 -9.515032172512373876e+00
5.737999999999999767e-01 -9.277615994153974199e+00
5.747999999999999776e-01 -9.039149947034783139e+00
5.757999999999999785e-01 -8.799837936724280496e+00
5.767999999999999794e-01 -8.559903868791948867e+00
5.777999999999999803e-01 -8.319585677136418056e+00
5.787999999999999812e-01 -8.079141267327173637e+00
5.797999999999999821e-01 -7.838843568541320472e+00
5.807999999999999829e-01 -7.598980509955969964e+00
5.817999999999999838e-01 -7.359857011305178887e+00
5.827999999999999847e-01 -7.121788025373686715e+00
5.837999999999999856e-01 -6.885104476617078362e+00
5.847999999999999865e-01 -6.650145327263143891e+00
5.857999999999999874e-01 -6.417259530096623976e+00
5.867999999999999883e-01 -6.186803052066836450e+00
5.877999999999999892e-01 -5.959140850680046064e+00
5.887999999999999901e-01 -5.734643897607097252e+00
5.897999999999999909e-01 -5.513680207012567891e+00
5.907999999999999918e-01 -5.296622755288828976e+00
5.917999999999999927e-01 -5.083842551878929861e+00
5.927999999999999936e-01 -4.875709601504399693e+00
5.937999999999999945e-01 -4.672589923051340577e+00
5.947999999999999954e-01 -4.474839563735014458e+00
5.958999999999999853e-01 -4.282726138076886180e+00
5.968999999999999861e-01 -4.096834944158336711e+00
5.978999999999999870e-01 -3.917247783050033405e+00
5.988999999999999879e-01 -3.744359148825607608e+00
5.998999999999999888e-01 -3.578466112307949754e+00
6.008999999999999897e-01 -3.419848753763002236e+00
6.018999999999999906e-01 -3.268767167621286163e+00
6.028999999999999915e-01 -3.125459457756374348e+00
6.038999999999999924e-01 -2.990144713877261218e+00
6.048999999999999932e-01 -2.863014068186675143e+00
6.058999999999999941e-01 -2.744237619836663367e+00
6.068999999999999950e-01 -2.633956505751481547e+00
6.078999999999999959e-01 -2.532285848690805086e+00
6.088999999999999968e-01 -2.439312780857364249e+00
6.098999999999999977e-01 -2.355094443896938561e+00
6.108999999999999986e-01 -2.279659970012259063e+00
6.118999999999999995e-01 -2.213008500849104720e+00
6.129000000000000004e-01 -2.155108182774783998e+00
6.139000000000000012e-01 -2.105898152713550964e+00
6.149000000000000021e-01 -2.065286557032713244e+00
6.159000000000000030e-01 -2.033151537378051543e+00
6.169000000000000039e-01 -2.009341235395347258e+00
6.179000000000000048e-01 -1.993677773844276579e+00
6.189000000000000057e-01 -1.985951303813673130e+00
6.199000000000000066e-01 -1.985925948063213653e+00
6.209000000000000075e-01 -1.993339829352574810e+00
6.219000000000000083e-01 -2.007906065719907929e+00
6.229000000000000092e-01 -2.029312775203363728e+00
6.239000000000000101e-01 -2.057226061676514117e+00
6.249000000000000110e-01 -2.091291024291406675e+00
6.259000000000000119e-01 -2.131133752757036426e+00
6.269000000000000128e-01 -2.176363327339344789e+00
6.279000000000000137e-01 -2.226571828304274803e+00
6.289000000000000146e-01 -2.281340307588613392e+00
6.299000000000000155e-01 -2.340234836015250508e+00
6.309000000000000163e-01 -2.402815441913342287e+00
6.319000000000000172e-01 -2.468633167776623338e+00
6.329000000000000181e-01 -2.537233041934249478e+00
6.339000000000000190e-01 -2.608160064386221055e+00
6.349000000000000199e-01 -2.680956249297115956e+00
6.359000000000000208e-01 -2.755166582502357020e+00
6.369000000000000217e-01 -2.830340045115838254e+00
6.379000000000000226e-01 -2.906030613529931195e+00
6.389000000000000234e-01 -2.981801245250899957e+00
6.399000000000000243e-01 -3.057223897785012134e+00
6.409000000000000252e-01 -3.131887490866323898e+00
6.419000000000000261e-01 -3.205389982001101146e+00
6.429000000000000270e-01 -3.277348281480349179e+00
6.439000000000000279e-01 -3.347396309038125572e+00
6.449000000000000288e-01 -3.415187970243909632e+00
6.459000000000000297e-01 -3.480401151781076674e+00
6.469000000000000306e-01 -3.542730773383683918e+00
6.479000000000000314e-01 -3.601902688684424092e+00
6.489000000000000323e-01 -3.657661807974303514e+00
6.499000000000000332e-01 -3.709783984886013908e+00
6.509000000000000341e-01 -3.758069106102931656e+00
6.519000000000000350e-01 -3.802347029979274318e+00
6.529000000000000359e-01 -3.842471643198418274e+00
6.539000000000000368e-01 -3.878333771063899871e+00
6.549000000000000377e-01 -3.909846309702146527e+00
6.559000000000000385e-01 -3.936954108024325105e+00
6.569000000000000394e-01 -3.959631029106180478e+00
6.579000000000000403e-01 -3.977879936023457574e+00
6.589000000000000412e-01 -3.991732691851901826e+00
6.599000000000000421e-01 -4.001247173831836257e+00
6.609000000000000430e-01 -4.006512235595953264e+00
6.619000000000000439e-01 -4.007642754384575845e+00
6.629000000000000448e-01 -4.004775626324133420e+00
6.639000000000000457e-01 -3.998079700325789965e+00
6.649000000000000465e-01 -3.987741891402079020e+00
6.660000000000000364e-01 -3.973969160721202432e+00
6.670000000000000373e-01 -3.957012162069000194e+00
6.680000000000000382e-01 -3.937107048077065130e+00
6.690000000000000391e-01 -3.914532645108523390e+00
6.700000000000000400e-01 -3.889579868175905286e+00
6.710000000000000409e-01 -3.862555641734795042e+00
6.720000000000000417e-01 -3.833779904405353989e+00
6.730000000000000426e-01 -3.803588580643165962e+00
6.740000000000000435e-01 -3.772327623232969884e+00
6.750000000000000444e-01 -3.740353980237979936e+00
6.760000000000000453e-01 -3.708032613885987150e+00
6.770000000000000462e-01 -3.675739472240206585e+00
6.780000000000000471e-01 -3.643851550579110921e+00
6.790000000000000480e-01 -3.612756796965913786e+00
6.800000000000000488e-01 -3.582843211400615679e+00
6.810000000000000497e-01 -3.554503770275586838e+00
6.820000000000000506e-01 -3.528133464147774401e+00
6.830000000000000515e-01 -3.504130278852600533e+00
6.840000000000000524e-01 -3.482889228554643335e+00
6.850000000000000533e-01 -3.464806308532376811e+00
6.860000000000000542e-01 -3.450282495178170983e+00
6.870000000000000551e-01 -3.439709830985759442e+00
6.879999999999999449e-01 -3.433485292347512985e+00
6.889999999999999458e-01 -3.432001898149535268e+00
6.899999999999999467e-01 -3.435657624784195896e+00
6.909999999999999476e-01 -3.444844500580651836e+00
6.919999999999999485e-01 -3.459955520817375785e+00
6.929999999999999494e-01 -3.481383685494368940e+00
6.939999999999999503e-01 -3.509528961560948623e+00
6.949999999999999512e-01 -3.544784382067796891e+00
6.959999999999999520e-01 -3.587553895078127386e+00
6.969999999999999529e-01 -3.638241500591940625e+00
6.979999999999999538e-01 -3.697258165558553689e+00
6.989999999999999547e-01 -3.765018871091863062e+00
6.999999999999999556e-01 -3.841950560533555770e+00
