0.000000000000000000e+00 -2.617833857682501630e+01
5.799999999999999600e-03 -2.981356638651972446e+01
1.170000000000000033e-02 -3.425194744676605296e+01
1.750000000000000167e-02 -3.944155291905718030e+01
2.330000000000000127e-02 -4.529027180654097862e+01
2.910000000000000087e-02 -5.166948680159824647e+01
3.500000000000000333e-02 -5.843469988471520793e+01
4.080000000000000293e-02 -6.542260494262234261e+01
4.660000000000000253e-02 -7.247537161937506767e+01
5.240000000000000213e-02 -7.943773193388213372e+01
5.829999999999999766e-02 -8.616849396362250957e+01
6.410000000000000420e-02 -9.252719500538229624e+01
6.990000000000000380e-02 -9.838765475754868817e+01
7.580000000000000626e-02 -1.036379339680405138e+02
8.160000000000000586e-02 -1.081744518299952347e+02
8.740000000000000546e-02 -1.119179809856384509e+02
9.320000000000000506e-02 -1.148137123597864502e+02
9.909999999999999365e-02 -1.168419701501144488e+02
1.048999999999999932e-01 -1.180103795241867317e+02
1.107000000000000067e-01 -1.183676985879020691e+02
1.165000000000000063e-01 -1.179874308771406817e+02
1.223999999999999949e-01 -1.169615985863335226e+02
1.282000000000000084e-01 -1.153936401746058351e+02
1.340000000000000080e-01 -1.133858973247192381e+02
1.398999999999999966e-01 -1.110276922104953599e+02
1.456999999999999962e-01 -1.083947711624239787e+02
1.514999999999999958e-01 -1.055425740225119000e+02
1.572999999999999954e-01 -1.025094314353683700e+02
1.632000000000000117e-01 -9.931632242899061680e+01
1.690000000000000113e-01 -9.597789008887903606e+01
1.748000000000000109e-01 -9.249912161485839590e+01
1.806000000000000105e-01 -8.888308121723730437e+01
1.864999999999999991e-01 -8.512745607855185881e+01
1.922999999999999987e-01 -8.123434091553693293e+01
1.980999999999999983e-01 -7.720442388638726072e+01
2.039999999999999869e-01 -7.303840572342268445e+01
2.097999999999999865e-01 -6.874787248354361680e+01
2.156000000000000139e-01 -6.435012504493047913e+01
2.214000000000000135e-01 -5.987636139084294484e+01
2.273000000000000020e-01 -5.536851836254695769e+01
2.331000000000000016e-01 -5.088822447365577517e+01
2.389000000000000012e-01 -4.650506440147950826e+01
2.447000000000000008e-01 -4.229721392895927323e+01
2.505999999999999894e-01 -3.833902244493212663e+01
2.564000000000000168e-01 -3.470319569853319308e+01
2.621999999999999886e-01 -3.144571824320030373e+01
2.681000000000000050e-01 -2.860403193088610152e+01
2.738999999999999768e-01 -2.619936991748117805e+01
2.797000000000000042e-01 -2.423275733768135254e+01
2.854999999999999760e-01 -2.269012702329041886e+01
2.913999999999999924e-01 -2.154481455242094867e+01
2.972000000000000197e-01 -2.076242808292234088e+01
3.029999999999999916e-01 -2.030199325384560183e+01
3.088000000000000189e-01 -2.011788741868201669e+01
3.146999999999999797e-01 -2.016064089149287142e+01
3.205000000000000071e-01 -2.037721110486577913e+01
3.262999999999999790e-01 -2.071281136864858752e+01
3.321999999999999953e-01 -2.111279440487744807e+01
3.380000000000000226e-01 -2.152503280071680436e+01
3.437999999999999945e-01 -2.190521404968912478e+01
3.496000000000000218e-01 -2.221892633146474338e+01
3.554999999999999827e-01 -2.244445871142625393e+01
3.613000000000000100e-01 -2.257254169709000990e+01
3.670999999999999819e-01 -2.260514239498364475e+01
3.729000000000000092e-01 -2.255135513771162437e+01
3.788000000000000256e-01 -2.242378253500497109e+01
3.845999999999999974e-01 -2.223467312760343262e+01
3.904000000000000248e-01 -2.199339801579838749e+01
3.962999999999999856e-01 -2.170650469955749173e+01
4.021000000000000130e-01 -2.137919898126996898e+01
4.078999999999999848e-01 -2.101752990817287525e+01
4.137000000000000122e-01 -2.063145763530492616e+01
4.195999999999999730e-01 -2.023588070660162330e+01
4.254000000000000004e-01 -1.985071068485099843e+01
4.312000000000000277e-01 -1.949800681504960664e+01
4.369999999999999996e-01 -1.919830591105024808e+01
4.429000000000000159e-01 -1.896619039053523181e+01
4.486999999999999877e-01 -1.880715235641880412e+01
4.545000000000000151e-01 -1.871648909827576546e+01
4.603999999999999759e-01 -1.868037715516317832e+01
4.662000000000000033e-01 -1.867931015454694332e+01
4.719999999999999751e-01 -1.869310317512170272e+01
4.778000000000000025e-01 -1.870494356257079360e+01
4.837000000000000188e-01 -1.870463325260860898e+01
4.894999999999999907e-01 -1.868893140901077388e+01
4.953000000000000180e-01 -1.865956377636901209e+01
5.010999999999999899e-01 -1.862018611129104428e+01
5.070000000000000062e-01 -1.857278123450530671e+01
5.128000000000000336e-01 -1.851632454680662576e+01
5.185999999999999499e-01 -1.844800987644944712e+01
5.244999999999999662e-01 -1.836791155205866133e+01
5.302999999999999936e-01 -1.828683564697601227e+01
5.361000000000000210e-01 -1.823454188938967135e+01
5.419000000000000483e-01 -1.826618804969229615e+01
5.477999999999999536e-01 -1.846639597411605394e+01
5.535999999999999810e-01 -1.894559047389783402e+01
5.594000000000000083e-01 -1.983180351784693229e+01
5.652000000000000357e-01 -2.125711980056978945e+01
5.711000000000000520e-01 -2.334267513851106557e+01
5.768999999999999684e-01 -2.617833857682504117e+01
