0.000000000000000000e+00 -1.635858246808464145e+01
8.999999999999999754e-04 -1.688402521901450726e+01
1.699999999999999905e-03 -1.741604375429073315e+01
2.599999999999999881e-03 -1.798065080776049030e+01
3.399999999999999811e-03 -1.855149451095886093e+01
4.300000000000000003e-03 -1.915642393471538796e+01
5.100000000000000366e-03 -1.976711823881159091e+01
6.000000000000000125e-03 -2.041332829556563055e+01
6.899999999999999883e-03 -2.107277071719943251e+01
7.700000000000000247e-03 -2.174486898899886356e+01
8.600000000000000006e-03 -2.245459218866935913e+01
9.400000000000000369e-03 -2.316848275571740601e+01
1.030000000000000013e-02 -2.392137114842482504e+01
1.110000000000000049e-02 -2.467763677062952254e+01
1.200000000000000025e-02 -2.547414516397185125e+01
1.290000000000000001e-02 -2.628306423828794891e+01
1.370000000000000037e-02 -2.710351465328892573e+01
1.460000000000000013e-02 -2.796592429005131208e+01
1.540000000000000049e-02 -2.882947022364226441e+01
1.629999999999999852e-02 -2.973607060894846299e+01
1.710000000000000062e-02 -3.064273668501815706e+01
1.799999999999999864e-02 -3.159329040435097369e+01
1.890000000000000013e-02 -3.255448466360248005e+01
1.969999999999999876e-02 -3.352537513176777395e+01
2.060000000000000026e-02 -3.454143315272077075e+01
2.139999999999999888e-02 -3.555445173093651334e+01
2.230000000000000038e-02 -3.661367901854148954e+01
2.309999999999999901e-02 -3.766827762679890412e+01
2.400000000000000050e-02 -3.876974739410600534e+01
2.489999999999999852e-02 -3.987902230301810391e+01
2.570000000000000062e-02 -4.099473203853641934e+01
2.659999999999999865e-02 -4.215806081061675314e+01
2.740000000000000074e-02 -4.331339791473598666e+01
2.829999999999999877e-02 -4.451663131230341008e+01
2.910000000000000087e-02 -4.571034535263904530e+01
2.999999999999999889e-02 -4.695216232469729789e+01
3.090000000000000038e-02 -4.819806680886664196e+01
3.169999999999999901e-02 -4.944655133573619565e+01
3.259999999999999704e-02 -5.074381004915626647e+01
3.339999999999999913e-02 -5.202716738721483836e+01
3.429999999999999716e-02 -5.335907536862256251e+01
3.509999999999999926e-02 -5.467578355872849727e+01
3.599999999999999728e-02 -5.604065039643128898e+01
3.690000000000000224e-02 -5.740510509965029229e+01
3.769999999999999740e-02 -5.876805823514713722e+01
3.860000000000000236e-02 -6.017912634554523521e+01
3.939999999999999752e-02 -6.157036283302373647e+01
4.030000000000000249e-02 -6.300942041521943793e+01
4.109999999999999765e-02 -6.442702614191409793e+01
4.200000000000000261e-02 -6.589217121084061546e+01
4.290000000000000063e-02 -6.735182609295159750e+01
4.370000000000000273e-02 -6.880511678723992475e+01
4.460000000000000075e-02 -7.030464934046675296e+01
4.540000000000000285e-02 -7.177876991472005841e+01
4.630000000000000088e-02 -7.329852833153341862e+01
4.710000000000000298e-02 -7.479094189004335647e+01
4.800000000000000100e-02 -7.632845203580346549e+01
4.889999999999999902e-02 -7.785557103418328495e+01
4.970000000000000112e-02 -7.937129818312459406e+01
5.059999999999999915e-02 -8.093082251226539370e+01
5.140000000000000124e-02 -8.245906564434663721e+01
5.229999999999999927e-02 -8.402993720843375058e+01
5.310000000000000137e-02 -8.556794078730717956e+01
5.399999999999999939e-02 -8.714781915010237867e+01
5.489999999999999741e-02 -8.871230608664721728e+01
5.569999999999999951e-02 -9.026066208244641587e+01
5.659999999999999754e-02 -9.184895764359933423e+01
5.739999999999999963e-02 -9.340094446887083279e+01
5.829999999999999766e-02 -9.499199755662763778e+01
5.909999999999999976e-02 -9.654523641413032919e+01
5.999999999999999778e-02 -9.813624176796986376e+01
6.090000000000000274e-02 -9.970748829142068814e+01
6.169999999999999790e-02 -1.012579730387415964e+02
6.260000000000000286e-02 -1.028442463910483866e+02
6.339999999999999802e-02 -1.043898261376904912e+02
6.429999999999999605e-02 -1.059701259915737950e+02
6.510000000000000508e-02 -1.075089368770816520e+02
6.600000000000000311e-02 -1.090805360499051631e+02
6.690000000000000113e-02 -1.106285524616414619e+02
6.769999999999999629e-02 -1.121520402012985755e+02
6.859999999999999432e-02 -1.137068535971350229e+02
6.940000000000000335e-02 -1.152178159906786732e+02
7.030000000000000138e-02 -1.167583934595389934e+02
7.109999999999999654e-02 -1.182546171074946812e+02
7.199999999999999456e-02 -1.197789911476928637e+02
7.290000000000000646e-02 -1.212762507872372879e+02
7.370000000000000162e-02 -1.227465129455060264e+02
7.459999999999999964e-02 -1.242429705457217608e+02
7.539999999999999480e-02 -1.256933718861888138e+02
7.630000000000000671e-02 -1.271688213550054058e+02
7.710000000000000187e-02 -1.285976755628470585e+02
7.799999999999999989e-02 -1.300502632747773077e+02
7.889999999999999791e-02 -1.314735934895351477e+02
7.969999999999999307e-02 -1.328673853779109777e+02
8.060000000000000497e-02 -1.342825536929505574e+02
8.140000000000000013e-02 -1.356508710282060690e+02
8.229999999999999816e-02 -1.370392094354506582e+02
8.309999999999999332e-02 -1.383805494845664157e+02
8.400000000000000522e-02 -1.397408785741846202e+02
8.490000000000000324e-02 -1.410701925432231292e+02
8.569999999999999840e-02 -1.423690253035496482e+02
8.659999999999999643e-02 -1.436843869558348672e+02
8.740000000000000546e-02 -1.449530961094391728e+02
8.830000000000000349e-02 -1.462373178380765353e+02
8.909999999999999865e-02 -1.474753306349695947e+02
8.999999999999999667e-02 -1.487272653504035418e+02
9.089999999999999469e-02 -1.499476838653583854e+02
9.170000000000000373e-02 -1.511372840301077076e+02
9.260000000000000175e-02 -1.523391418766562708e+02
9.339999999999999691e-02 -1.534956324414055189e+02
9.429999999999999494e-02 -1.546630497479935684e+02
9.510000000000000397e-02 -1.557855017274132194e+02
9.600000000000000200e-02 -1.569182067338042827e+02
9.690000000000000002e-02 -1.580193936802020573e+02
9.769999999999999518e-02 -1.590898889540818004e+02
9.859999999999999321e-02 -1.601687722246726935e+02
9.940000000000000224e-02 -1.612040926025593706e+02
1.003000000000000003e-01 -1.622464685147093064e+02
1.010999999999999954e-01 -1.632460568617003673e+02
1.019999999999999934e-01 -1.642519425708943857e+02
1.029000000000000054e-01 -1.652271185162849179e+02
1.037000000000000005e-01 -1.661724870120606283e+02
1.045999999999999985e-01 -1.671226304628575861e+02
1.053999999999999937e-01 -1.680315923182565712e+02
1.063000000000000056e-01 -1.689443945356399581e+02
1.071000000000000008e-01 -1.698172279182558952e+02
1.079999999999999988e-01 -1.706923563246474487e+02
1.088999999999999968e-01 -1.715385613972549947e+02
1.097000000000000058e-01 -1.723560356620034781e+02
1.106000000000000039e-01 -1.731751351686579312e+02
1.113999999999999990e-01 -1.739560280070870988e+02
1.122999999999999970e-01 -1.747375590056181238e+02
1.131000000000000061e-01 -1.754819352878396330e+02
1.140000000000000041e-01 -1.762255906498040758e+02
1.149000000000000021e-01 -1.769420719641020128e+02
1.156999999999999973e-01 -1.776316655231790946e+02
1.165999999999999953e-01 -1.783191936082879181e+02
1.174000000000000044e-01 -1.789722368039316507e+02
1.183000000000000024e-01 -1.796228998562400250e+02
1.190999999999999975e-01 -1.802397131480518340e+02
1.199999999999999956e-01 -1.808535479417660667e+02
1.208999999999999936e-01 -1.814413367305986640e+02
1.217000000000000026e-01 -1.820040610286069978e+02
1.226000000000000006e-01 -1.825624989609462148e+02
1.233999999999999958e-01 -1.830898079468896640e+02
1.242999999999999938e-01 -1.836117182509828751e+02
1.250999999999999890e-01 -1.841031392770838693e+02
1.260000000000000009e-01 -1.845889114940740114e+02
1.269000000000000128e-01 -1.850509105970297128e+02
1.277000000000000079e-01 -1.854900382224299449e+02
1.285999999999999921e-01 -1.859219620818112446e+02
1.293999999999999873e-01 -1.863261557931321306e+02
1.302999999999999992e-01 -1.867225894942039304e+02
1.310999999999999943e-01 -1.870923305289755945e+02
1.320000000000000062e-01 -1.874538002441924220e+02
1.328999999999999904e-01 -1.877932295829702980e+02
1.337000000000000133e-01 -1.881119373998964761e+02
1.345999999999999974e-01 -1.884213025991291772e+02
1.353999999999999926e-01 -1.887061882749560766e+02
1.363000000000000045e-01 -1.889813153442567000e+02
1.370999999999999996e-01 -1.892329231994572751e+02
1.380000000000000115e-01 -1.894740893252064211e+02
1.388999999999999957e-01 -1.896953347305488364e+02
1.396999999999999909e-01 -1.898975960650793127e+02
1.406000000000000028e-01 -1.900885181821795413e+02
1.413999999999999979e-01 -1.902585235248553772e+02
1.423000000000000098e-01 -1.904164063686471877e+02
1.431000000000000050e-01 -1.905544178170815997e+02
1.439999999999999891e-01 -1.906798199837112406e+02
1.449000000000000010e-01 -1.907876127824409878e+02
1.456999999999999962e-01 -1.908782199908928590e+02
1.466000000000000081e-01 -1.909554265188538693e+02
1.474000000000000032e-01 -1.910154114453700345e+02
1.482999999999999874e-01 -1.910611131770097018e+02
1.491000000000000103e-01 -1.910903776631710969e+02
1.499999999999999944e-01 -1.911049722754983691e+02
1.509000000000000064e-01 -1.911041661173198634e+02
1.517000000000000015e-01 -1.910885724058459800e+02
1.526000000000000134e-01 -1.910574233254209560e+02
1.534000000000000086e-01 -1.910122054599290493e+02
1.542999999999999927e-01 -1.909515408183042098e+02
1.550999999999999879e-01 -1.908774548514984701e+02
1.559999999999999998e-01 -1.907872332916122389e+02
1.569000000000000117e-01 -1.906833015199457009e+02
1.577000000000000068e-01 -1.905670946109458725e+02
1.585999999999999910e-01 -1.904337543573001881e+02
1.593999999999999861e-01 -1.902894661796556761e+02
1.602999999999999980e-01 -1.901281663815607601e+02
1.610999999999999932e-01 -1.899571314041351400e+02
1.620000000000000051e-01 -1.897683555330382887e+02
1.628999999999999893e-01 -1.895683710823702484e+02
1.637000000000000122e-01 -1.893573522662977382e+02
1.645999999999999963e-01 -1.891286426751878480e+02
1.653999999999999915e-01 -1.888922297173592426e+02
1.663000000000000034e-01 -1.886376964431751446e+02
1.670999999999999985e-01 -1.883764276667347133e+02
1.680000000000000104e-01 -1.880961419518675370e+02
1.688999999999999946e-01 -1.878069789308031829e+02
1.696999999999999897e-01 -1.875091994986149189e+02
1.706000000000000016e-01 -1.871923910677416814e+02
1.713999999999999968e-01 -1.868713917825864712e+02
1.723000000000000087e-01 -1.865308865735875941e+02
1.731000000000000039e-01 -1.861870941870528497e+02
1.739999999999999880e-01 -1.858236009777037054e+02
1.748999999999999999e-01 -1.854532214155839824e+02
1.756999999999999951e-01 -1.850766286996425549e+02
1.766000000000000070e-01 -1.846801984058617165e+02
1.774000000000000021e-01 -1.842828153158015709e+02
1.782999999999999863e-01 -1.838649652816660307e+02
1.791000000000000092e-01 -1.834473436544699325e+02
1.799999999999999933e-01 -1.830090359667105986e+02
1.809000000000000052e-01 -1.825663307618056876e+02
1.817000000000000004e-01 -1.821191358175304345e+02
1.826000000000000123e-01 -1.816516393930731681e+02
1.834000000000000075e-01 -1.811863602070637285e+02
1.842999999999999916e-01 -1.807006466105022469e+02
1.850999999999999868e-01 -1.802174104876195599e+02
1.859999999999999987e-01 -1.797136478103267905e+02
1.869000000000000106e-01 -1.792074961436308058e+02
1.877000000000000057e-01 -1.786990266688759164e+02
1.885999999999999899e-01 -1.781703248748326303e+02
1.894000000000000128e-01 -1.776459157122520196e+02
1.902999999999999969e-01 -1.771011864993999154e+02
1.910999999999999921e-01 -1.765617334642114429e+02
1.920000000000000040e-01 -1.760013755447248229e+02
1.928999999999999881e-01 -1.754409243321125018e+02
1.937000000000000111e-01 -1.748801361653496542e+02
1.945999999999999952e-01 -1.742988937777001581e+02
1.953999999999999904e-01 -1.737245734319357950e+02
1.963000000000000023e-01 -1.731298733867211865e+02
1.970999999999999974e-01 -1.725428946380226876e+02
1.980000000000000093e-01 -1.719358005398192972e+02
1.988999999999999935e-01 -1.713294363868960488e+02
1.996999999999999886e-01 -1.707249462757495451e+02
2.006000000000000005e-01 -1.701000347220392825e+02
2.013999999999999957e-01 -1.694843185096665650e+02
2.023000000000000076e-01 -1.688482962078722665e+02
2.031000000000000028e-01 -1.682224829768877328e+02
2.039999999999999869e-01 -1.675762958992231120e+02
2.048999999999999988e-01 -1.669328302062517082e+02
2.056999999999999940e-01 -1.662926942650854016e+02
2.066000000000000059e-01 -1.656320443144626040e+02
2.074000000000000010e-01 -1.649831865421818122e+02
2.083000000000000129e-01 -1.643137772612546996e+02
2.091000000000000081e-01 -1.636565275619539364e+02
2.099999999999999922e-01 -1.629790757814647577e+02
2.109000000000000041e-01 -1.623057735043900323e+02
2.116999999999999993e-01 -1.616372267958709585e+02
2.126000000000000112e-01 -1.609485522790340895e+02
2.134000000000000064e-01 -1.602729311833680867e+02
2.142999999999999905e-01 -1.595776059265049867e+02
2.151000000000000134e-01 -1.588955065113294154e+02
2.159999999999999976e-01 -1.581936840808293994e+02
2.169000000000000095e-01 -1.574972118184689123e+02
2.177000000000000046e-01 -1.568065349353275053e+02
2.185999999999999888e-01 -1.560959711244902621e+02
2.194000000000000117e-01 -1.553997557539172760e+02
2.202999999999999958e-01 -1.546838776174177212e+02
2.210999999999999910e-01 -1.539829583646244657e+02
2.220000000000000029e-01 -1.532624799489262841e+02
2.228999999999999870e-01 -1.525483191631149964e+02
2.237000000000000099e-01 -1.518409391347360042e+02
2.245999999999999941e-01 -1.511136548136075817e+02
2.253999999999999893e-01 -1.504022840637265119e+02
2.263000000000000012e-01 -1.496711744592392392e+02
2.270999999999999963e-01 -1.489561397161897673e+02
2.280000000000000082e-01 -1.482214375031191764e+02
2.288999999999999924e-01 -1.474942189052212029e+02
2.296999999999999875e-01 -1.467743634877245995e+02
2.305999999999999994e-01 -1.460354111184026920e+02
2.313999999999999946e-01 -1.453126135674486648e+02
2.323000000000000065e-01 -1.445707540664210171e+02
2.331000000000000016e-01 -1.438454974532160691e+02
2.340000000000000135e-01 -1.431013724371676403e+02
2.348999999999999977e-01 -1.423646417120526735e+02
2.356999999999999929e-01 -1.416361969117226920e+02
2.366000000000000048e-01 -1.408888183548378379e+02
2.373999999999999999e-01 -1.401584057000300731e+02
2.383000000000000118e-01 -1.394092918038853099e+02
2.391000000000000070e-01 -1.386771770130582979e+02
2.399999999999999911e-01 -1.379266953145925356e+02
2.409000000000000030e-01 -1.371841318732524826e+02
2.416999999999999982e-01 -1.364502849861916047e+02
2.426000000000000101e-01 -1.356979025591294032e+02
2.434000000000000052e-01 -1.349631398609014639e+02
2.442999999999999894e-01 -1.342099970796461434e+02
2.451000000000000123e-01 -1.334745080683023843e+02
2.459999999999999964e-01 -1.327204406520131101e+02
2.469000000000000083e-01 -1.319755016344085732e+02
2.477000000000000035e-01 -1.312392548719590195e+02
2.485999999999999877e-01 -1.304849374758800025e+02
2.494000000000000106e-01 -1.297486602180943294e+02
2.503000000000000225e-01 -1.289943434758799867e+02
2.510999999999999899e-01 -1.282579102891475600e+02
2.520000000000000018e-01 -1.275040666823612696e+02
2.529000000000000137e-01 -1.267589946520131150e+02
2.536999999999999811e-01 -1.260230844989351766e+02
2.545999999999999930e-01 -1.252698075326787830e+02
2.554000000000000159e-01 -1.245346556568725589e+02
2.562999999999999723e-01 -1.237819726080455496e+02
2.570999999999999952e-01 -1.230478655829290773e+02
2.580000000000000071e-01 -1.222961679045640579e+02
2.589000000000000190e-01 -1.215539971110453479e+02
2.596999999999999864e-01 -1.208213783539166144e+02
2.605999999999999983e-01 -1.200718606933094463e+02
2.614000000000000212e-01 -1.193407303044531034e+02
2.622999999999999776e-01 -1.185923970377806711e+02
2.631000000000000005e-01 -1.178628892607482896e+02
2.640000000000000124e-01 -1.171160930251246839e+02
2.649000000000000243e-01 -1.163794804488602068e+02
2.656999999999999917e-01 -1.156525779577923601e+02
2.666000000000000036e-01 -1.149087655810257758e+02
2.674000000000000266e-01 -1.141838675924321933e+02
2.682999999999999829e-01 -1.134424833179209315e+02
2.691000000000000059e-01 -1.127194949327869580e+02
2.700000000000000178e-01 -1.119805180548160735e+02
2.708999999999999742e-01 -1.112512603063159844e+02
2.716999999999999971e-01 -1.105319169212258146e+02
2.726000000000000090e-01 -1.097963943162131102e+02
2.733999999999999764e-01 -1.090798042394873164e+02
2.742999999999999883e-01 -1.083469679699464621e+02
2.751000000000000112e-01 -1.076326353671641556e+02
2.760000000000000231e-01 -1.069022394817923498e+02
2.768999999999999795e-01 -1.061820873409559454e+02
2.777000000000000024e-01 -1.054721502058110616e+02
2.786000000000000143e-01 -1.047457965935068955e+02
2.793999999999999817e-01 -1.040384289028551308e+02
2.802999999999999936e-01 -1.033150726963753385e+02
2.811000000000000165e-01 -1.026106591692663983e+02
2.819999999999999729e-01 -1.018898305301393492e+02
2.828999999999999848e-01 -1.011795634646697124e+02
2.837000000000000077e-01 -1.004787705748937867e+02
2.846000000000000196e-01 -9.976238297651559606e+01
2.853999999999999870e-01 -9.906465457149992915e+01
2.862999999999999989e-01 -9.835082384159116486e+01
2.871000000000000218e-01 -9.765549953834910468e+01
2.879999999999999782e-01 -9.694447164014607665e+01
2.888999999999999901e-01 -9.624293977717258031e+01
2.897000000000000131e-01 -9.555115948886374611e+01
2.906000000000000250e-01 -9.484372675575812650e+01
2.913999999999999924e-01 -9.415420161654058973e+01
2.923000000000000043e-01 -9.344889136543629604e+01
2.931000000000000272e-01 -9.276156172501445951e+01
2.939999999999999836e-01 -9.205818693009584308e+01
2.948999999999999955e-01 -9.136431692133736249e+01
2.957000000000000184e-01 -9.067945883924704731e+01
2.965999999999999748e-01 -8.997870990868139529e+01
2.973999999999999977e-01 -8.929550088531671292e+01
2.983000000000000096e-01 -8.859628338036961281e+01
2.990999999999999770e-01 -8.791389249836687725e+01
2.999999999999999889e-01 -8.721577882170966234e+01
3.009000000000000008e-01 -8.652613682170967024e+01
3.017000000000000237e-01 -8.584568120357820931e+01
3.025999999999999801e-01 -8.514846455755379395e+01
3.034000000000000030e-01 -8.446775954443653234e+01
3.043000000000000149e-01 -8.377084223173814337e+01
3.050999999999999823e-01 -8.309050322278118017e+01
3.059999999999999942e-01 -8.239328755755377642e+01
3.069000000000000061e-01 -8.170439607320957975e+01
3.076999999999999735e-01 -8.102351690401611961e+01
3.085999999999999854e-01 -8.032540867688813080e+01
3.094000000000000083e-01 -7.964376183585319779e+01
3.103000000000000203e-01 -7.894471541168118733e+01
3.110999999999999877e-01 -7.826165188531672356e+01
3.119999999999999996e-01 -7.756142106720996310e+01
3.129000000000000115e-01 -7.686852810728001373e+01
3.136999999999999789e-01 -7.618306577108413080e+01
3.145999999999999908e-01 -7.547970152891342366e+01
3.154000000000000137e-01 -7.479237434095489334e+01
3.163000000000000256e-01 -7.408677719320067467e+01
3.170999999999999930e-01 -7.339689607982063535e+01
3.180000000000000049e-01 -7.268846546020303379e+01
3.189000000000000168e-01 -7.198748945135695010e+01
3.196999999999999842e-01 -7.129323369628650653e+01
3.205999999999999961e-01 -7.058041906177949443e+01
3.214000000000000190e-01 -6.988300848172545443e+01
3.222999999999999754e-01 -6.916714137769800175e+01
3.230999999999999983e-01 -6.846609736510616528e+01
3.240000000000000102e-01 -6.774643915151006013e+01
3.249000000000000221e-01 -6.703338508879927815e+01
3.256999999999999895e-01 -6.632693387548486896e+01
3.266000000000000014e-01 -6.560126526769126087e+01
3.274000000000000243e-01 -6.489109243193323096e+01
3.282999999999999807e-01 -6.416162852584754717e+01
3.291000000000000036e-01 -6.344726014393227587e+01
3.300000000000000155e-01 -6.271343412742399437e+01
3.309000000000000274e-01 -6.198650249720719785e+01
3.316999999999999948e-01 -6.126617753429783875e+01
3.326000000000000068e-01 -6.052612109878364777e+01
3.333999999999999742e-01 -5.980188216179941207e+01
3.342999999999999861e-01 -5.905783434323289782e+01
3.351000000000000090e-01 -5.832969540475969694e+01
3.360000000000000209e-01 -5.758151089295912328e+01
3.368999999999999773e-01 -5.684066152107383374e+01
3.377000000000000002e-01 -5.610681303804183528e+01
3.386000000000000121e-01 -5.535342072737988417e+01
3.393999999999999795e-01 -5.461620758056422176e+01
3.402999999999999914e-01 -5.385923058045624146e+01
3.411000000000000143e-01 -5.311917593537037874e+01
3.420000000000000262e-01 -5.235935578190134976e+01
3.428999999999999826e-01 -5.160724281119846069e+01
3.437000000000000055e-01 -5.086327987060131051e+01
3.446000000000000174e-01 -5.009980660366612426e+01
3.453999999999999848e-01 -4.935379760129976745e+01
3.462999999999999967e-01 -4.858857792453318325e+01
3.471000000000000196e-01 -4.784106817644753562e+01
3.479999999999999760e-01 -4.707450814463389577e+01
3.488999999999999879e-01 -4.631736517498204364e+01
3.497000000000000108e-01 -4.556876444914293955e+01
3.506000000000000227e-01 -4.480207401645346010e+01
3.513999999999999901e-01 -4.405393107563737232e+01
3.523000000000000020e-01 -4.328781218868907388e+01
3.531000000000000250e-01 -4.254071934782919584e+01
3.539999999999999813e-01 -4.177624486782201529e+01
3.548999999999999932e-01 -4.102186148919273023e+01
3.557000000000000162e-01 -4.027803845917149772e+01
3.565999999999999726e-01 -3.951748307640539082e+01
3.573999999999999955e-01 -3.877659234104149277e+01
3.583000000000000074e-01 -3.801964657069053999e+01
3.590999999999999748e-01 -3.728322842932711012e+01
3.599999999999999867e-01 -3.653101503077382262e+01
3.608999999999999986e-01 -3.579083260918420706e+01
3.617000000000000215e-01 -3.506249876289414402e+01
3.625999999999999779e-01 -3.431940865249502082e+01
3.634000000000000008e-01 -3.359791808735234042e+01
3.643000000000000127e-01 -3.286239603637952911e+01
3.650999999999999801e-01 -3.214833557695178712e+01
3.659999999999999920e-01 -3.142138641737375693e+01
3.669000000000000039e-01 -3.070786416806356556e+01
3.677000000000000268e-01 -3.000757714905626727e+01
3.685999999999999832e-01 -2.929552446791046094e+01
3.694000000000000061e-01 -2.860596682680992231e+01
3.703000000000000180e-01 -2.790497678833980544e+01
3.710999999999999854e-01 -2.722688140614011942e+01
3.719999999999999973e-01 -2.653865251980487372e+01
3.729000000000000092e-01 -2.586502737721684042e+01
3.736999999999999766e-01 -2.520630772998545766e+01
3.745999999999999885e-01 -2.453858507938479860e+01
3.754000000000000115e-01 -2.389411358917118378e+01
3.763000000000000234e-01 -2.324145985889019173e+01
3.770999999999999908e-01 -2.261224822078960628e+01
3.780000000000000027e-01 -2.197575292317773332e+01
3.789000000000000146e-01 -2.135524771805415511e+01
3.796999999999999820e-01 -2.075076757914347425e+01
3.805999999999999939e-01 -2.014024377848798864e+01
3.814000000000000168e-01 -1.955334920353617889e+01
3.822999999999999732e-01 -1.896135758847296771e+01
3.830999999999999961e-01 -1.839293729311393122e+01
3.840000000000000080e-01 -1.782026990631869623e+01
3.849000000000000199e-01 -1.726440177953978861e+01
3.856999999999999873e-01 -1.672518772727257641e+01
3.865999999999999992e-01 -1.618297921387338434e+01
3.874000000000000221e-01 -1.566412054174635138e+01
3.882999999999999785e-01 -1.514306645841062604e+01
3.891000000000000014e-01 -1.464518135429327472e+01
3.900000000000000133e-01 -1.414591145052834165e+01
3.909000000000000252e-01 -1.366371099013877100e+01
3.916999999999999926e-01 -1.319828686811039908e+01
3.926000000000000045e-01 -1.273264049598542691e+01
3.934000000000000274e-01 -1.228939414487893167e+01
3.942999999999999838e-01 -1.184669305762364111e+01
3.951000000000000068e-01 -1.142598184363127167e+01
3.960000000000000187e-01 -1.100646782377247135e+01
3.968999999999999750e-01 -1.060366988884820749e+01
3.976999999999999980e-01 -1.021722467235974463e+01
3.986000000000000099e-01 -9.832938947574227484e+00
3.993999999999999773e-01 -9.469452036494184100e+00
4.002999999999999892e-01 -9.108736484776276399e+00
4.011000000000000121e-01 -8.768294483680950435e+00
4.020000000000000240e-01 -8.431124702994308606e+00
4.028999999999999804e-01 -8.109763502906917054e+00
4.037000000000000033e-01 -7.803695030123461329e+00
4.046000000000000152e-01 -7.501660676106332915e+00
4.053999999999999826e-01 -7.218313202709833121e+00
4.062999999999999945e-01 -6.939415804287134115e+00
4.071000000000000174e-01 -6.678468209673246392e+00
4.079999999999999738e-01 -6.422383736759589290e+00
4.088999999999999857e-01 -6.180575720600366196e+00
4.097000000000000086e-01 -5.952556042737144004e+00
4.106000000000000205e-01 -5.729870649131490801e+00
4.113999999999999879e-01 -5.523241187493404425e+00
4.122999999999999998e-01 -5.322208046329128805e+00
4.131000000000000227e-01 -5.136415795529702955e+00
4.139999999999999791e-01 -4.956379183224587592e+00
4.148999999999999910e-01 -4.788777092662021673e+00
4.157000000000000139e-01 -4.633026240242331006e+00
4.166000000000000258e-01 -4.483309933038962747e+00
4.173999999999999932e-01 -4.346754513682586918e+00
4.183000000000000052e-01 -4.216314134440633410e+00
4.190999999999999726e-01 -4.098164513967581968e+00
4.199999999999999845e-01 -3.986167252636684921e+00
4.208999999999999964e-01 -3.884435935010379648e+00
4.217000000000000193e-01 -3.792418163234547723e+00
4.225999999999999757e-01 -3.706523979766516153e+00
4.233999999999999986e-01 -3.630850490473741754e+00
4.243000000000000105e-01 -3.561266491218499475e+00
4.250999999999999779e-01 -3.501039641054280782e+00
4.259999999999999898e-01 -3.446834218873664479e+00
4.269000000000000017e-01 -3.400605341492571210e+00
4.277000000000000246e-01 -3.361834497284154288e+00
4.285999999999999810e-01 -3.328905204115963468e+00
4.294000000000000039e-01 -3.303318552353374127e+00
4.303000000000000158e-01 -3.283385735975162589e+00
4.310999999999999832e-01 -3.270011386117561702e+00
4.319999999999999951e-01 -3.262145418480284942e+00
4.329000000000000070e-01 -3.260023343376369453e+00
4.336999999999999744e-01 -3.263228264002697276e+00
4.345999999999999863e-01 -3.271640742062769114e+00
4.354000000000000092e-01 -3.284748778060250451e+00
4.363000000000000211e-01 -3.302887191592158267e+00
4.370999999999999885e-01 -3.324999788526807887e+00
4.380000000000000004e-01 -3.351917504095037526e+00
4.389000000000000123e-01 -3.382583834990658733e+00
4.396999999999999797e-01 -3.416596911780807488e+00
4.405999999999999917e-01 -3.455076461528988840e+00
4.414000000000000146e-01 -3.496006101818160516e+00
4.423000000000000265e-01 -3.541113007795791745e+00
4.430999999999999939e-01 -3.588160800745360035e+00
4.440000000000000058e-01 -3.639150074579333261e+00
4.449000000000000177e-01 -3.692199503263414506e+00
4.456999999999999851e-01 -3.747002757456693089e+00
4.465999999999999970e-01 -3.805410450624997498e+00
4.474000000000000199e-01 -3.864532577382327361e+00
4.482999999999999763e-01 -3.927053972324209496e+00
4.490999999999999992e-01 -3.989848213445456704e+00
4.500000000000000111e-01 -4.055845230787152644e+00
4.509000000000000230e-01 -4.122565961770316534e+00
4.516999999999999904e-01 -4.189856180272778730e+00
4.526000000000000023e-01 -4.260001105716056280e+00
4.534000000000000252e-01 -4.329578839874310248e+00
4.542999999999999816e-01 -4.401884131247073562e+00
4.551000000000000045e-01 -4.473352654544807017e+00
4.560000000000000164e-01 -4.547371457150320317e+00
4.568999999999999728e-01 -4.621231583403889509e+00
4.576999999999999957e-01 -4.694751904643378104e+00
4.586000000000000076e-01 -4.770634446464999456e+00
4.593999999999999750e-01 -4.845146690038623305e+00
4.602999999999999869e-01 -4.921881626539459376e+00
4.611000000000000099e-01 -4.997108098096442852e+00
4.620000000000000218e-01 -5.074445345742446989e+00
4.628999999999999782e-01 -5.151038878039361890e+00
4.637000000000000011e-01 -5.226903897417671807e+00
4.646000000000000130e-01 -5.304718561026009915e+00
4.653999999999999804e-01 -5.380795339086166251e+00
4.662999999999999923e-01 -5.458768030699759244e+00
4.671000000000000152e-01 -5.534925274755097213e+00
4.680000000000000271e-01 -5.612939446552617895e+00
4.688999999999999835e-01 -5.690033799782308499e+00
4.697000000000000064e-01 -5.766181127371694970e+00
4.706000000000000183e-01 -5.844141064945434394e+00
4.713999999999999857e-01 -5.920214300680211039e+00
4.722999999999999976e-01 -5.998100136370877244e+00
4.731000000000000205e-01 -6.074082544560218011e+00
4.739999999999999769e-01 -6.151906657894851804e+00
4.748999999999999888e-01 -6.228747082549985770e+00
4.757000000000000117e-01 -6.304650826846181388e+00
4.766000000000000236e-01 -6.382364604073961445e+00
4.773999999999999910e-01 -6.458229859011716201e+00
4.783000000000000029e-01 -6.535941410336278068e+00
4.791000000000000258e-01 -6.611839826846180657e+00
4.799999999999999822e-01 -6.689605082549984871e+00
4.808999999999999941e-01 -6.766473498402844733e+00
4.817000000000000171e-01 -6.842448544560218338e+00
4.825999999999999734e-01 -6.920374711715742144e+00
4.833999999999999964e-01 -6.996494415898078856e+00
4.843000000000000083e-01 -7.074572181389491732e+00
4.850999999999999757e-01 -7.150857889732108674e+00
4.859999999999999876e-01 -7.229123066916098850e+00
4.868999999999999995e-01 -7.306566120736989411e+00
4.877000000000000224e-01 -7.383181164332509816e+00
4.885999999999999788e-01 -7.461804581608462605e+00
4.894000000000000017e-01 -7.538660573835469947e+00
4.903000000000000136e-01 -7.617546298840786712e+00
4.910999999999999810e-01 -7.694612906526518081e+00
4.919999999999999929e-01 -7.773724503351409076e+00
4.929000000000000048e-01 -7.851959884958592539e+00
4.937000000000000277e-01 -7.929336360675856454e+00
4.945999999999999841e-01 -8.008703770485199769e+00
4.954000000000000070e-01 -8.086232014058824191e+00
4.963000000000000189e-01 -8.165682602190916128e+00
4.970999999999999863e-01 -8.243267911321797925e+00
4.979999999999999982e-01 -8.322725505322074113e+00
4.989000000000000101e-01 -8.401194186338056369e+00
4.996999999999999775e-01 -8.478609290104364149e+00
5.006000000000000449e-01 -8.557825238188279116e+00
5.013999999999999568e-01 -8.634986842195441881e+00
5.022999999999999687e-01 -8.713869882987923532e+00
5.030999999999999917e-01 -8.790564914212076530e+00
5.040000000000000036e-01 -8.868870163784936977e+00
5.049000000000000155e-01 -8.945873295862879715e+00
5.057000000000000384e-01 -9.021556378937260590e+00
5.066000000000000503e-01 -9.098581415197219968e+00
5.073999999999999622e-01 -9.173274555136057273e+00
5.082999999999999741e-01 -9.249158039414410837e+00
5.090999999999999970e-01 -9.322570642523816176e+00
5.100000000000000089e-01 -9.397057493366654413e+00
5.109000000000000208e-01 -9.469814056931344481e+00
5.117000000000000437e-01 -9.540823182155914850e+00
5.125999999999999446e-01 -9.612590492271799292e+00
5.133999999999999675e-01 -9.681615643530959048e+00
5.142999999999999794e-01 -9.751213535232132301e+00
5.151000000000000023e-01 -9.817892080426032564e+00
5.160000000000000142e-01 -9.884945419663884181e+00
5.169000000000000261e-01 -9.949791617255279164e+00
5.177000000000000490e-01 -1.001241539443953243e+01
5.185999999999999499e-01 -1.007502396741944928e+01
5.193999999999999728e-01 -1.013448362875083575e+01
5.202999999999999847e-01 -1.019367754653040770e+01
5.211000000000000076e-01 -1.024965262686769663e+01
5.220000000000000195e-01 -1.030509367357216810e+01
5.229000000000000314e-01 -1.035788831145258371e+01
5.237000000000000544e-01 -1.040798420302260929e+01
5.245999999999999552e-01 -1.045715439150506398e+01
5.253999999999999782e-01 -1.050291413969868337e+01
5.262999999999999901e-01 -1.054747527584919808e+01
5.271000000000000130e-01 -1.058861859005988570e+01
5.280000000000000249e-01 -1.062825115822266753e+01
5.289000000000000368e-01 -1.066485223639210211e+01
5.296999999999999487e-01 -1.069846294059619929e+01
5.305999999999999606e-01 -1.073017167549864936e+01
5.313999999999999835e-01 -1.075837433575703805e+01
5.322999999999999954e-01 -1.078449036019310547e+01
5.331000000000000183e-01 -1.080709989174554586e+01
5.340000000000000302e-01 -1.082731584917921452e+01
5.349000000000000421e-01 -1.084426706822886999e+01
5.356999999999999540e-01 -1.085807018852663752e+01
5.365999999999999659e-01 -1.086910709634350702e+01
5.373999999999999888e-01 -1.087677624620114614e+01
5.383000000000000007e-01 -1.088149865478439438e+01
5.391000000000000236e-01 -1.088292040037225661e+01
5.400000000000000355e-01 -1.088117984042037278e+01
5.409000000000000474e-01 -1.087622411132025491e+01
5.416999999999999593e-01 -1.086808417387766035e+01
5.425999999999999712e-01 -1.085648863354480298e+01
5.433999999999999941e-01 -1.084195204000410051e+01
5.443000000000000060e-01 -1.082374605890050745e+01
5.451000000000000290e-01 -1.080276479091267383e+01
5.460000000000000409e-01 -1.077800841283077382e+01
5.469000000000000528e-01 -1.075028481484517151e+01
5.476999999999999647e-01 -1.071968444920021035e+01
5.485999999999999766e-01 -1.068514939089060967e+01
5.493999999999999995e-01 -1.064829785973217113e+01
5.503000000000000114e-01 -1.060738737398663112e+01
5.511000000000000343e-01 -1.056438280842923128e+01
5.520000000000000462e-01 -1.051725908311725100e+01
5.528999999999999471e-01 -1.046764714267489893e+01
5.536999999999999700e-01 -1.041575720794734927e+01
5.545999999999999819e-01 -1.035965153479216383e+01
5.554000000000000048e-01 -1.030208608462777597e+01
5.563000000000000167e-01 -1.024034496312577147e+01
5.571000000000000396e-01 -1.017738333864563138e+01
5.580000000000000515e-01 -1.011024240223231985e+01
5.588999999999999524e-01 -1.004131851464743086e+01
5.596999999999999753e-01 -9.970798509633009843e+00
5.605999999999999872e-01 -9.896190194480940505e+00
5.614000000000000101e-01 -9.821048889422719697e+00
5.623000000000000220e-01 -9.741887070022796635e+00
5.631000000000000449e-01 -9.662519697436653843e+00
5.639999999999999458e-01 -9.579172266519336176e+00
5.648999999999999577e-01 -9.494892832974306529e+00
5.656999999999999806e-01 -9.409850503545591494e+00
5.665999999999999925e-01 -9.320970845542674965e+00
5.674000000000000155e-01 -9.232662949571370348e+00
5.683000000000000274e-01 -9.140651426624296860e+00
5.691000000000000503e-01 -9.049474458483073747e+00
5.699999999999999512e-01 -8.954760547841685181e+00
5.708999999999999631e-01 -8.859991109435707557e+00
5.716999999999999860e-01 -8.765291238645039229e+00
5.725999999999999979e-01 -8.667348490955273377e+00
5.734000000000000208e-01 -8.570885365883896156e+00
5.743000000000000327e-01 -8.471311803020059372e+00
5.750999999999999446e-01 -8.373491485437188686e+00
5.759999999999999565e-01 -8.272721364614085360e+00
5.768999999999999684e-01 -8.172760593560871811e+00
5.776999999999999913e-01 -8.073690181561536505e+00
5.786000000000000032e-01 -7.971989706063599357e+00
5.794000000000000261e-01 -7.872602874795600947e+00
5.803000000000000380e-01 -7.770752299013016895e+00
5.810999999999999499e-01 -7.671452669321550566e+00
5.819999999999999618e-01 -7.569901494721364976e+00
5.828999999999999737e-01 -7.469855530937704380e+00
5.836999999999999966e-01 -7.371366801333826935e+00
5.846000000000000085e-01 -7.270939773635331171e+00
5.854000000000000314e-01 -7.173435407180133616e+00
5.863000000000000433e-01 -7.074151052549298768e+00
5.870999999999999552e-01 -6.977959396604290099e+00
5.879999999999999671e-01 -6.880193005647637250e+00
5.888999999999999790e-01 -6.784459504706114252e+00
5.897000000000000020e-01 -6.690769613092183654e+00
5.906000000000000139e-01 -6.595785388349675316e+00
5.914000000000000368e-01 -6.504084933762245058e+00
5.923000000000000487e-01 -6.411250476503860263e+00
5.930999999999999606e-01 -6.321775990867609885e+00
5.939999999999999725e-01 -6.231322575430984223e+00
5.948999999999999844e-01 -6.143215101903525266e+00
5.957000000000000073e-01 -6.057431434419243033e+00
5.966000000000000192e-01 -5.970854599078956326e+00
5.974000000000000421e-01 -5.887709374861596068e+00
5.983000000000000540e-01 -5.803895565928136158e+00
5.990999999999999659e-01 -5.723502218807345443e+00
5.999999999999999778e-01 -5.642550233368515578e+00
6.008999999999999897e-01 -5.564036804859672003e+00
6.017000000000000126e-01 -5.487883487605322408e+00
6.026000000000000245e-01 -5.411342304005767545e+00
6.034000000000000474e-01 -5.338107914362547390e+00
6.042999999999999483e-01 -5.264545412742405617e+00
6.050999999999999712e-01 -5.194186116924458751e+00
6.059999999999999831e-01 -5.123564008757340638e+00
6.068999999999999950e-01 -5.055263483379655476e+00
6.077000000000000179e-01 -4.989233359797322187e+00
6.086000000000000298e-01 -4.922981504049726453e+00
6.094000000000000528e-01 -4.859699056359668035e+00
6.102999999999999536e-01 -4.796305365227789608e+00
6.110999999999999766e-01 -4.735734894064995260e+00
6.119999999999999885e-01 -4.675042597240094189e+00
6.129000000000000004e-01 -4.616374186335802321e+00
6.137000000000000233e-01 -4.559691067811510123e+00
6.146000000000000352e-01 -4.502880267658374791e+00
6.153999999999999471e-01 -4.448598560344947828e+00
6.162999999999999590e-01 -4.394183560323183357e+00
6.170999999999999819e-01 -4.342184367329880779e+00
6.179999999999999938e-01 -4.290018286445399731e+00
6.189000000000000057e-01 -4.239541767899325464e+00
6.197000000000000286e-01 -4.190664197349645903e+00
6.206000000000000405e-01 -4.141566033150069437e+00
6.213999999999999524e-01 -4.094565012020143335e+00
6.222999999999999643e-01 -4.047314022464748362e+00
6.230999999999999872e-01 -4.002041173307672395e+00
6.239999999999999991e-01 -3.956470188875985894e+00
6.249000000000000110e-01 -3.912157058768706008e+00
6.257000000000000339e-01 -3.869140922683672379e+00
6.266000000000000458e-01 -3.825720183095420612e+00
6.273999999999999577e-01 -3.783959155987834500e+00
6.282999999999999696e-01 -3.741784228157845060e+00
6.290999999999999925e-01 -3.701184652374980733e+00
6.300000000000000044e-01 -3.660065646988604371e+00
6.309000000000000163e-01 -3.619949243879350576e+00
6.317000000000000393e-01 -3.580735391678706581e+00
6.326000000000000512e-01 -3.540973327084969480e+00
6.333999999999999631e-01 -3.502533498247585086e+00
6.342999999999999750e-01 -3.463491228289272694e+00
6.350999999999999979e-01 -3.425699553929663299e+00
6.360000000000000098e-01 -3.387243916180676884e+00
6.369000000000000217e-01 -3.349511633412999956e+00
6.377000000000000446e-01 -3.312469711867054301e+00
6.385999999999999455e-01 -3.274709142237180792e+00
6.393999999999999684e-01 -3.238055210662770023e+00
6.402999999999999803e-01 -3.200663172585336280e+00
6.411000000000000032e-01 -3.164322209699342636e+00
6.420000000000000151e-01 -3.127221564965458889e+00
6.429000000000000270e-01 -3.090698681409516535e+00
6.437000000000000499e-01 -3.054720759863570390e+00
6.445999999999999508e-01 -3.017968435821606565e+00
6.453999999999999737e-01 -2.982196983577171778e+00
6.462999999999999856e-01 -2.945652577709063635e+00
6.471000000000000085e-01 -2.910064040704392507e+00
6.480000000000000204e-01 -2.873704850711037206e+00
6.489000000000000323e-01 -2.837885776351503075e+00
6.497000000000000552e-01 -2.802602148718411623e+00
6.505999999999999561e-01 -2.766557724501276905e+00
6.513999999999999790e-01 -2.731479481409460064e+00
6.522999999999999909e-01 -2.695669057192324747e+00
6.531000000000000139e-01 -2.660869204882204464e+00
6.540000000000000258e-01 -2.625346546441289508e+00
6.549000000000000377e-01 -2.590418788131679584e+00
6.556999999999999496e-01 -2.556090895707701094e+00
6.565999999999999615e-01 -2.521111849791418447e+00
6.573999999999999844e-01 -2.487180759841712607e+00
6.582999999999999963e-01 -2.452651355681507273e+00
6.591000000000000192e-01 -2.419194123734868640e+00
6.600000000000000311e-01 -2.385188790146153259e+00
6.609000000000000430e-01 -2.351883504444384432e+00
6.616999999999999549e-01 -2.319291896649271045e+00
6.625999999999999668e-01 -2.286235345959612975e+00
6.633999999999999897e-01 -2.254327939368792499e+00
6.643000000000000016e-01 -2.222017469279090829e+00
6.651000000000000245e-01 -2.190881392072989264e+00
6.660000000000000364e-01 -2.159410583796293359e+00
6.669000000000000483e-01 -2.128768089686381426e+00
6.676999999999999602e-01 -2.098961945587356936e+00
6.685999999999999721e-01 -2.068915611254166009e+00
6.693999999999999950e-01 -2.040100205298345237e+00
6.703000000000000069e-01 -2.011114608363883338e+00
6.711000000000000298e-01 -1.983379548061667386e+00
6.720000000000000417e-01 -1.955537759097425221e+00
6.729000000000000536e-01 -1.928627219005470961e+00
6.736999999999999655e-01 -1.902647350251321923e+00
6.745999999999999774e-01 -1.876658811035269991e+00
6.754000000000000004e-01 -1.851932730938886218e+00
6.763000000000000123e-01 -1.827262300328043931e+00
6.771000000000000352e-01 -1.803850464002190623e+00
6.780000000000000471e-01 -1.780551752441050795e+00
6.788999999999999480e-01 -1.758232525464929363e+00
6.796999999999999709e-01 -1.736876355002886285e+00
6.805999999999999828e-01 -1.715713971709752039e+00
6.814000000000000057e-01 -1.695770408276396246e+00
6.823000000000000176e-01 -1.676068996233533115e+00
6.831000000000000405e-01 -1.657563628136287326e+00
6.840000000000000524e-01 -1.639335052068897625e+00
6.848999999999999533e-01 -1.622064144076792447e+00
6.856999999999999762e-01 -1.605723749572719461e+00
6.865999999999999881e-01 -1.589717328092581372e+00
6.874000000000000110e-01 -1.574817860455163920e+00
6.883000000000000229e-01 -1.560277158878679238e+00
6.891000000000000458e-01 -1.546801823954205179e+00
6.899999999999999467e-01 -1.533706023910452299e+00
6.908999999999999586e-01 -1.521475215721280305e+00
6.916999999999999815e-01 -1.510079644383409692e+00
6.925999999999999934e-01 -1.499086117932820317e+00
6.934000000000000163e-01 -1.489030979942882915e+00
6.943000000000000282e-01 -1.479387185504552393e+00
6.951000000000000512e-01 -1.470622873352147142e+00
6.959999999999999520e-01 -1.462278999649526456e+00
6.968999999999999639e-01 -1.454662940967688556e+00
6.976999999999999869e-01 -1.447733938143072718e+00
6.985999999999999988e-01 -1.441228473308413083e+00
6.994000000000000217e-01 -1.435454761462560125e+00
7.003000000000000336e-01 -1.430099720910796401e+00
7.010999999999999455e-01 -1.425414995248435401e+00
7.019999999999999574e-01 -1.421146974381363615e+00
7.028999999999999693e-01 -1.417452086927901700e+00
7.036999999999999922e-01 -1.414292278957681948e+00
7.046000000000000041e-01 -1.411538542938427954e+00
7.054000000000000270e-01 -1.409321532428249313e+00
7.063000000000000389e-01 -1.407504229866404444e+00
7.070999999999999508e-01 -1.406173106590735689e+00
7.079999999999999627e-01 -1.405240760236464714e+00
7.088999999999999746e-01 -1.404743269060644950e+00
7.096999999999999975e-01 -1.404651775804684810e+00
7.106000000000000094e-01 -1.404958483380780887e+00
7.114000000000000323e-01 -1.405648683621647077e+00
7.123000000000000442e-01 -1.406739603766167024e+00
7.130999999999999561e-01 -1.408180078716909422e+00
7.139999999999999680e-01 -1.410030952134911475e+00
7.148999999999999799e-01 -1.412234110663491915e+00
7.157000000000000028e-01 -1.414777459886187971e+00
7.166000000000000147e-01 -1.417751524589494938e+00
7.174000000000000377e-01 -1.421026707598047389e+00
7.183000000000000496e-01 -1.424755260433606230e+00
7.190999999999999615e-01 -1.428776320648203813e+00
7.199999999999999734e-01 -1.433283574556675433e+00
7.208999999999999853e-01 -1.438138923888847565e+00
7.217000000000000082e-01 -1.443339874644284704e+00
7.226000000000000201e-01 -1.449085716487941600e+00
7.234000000000000430e-01 -1.455126025859540206e+00
7.243000000000000549e-01 -1.461768503218851878e+00
7.250999999999999668e-01 -1.468719221721173085e+00
7.259999999999999787e-01 -1.476326799737369910e+00
7.268999999999999906e-01 -1.484356396628116137e+00
7.277000000000000135e-01 -1.492815159295101113e+00
7.286000000000000254e-01 -1.502036615853008072e+00
7.294000000000000483e-01 -1.511619598073313808e+00
7.302999999999999492e-01 -1.522043954456049342e+00
7.310999999999999721e-01 -1.532855485242156535e+00
7.319999999999999840e-01 -1.544599056273456616e+00
7.328999999999999959e-01 -1.556906248084284794e+00
7.337000000000000188e-01 -1.569782741581148722e+00
7.346000000000000307e-01 -1.583738332297140561e+00
7.354000000000000536e-01 -1.598151518809117100e+00
7.362999999999999545e-01 -1.613748532954053516e+00
7.370999999999999774e-01 -1.629832475104309397e+00
7.379999999999999893e-01 -1.647212171973132300e+00
7.389000000000000012e-01 -1.665323793343850500e+00
7.397000000000000242e-01 -1.684174139501120715e+00
7.406000000000000361e-01 -1.704489186775019594e+00
7.413999999999999480e-01 -1.725347934486925583e+00
7.422999999999999599e-01 -1.747797115437195625e+00
7.430999999999999828e-01 -1.770804254675273803e+00
7.439999999999999947e-01 -1.795519548018795986e+00
7.449000000000000066e-01 -1.821116502080562416e+00
7.457000000000000295e-01 -1.847589763039691579e+00
7.466000000000000414e-01 -1.875943432713403025e+00
7.473999999999999533e-01 -1.904865172039080345e+00
7.482999999999999652e-01 -1.935788804642501137e+00
7.490999999999999881e-01 -1.967268484541865758e+00
7.500000000000000000e-01 -2.000852748982373530e+00
7.509000000000000119e-01 -2.035397976046113833e+00
7.517000000000000348e-01 -2.070873907927095026e+00
7.526000000000000467e-01 -2.108604392993826959e+00
7.533999999999999586e-01 -2.146824841647312354e+00
7.542999999999999705e-01 -2.187388966499456355e+00
7.550999999999999934e-01 -2.228389961156889587e+00
7.560000000000000053e-01 -2.271817730808677549e+00
7.569000000000000172e-01 -2.316158467660025533e+00
7.577000000000000401e-01 -2.361360480075295420e+00
7.586000000000000520e-01 -2.409087328838088293e+00
7.593999999999999639e-01 -2.457064580381893126e+00
7.602999999999999758e-01 -2.507617064769817716e+00
7.610999999999999988e-01 -2.558332712854027857e+00
7.620000000000000107e-01 -2.611659837881314505e+00
7.629000000000000226e-01 -2.665687067879146444e+00
7.637000000000000455e-01 -2.720347328750751359e+00
7.645999999999999464e-01 -2.777647305759635366e+00
7.653999999999999693e-01 -2.834803814562052438e+00
7.662999999999999812e-01 -2.894584655179426758e+00
7.671000000000000041e-01 -2.954082409832514244e+00
7.680000000000000160e-01 -3.016187019269676473e+00
7.689000000000000279e-01 -3.078656432232251827e+00
7.697000000000000508e-01 -3.141355848588869293e+00
7.705999999999999517e-01 -3.206604500811220060e+00
7.713999999999999746e-01 -3.271186336327025490e+00
7.722999999999999865e-01 -3.338236430436824609e+00
7.731000000000000094e-01 -3.404471997855411658e+00
7.740000000000000213e-01 -3.473065352223580149e+00
7.749000000000000332e-01 -3.541526868886608614e+00
7.756999999999999451e-01 -3.609756933984197502e+00
7.765999999999999570e-01 -3.680216566587525051e+00
7.773999999999999799e-01 -3.749415988702850200e+00
7.782999999999999918e-01 -3.820722037268510896e+00
7.791000000000000147e-01 -3.890619358354713064e+00
7.800000000000000266e-01 -3.962477890520107238e+00
7.809000000000000385e-01 -4.033639263325014213e+00
7.816999999999999504e-01 -4.104035395315526635e+00
7.825999999999999623e-01 -4.176116679177872548e+00
7.833999999999999853e-01 -4.246433530218088670e+00
7.842999999999999972e-01 -4.318335793651265853e+00
7.851000000000000201e-01 -4.388299505738116224e+00
7.860000000000000320e-01 -4.459670393432293878e+00
7.869000000000000439e-01 -4.529830072477612823e+00
7.876999999999999558e-01 -4.598722816839473815e+00
7.885999999999999677e-01 -4.668803838582262777e+00
7.893999999999999906e-01 -4.736604307489772125e+00
7.903000000000000025e-01 -4.805479984323429044e+00
7.911000000000000254e-01 -4.871996176922635868e+00
7.920000000000000373e-01 -4.939424862930806626e+00
7.929000000000000492e-01 -5.005210329626653909e+00
7.936999999999999611e-01 -5.069415729035575247e+00
7.945999999999999730e-01 -5.134322906854566604e+00
7.953999999999999959e-01 -5.196780708891028944e+00
7.963000000000000078e-01 -5.259801439063862993e+00
7.971000000000000307e-01 -5.320391003197978641e+00
7.980000000000000426e-01 -5.381495811781151772e+00
7.989000000000000545e-01 -5.440850843048925967e+00
7.996999999999999664e-01 -5.498554544275217282e+00
8.005999999999999783e-01 -5.556716312635057164e+00
8.014000000000000012e-01 -5.612533800176211507e+00
8.023000000000000131e-01 -5.668779491614661659e+00
8.031000000000000361e-01 -5.722810850603154975e+00
8.040000000000000480e-01 -5.777285430874541383e+00
8.048999999999999488e-01 -5.830336985636954239e+00
8.056999999999999718e-01 -5.882022255332693739e+00
8.065999999999999837e-01 -5.934326599081207299e+00
8.074000000000000066e-01 -5.984810028268952919e+00
8.083000000000000185e-01 -6.036037117627281567e+00
8.091000000000000414e-01 -6.085669678301782071e+00
8.100000000000000533e-01 -6.136245176309119032e+00
8.108999999999999542e-01 -6.186103185111393898e+00
8.116999999999999771e-01 -6.235364621656275474e+00
8.125999999999999890e-01 -6.286005230130010446e+00
8.134000000000000119e-01 -6.335722331684749520e+00
8.143000000000000238e-01 -6.387177569696478763e+00
8.151000000000000467e-01 -6.438093673966357677e+00
8.159999999999999476e-01 -6.491108001270840866e+00
8.168999999999999595e-01 -6.544612377053650398e+00
8.176999999999999824e-01 -6.598748086797598944e+00
8.185999999999999943e-01 -6.655762716707737781e+00
8.194000000000000172e-01 -6.713199544275218145e+00
8.203000000000000291e-01 -6.774086962470884821e+00
8.211000000000000520e-01 -6.835839646005100967e+00
8.219999999999999529e-01 -6.901677655442281178e+00
8.228999999999999648e-01 -6.969646507818068493e+00
8.236999999999999877e-01 -7.039943836984022596e+00
8.245999999999999996e-01 -7.115482286972985904e+00
8.254000000000000226e-01 -7.192981179681772197e+00
8.263000000000000345e-01 -7.276582364617085297e+00
8.270999999999999464e-01 -7.362623659187076619e+00
8.279999999999999583e-01 -7.455687278915466898e+00
8.288999999999999702e-01 -7.552858432758337237e+00
8.296999999999999931e-01 -7.654392033481217439e+00
8.306000000000000050e-01 -7.764358913686927544e+00
8.314000000000000279e-01 -7.878038200418166603e+00
8.323000000000000398e-01 -8.001250763566714497e+00
8.330999999999999517e-01 -8.128646657304781087e+00
8.339999999999999636e-01 -8.266735364004881959e+00
8.348999999999999755e-01 -8.411181900549792090e+00
8.356999999999999984e-01 -8.562171544714905380e+00
8.366000000000000103e-01 -8.725690360195356376e+00
8.374000000000000332e-01 -8.894486617016532648e+00
8.383000000000000451e-01 -9.077122498973858811e+00
8.390999999999999570e-01 -9.265440850605683565e+00
8.399999999999999689e-01 -9.468941539000475416e+00
8.408999999999999808e-01 -9.681100044365228641e+00
8.417000000000000037e-01 -9.901913415309604005e+00
8.426000000000000156e-01 -1.014005315691214015e+01
8.434000000000000385e-01 -1.038471789177162385e+01
8.443000000000000504e-01 -1.064812701121515737e+01
8.450999999999999623e-01 -1.091836231156627512e+01
8.459999999999999742e-01 -1.120883934211115474e+01
8.468999999999999861e-01 -1.150999914114795075e+01
8.477000000000000091e-01 -1.182173320070653588e+01
8.486000000000000210e-01 -1.215599904064482217e+01
8.494000000000000439e-01 -1.249752606884810824e+01
8.502999999999999448e-01 -1.286311400674999028e+01
8.510999999999999677e-01 -1.323598336808232823e+01
8.519999999999999796e-01 -1.363452152967586528e+01
8.528999999999999915e-01 -1.404525135818500914e+01
8.537000000000000144e-01 -1.446806126289386185e+01
8.546000000000000263e-01 -1.491885314833228726e+01
8.554000000000000492e-01 -1.537674182613078067e+01
8.562999999999999501e-01 -1.586415497473971037e+01
8.570999999999999730e-01 -1.635858246808460592e+01
