0.000000000000000000e+00 -2.259185977671420886e+01
2.889999999999999861e-02 -2.539805199945269720e+01
5.779999999999999721e-02 -2.945536838225574172e+01
8.669999999999999929e-02 -3.442159613089735615e+01
1.155999999999999944e-01 -3.981968735953196159e+01
1.444000000000000006e-01 -4.513234940991804223e+01
1.733000000000000096e-01 -4.989846426896648524e+01
2.021999999999999909e-01 -5.378908899645097108e+01
2.310999999999999999e-01 -5.664767317855854856e+01
2.600000000000000089e-01 -5.848987411512228363e+01
2.888999999999999901e-01 -5.946677968264263825e+01
3.178000000000000269e-01 -5.980872463856742627e+01
3.467000000000000082e-01 -5.976460069194443037e+01
3.755999999999999894e-01 -5.955433329696704448e+01
4.043999999999999817e-01 -5.934326132103361573e+01
4.333000000000000185e-01 -5.924059260978606289e+01
4.621999999999999997e-01 -5.931362885477160063e+01
4.910999999999999810e-01 -5.960859737493240118e+01
5.200000000000000178e-01 -6.016413128934000554e+01
5.489000000000000545e-01 -6.101264169555337702e+01
5.777999999999999803e-01 -6.216599491571162162e+01
6.067000000000000171e-01 -6.359386461138763025e+01
6.356000000000000538e-01 -6.520313876704601341e+01
6.643999999999999906e-01 -6.683227736692035137e+01
6.933000000000000274e-01 -6.826501553516868626e+01
7.221999999999999531e-01 -6.926732128426893098e+01
7.510999999999999899e-01 -6.963788118989329234e+01
7.800000000000000266e-01 -6.926075991332606918e+01
8.088999999999999524e-01 -6.814470449957730125e+01
8.377999999999999892e-01 -6.643536680201991373e+01
8.667000000000000259e-01 -6.439492199361015423e+01
8.955999999999999517e-01 -6.235160803851677258e+01
9.243999999999999995e-01 -6.063073007643402690e+01
9.533000000000000362e-01 -5.948357798683914410e+01
9.821999999999999620e-01 -5.903245007337176986e+01
1.011100000000000110e+00 -5.924519866400622448e+01
1.040000000000000036e+00 -5.994567201667963730e+01
1.068899999999999961e+00 -6.085552773369887092e+01
1.097800000000000109e+00 -6.165722642964478695e+01
1.126700000000000035e+00 -6.205981868757893949e+01
1.155599999999999961e+00 -6.185327723865430016e+01
1.184399999999999897e+00 -6.093856639235195871e+01
1.213300000000000045e+00 -5.933012322004961447e+01
1.242199999999999971e+00 -5.713390543614421091e+01
1.271099999999999897e+00 -5.451163211652040275e+01
1.300000000000000044e+00 -5.164373696774857336e+01
1.328899999999999970e+00 -4.870007215575115112e+01
1.357799999999999896e+00 -4.582627606019598687e+01
1.386700000000000044e+00 -4.314285307517624801e+01
1.415599999999999969e+00 -4.075329346746605808e+01
1.444399999999999906e+00 -3.875039651374101624e+01
1.473300000000000054e+00 -3.721603205823210914e+01
1.502199999999999980e+00 -3.620823280184389148e+01
1.531099999999999905e+00 -3.574141131948008621e+01
1.560000000000000053e+00 -3.576386164786567434e+01
1.588899999999999979e+00 -3.614559701442195205e+01
1.617799999999999905e+00 -3.668333456840700535e+01
1.646700000000000053e+00 -3.712771103234065606e+01
1.675599999999999978e+00 -3.722987739814785613e+01
1.704399999999999915e+00 -3.679665081657443437e+01
1.733300000000000063e+00 -3.574147654495112647e+01
1.762199999999999989e+00 -3.411484550520033565e+01
1.791099999999999914e+00 -3.210497951415679552e+01
1.820000000000000062e+00 -3.000456493385805601e+01
1.848899999999999988e+00 -2.815111506144662812e+01
1.877799999999999914e+00 -2.685284035639995537e+01
1.906700000000000061e+00 -2.632051234654639060e+01
1.935599999999999987e+00 -2.661973730804287186e+01
1.964399999999999924e+00 -2.765766466893613540e+01
1.993300000000000072e+00 -2.920535173263227691e+01
2.022200000000000220e+00 -3.094923765637245694e+01
2.051099999999999923e+00 -3.255833976982131617e+01
2.080000000000000071e+00 -3.374901133074966708e+01
2.108900000000000219e+00 -3.433205785816438294e+01
2.137799999999999923e+00 -3.423293355440542030e+01
2.166700000000000070e+00 -3.348414874086859072e+01
2.195600000000000218e+00 -3.219628019350372483e+01
2.224400000000000155e+00 -3.051955238194540598e+01
2.253299999999999859e+00 -2.860991594255076009e+01
2.282200000000000006e+00 -2.660766439469328759e+01
2.311100000000000154e+00 -2.463356195329451737e+01
2.339999999999999858e+00 -2.279712979464113332e+01
2.368900000000000006e+00 -2.120917389858474067e+01
2.397800000000000153e+00 -1.998800814740227594e+01
2.426699999999999857e+00 -1.925215253786373282e+01
2.455600000000000005e+00 -1.909657743922564066e+01
2.484399999999999942e+00 -1.955976871193671940e+01
2.513300000000000090e+00 -2.059162882062068789e+01
2.542199999999999793e+00 -2.203647134522500295e+01
2.571099999999999941e+00 -2.364119583838856897e+01
2.600000000000000089e+00 -2.509429921583625500e+01
2.628899999999999793e+00 -2.608907240238398373e+01
2.657799999999999940e+00 -2.639862714644805664e+01
2.686700000000000088e+00 -2.594252215177019139e+01
2.715599999999999792e+00 -2.482701249100051655e+01
2.744400000000000173e+00 -2.334351234167155198e+01
2.773299999999999876e+00 -2.192274627714549950e+01
2.802200000000000024e+00 -2.105211165114010896e+01
2.831100000000000172e+00 -2.117455007996003857e+01
2.859999999999999876e+00 -2.259185977671421242e+01
