0.000000000000000000e+00 -1.690049804398354283e+01
2.889999999999999861e-02 -2.060317160782165402e+01
5.779999999999999721e-02 -2.710445146454231491e+01
8.669999999999999929e-02 -3.613876187254140149e+01
1.155999999999999944e-01 -4.697181085208188733e+01
1.444000000000000006e-01 -5.854414675570895810e+01
1.733000000000000096e-01 -6.969515875636378155e+01
2.021999999999999909e-01 -7.940784850864565669e+01
2.310999999999999999e-01 -8.701404722019076132e+01
2.600000000000000089e-01 -9.230523618263586627e+01
2.888999999999999901e-01 -9.552676852946859754e+01
3.178000000000000269e-01 -9.726118433001921915e+01
3.467000000000000082e-01 -9.824175071445372964e+01
3.755999999999999894e-01 -9.914888135724081053e+01
4.043999999999999817e-01 -1.004488506828485441e+02
4.333000000000000185e-01 -1.023149021836833867e+02
4.621999999999999997e-01 -1.046445599064433196e+02
4.910999999999999810e-01 -1.071575553060786206e+02
5.200000000000000178e-01 -1.095343910725192700e+02
5.489000000000000545e-01 -1.115448072527865264e+02
5.777999999999999803e-01 -1.131258285686073322e+02
6.067000000000000171e-01 -1.143822776688575686e+02
6.356000000000000538e-01 -1.155173272822733139e+02
6.643999999999999906e-01 -1.167190309997335902e+02
6.933000000000000274e-01 -1.180479521421678015e+02
7.221999999999999531e-01 -1.193700921289950827e+02
7.510999999999999899e-01 -1.203608702236189174e+02
7.800000000000000266e-01 -1.205881530324225110e+02
8.088999999999999524e-01 -1.196480924477372980e+02
8.377999999999999892e-01 -1.173117360853181026e+02
8.667000000000000259e-01 -1.136355315251214932e+02
8.955999999999999517e-01 -1.089936516576428431e+02
9.243999999999999995e-01 -1.040173506840144455e+02
9.533000000000000362e-01 -9.945248045250933444e+01
9.821999999999999620e-01 -9.597309391148402824e+01
1.011100000000000110e+00 -9.400388174353044235e+01
1.040000000000000036e+00 -9.360257820481444924e+01
1.068899999999999961e+00 -9.443825369933583147e+01
1.097800000000000109e+00 -9.587152298899954417e+01
1.126700000000000035e+00 -9.711637434907613908e+01
1.155599999999999961e+00 -9.743691450214976157e+01
1.184399999999999897e+00 -9.632523191974230770e+01
1.213300000000000045e+00 -9.361168982738463740e+01
1.242199999999999971e+00 -8.948146441499851278e+01
1.271099999999999897e+00 -8.439655395074625233e+01
1.300000000000000044e+00 -7.895314996336463764e+01
1.328899999999999970e+00 -7.371801272741213040e+01
1.357799999999999896e+00 -6.909416800714086548e+01
1.386700000000000044e+00 -6.525084673272029079e+01
1.415599999999999969e+00 -6.213277748410794032e+01
1.444399999999999906e+00 -5.953659405981009201e+01
1.473300000000000054e+00 -5.722226185360388229e+01
1.502199999999999980e+00 -5.501705902039553564e+01
1.531099999999999905e+00 -5.287714954583778848e+01
1.560000000000000053e+00 -5.088486212094680639e+01
1.588899999999999979e+00 -4.918857616159798596e+01
1.617799999999999905e+00 -4.790787484874631730e+01
1.646700000000000053e+00 -4.704237059466893101e+01
1.675599999999999978e+00 -4.642284390156156348e+01
1.704399999999999915e+00 -4.572690134868646084e+01
1.733300000000000063e+00 -4.455911648076466491e+01
1.762199999999999989e+00 -4.257610679482508687e+01
1.791099999999999914e+00 -3.961459480014143963e+01
1.820000000000000062e+00 -3.578051842589975706e+01
1.848899999999999988e+00 -3.146539322825669416e+01
1.877799999999999914e+00 -2.727714480288527810e+01
1.906700000000000061e+00 -2.390026304159324866e+01
1.935599999999999987e+00 -2.192123617022146576e+01
1.964399999999999924e+00 -2.166943063283611437e+01
1.993300000000000072e+00 -2.311823571116998721e+01
2.022200000000000220e+00 -2.587770051428854856e+01
2.051099999999999923e+00 -2.928136304128295819e+01
2.080000000000000071e+00 -3.254407051345025081e+01
2.108900000000000219e+00 -3.494689631604516222e+01
2.137799999999999923e+00 -3.599895635175143127e+01
2.166700000000000070e+00 -3.553224076252689656e+01
2.195600000000000218e+00 -3.370808875255320203e+01
2.224400000000000155e+00 -3.093949719783874031e+01
2.253299999999999859e+00 -2.775773475114168320e+01
2.282200000000000006e+00 -2.466544875578737717e+01
2.311100000000000154e+00 -2.202177164535879683e+01
2.339999999999999858e+00 -1.998811611461642457e+01
2.368900000000000006e+00 -1.854459847324627475e+01
2.397800000000000153e+00 -1.756145266605525990e+01
2.426699999999999857e+00 -1.689399385608169624e+01
2.455600000000000005e+00 -1.646128878993325628e+01
2.484399999999999942e+00 -1.628129620619210627e+01
2.513300000000000090e+00 -1.644725990777292779e+01
2.542199999999999793e+00 -1.705840530019089485e+01
2.571099999999999941e+00 -1.813335699145942570e+01
2.600000000000000089e+00 -1.954373231692943946e+01
2.628899999999999793e+00 -2.100065556790157117e+01
2.657799999999999940e+00 -2.211068691771598793e+01
2.686700000000000088e+00 -2.249056988613176955e+01
2.715599999999999792e+00 -2.190986929246432524e+01
2.744400000000000173e+00 -2.041630552045238289e+01
2.773299999999999876e+00 -1.839798191341110112e+01
2.802200000000000024e+00 -1.655317071840454446e+01
2.831100000000000172e+00 -1.576410348850837018e+01
2.859999999999999876e+00 -1.690049804398354993e+01
