0.000000000000000000e+00 -2.787839635268221272e+01
6.999999999999999929e-04 -2.840143800098011795e+01
1.500000000000000031e-03 -2.893649450592530670e+01
2.200000000000000133e-03 -2.948344358676781951e+01
2.899999999999999800e-03 -3.004300421010130151e+01
3.700000000000000164e-03 -3.061534574771568984e+01
4.400000000000000265e-03 -3.120001582951969610e+01
5.100000000000000366e-03 -3.179744742322150231e+01
5.899999999999999863e-03 -3.240778699792236495e+01
6.599999999999999964e-03 -3.303149108222625330e+01
7.300000000000000065e-03 -3.366834664486135154e+01
8.099999999999999561e-03 -3.431820325357109169e+01
8.800000000000000530e-03 -3.498178979786166565e+01
9.599999999999999159e-03 -3.565892542787733532e+01
1.030000000000000013e-02 -3.634970551587978349e+01
1.099999999999999936e-02 -3.705421402909242801e+01
1.179999999999999973e-02 -3.777257669414097307e+01
1.250000000000000069e-02 -3.850489578401513313e+01
1.319999999999999993e-02 -3.925123526505694826e+01
1.400000000000000029e-02 -4.001166896804529927e+01
1.469999999999999953e-02 -4.078671905690027444e+01
1.540000000000000049e-02 -4.157563050740420607e+01
1.619999999999999912e-02 -4.237927324082787806e+01
1.689999999999999836e-02 -4.319687933627229626e+01
1.760000000000000106e-02 -4.402937475058154604e+01
1.839999999999999969e-02 -4.487637452232800683e+01
1.909999999999999892e-02 -4.573789661584302024e+01
1.980000000000000163e-02 -4.661400699582850393e+01
2.060000000000000026e-02 -4.750473280316791858e+01
2.129999999999999949e-02 -4.841006715988361009e+01
2.210000000000000159e-02 -4.933004299106328716e+01
2.280000000000000082e-02 -5.026469108496931426e+01
2.350000000000000006e-02 -5.121398840928102203e+01
2.429999999999999868e-02 -5.217843027296725467e+01
2.500000000000000139e-02 -5.315705736995005992e+01
2.570000000000000062e-02 -5.415081365279488068e+01
2.649999999999999925e-02 -5.515867255726853813e+01
2.719999999999999848e-02 -5.618165265060407876e+01
2.790000000000000119e-02 -5.721919289747535942e+01
2.869999999999999982e-02 -5.827067683621109495e+01
2.939999999999999905e-02 -5.933717392868769736e+01
3.009999999999999828e-02 -6.041809714329441050e+01
3.090000000000000038e-02 -6.151340911201276640e+01
3.160000000000000309e-02 -6.262293320341890279e+01
3.230000000000000232e-02 -6.374671638201282065e+01
3.309999999999999748e-02 -6.488459038397486722e+01
3.379999999999999671e-02 -6.603654247316956116e+01
3.450000000000000289e-02 -6.720240861657516973e+01
3.529999999999999805e-02 -6.838210365447550032e+01
3.599999999999999728e-02 -6.957625573713202982e+01
3.670000000000000345e-02 -7.078330184580921980e+01
3.749999999999999861e-02 -7.200386791416251242e+01
3.819999999999999785e-02 -7.323853199517508017e+01
3.899999999999999994e-02 -7.448572908302027429e+01
3.969999999999999918e-02 -7.574673716142700641e+01
4.039999999999999841e-02 -7.701997621734776089e+01
4.120000000000000051e-02 -7.830678532456067842e+01
4.189999999999999974e-02 -7.960547540981966108e+01
4.259999999999999898e-02 -8.091746542768042616e+01
4.340000000000000108e-02 -8.224177556137692591e+01
4.410000000000000031e-02 -8.357741064360399719e+01
4.479999999999999954e-02 -8.492587262920740443e+01
4.560000000000000164e-02 -8.628611379339211851e+01
4.630000000000000088e-02 -8.765794486649137696e+01
4.700000000000000011e-02 -8.904117882138464779e+01
4.780000000000000221e-02 -9.043568400876701219e+01
4.850000000000000144e-02 -9.184111507818055031e+01
4.920000000000000068e-02 -9.325737400264169707e+01
5.000000000000000278e-02 -9.468419621228989058e+01
5.070000000000000201e-02 -9.612137711741857515e+01
5.149999999999999717e-02 -9.756866334063666102e+01
5.220000000000000334e-02 -9.902586840244798339e+01
5.290000000000000258e-02 -1.004927152799705397e+02
5.369999999999999774e-02 -1.019689835216862122e+02
5.439999999999999697e-02 -1.034544335857858783e+02
5.510000000000000314e-02 -1.049498824302954887e+02
5.589999999999999830e-02 -1.064529526888132978e+02
5.659999999999999754e-02 -1.079644757411314373e+02
5.729999999999999677e-02 -1.094841595739965499e+02
5.809999999999999887e-02 -1.110128508409666779e+02
5.879999999999999810e-02 -1.125481108953167961e+02
5.949999999999999734e-02 -1.140918486922452360e+02
6.029999999999999943e-02 -1.156416229777489946e+02
6.099999999999999867e-02 -1.171982220272916209e+02
6.169999999999999790e-02 -1.187625488025351217e+02
6.250000000000000000e-02 -1.203319871062944628e+02
6.320000000000000617e-02 -1.219086401352162312e+02
6.389999999999999847e-02 -1.234898039059823702e+02
6.469999999999999363e-02 -1.250776862031811021e+02
6.539999999999999980e-02 -1.266694529621817651e+02
6.619999999999999496e-02 -1.282673552721523720e+02
6.690000000000000113e-02 -1.298698832913053707e+02
6.759999999999999343e-02 -1.314753980346127946e+02
6.840000000000000246e-02 -1.330862143409954115e+02
6.909999999999999476e-02 -1.346994823710261073e+02
6.980000000000000093e-02 -1.363174340925508830e+02
7.059999999999999609e-02 -1.379385804096333459e+02
7.130000000000000226e-02 -1.395625564169214670e+02
7.199999999999999456e-02 -1.411876681351603509e+02
7.280000000000000360e-02 -1.428164114533044540e+02
7.349999999999999589e-02 -1.444472004631950313e+02
7.420000000000000207e-02 -1.460795311555256148e+02
7.499999999999999722e-02 -1.477119054792071324e+02
7.570000000000000340e-02 -1.493467354845466275e+02
7.639999999999999569e-02 -1.509823971764517410e+02
7.720000000000000473e-02 -1.526185024888349062e+02
7.789999999999999702e-02 -1.542548344885272513e+02
7.860000000000000320e-02 -1.558911171663111759e+02
7.939999999999999836e-02 -1.575254144814313975e+02
8.010000000000000453e-02 -1.591605901661485234e+02
8.089999999999999969e-02 -1.607948584675730501e+02
8.160000000000000586e-02 -1.624278734579196453e+02
8.229999999999999816e-02 -1.640593811405166775e+02
8.309999999999999332e-02 -1.656890794330232950e+02
8.379999999999999949e-02 -1.673167044179278662e+02
8.450000000000000566e-02 -1.689419731013285570e+02
8.530000000000000082e-02 -1.705646843823204790e+02
8.599999999999999312e-02 -1.721843993621483264e+02
8.669999999999999929e-02 -1.738009660475857743e+02
8.749999999999999445e-02 -1.754140953165798464e+02
8.820000000000000062e-02 -1.770235542912476490e+02
8.890000000000000679e-02 -1.786290599810158426e+02
8.970000000000000195e-02 -1.802303202357629743e+02
9.039999999999999425e-02 -1.818271712051169118e+02
9.110000000000000042e-02 -1.834192399019609070e+02
9.189999999999999558e-02 -1.850064051519718760e+02
9.260000000000000175e-02 -1.865901841050893779e+02
9.329999999999999405e-02 -1.881666478101685982e+02
9.410000000000000309e-02 -1.897374470306183696e+02
9.479999999999999538e-02 -1.913022939912547429e+02
9.550000000000000155e-02 -1.928609987066820395e+02
9.629999999999999671e-02 -1.944133469206618088e+02
9.700000000000000289e-02 -1.959610386316149118e+02
9.779999999999999805e-02 -1.975000028193009598e+02
9.850000000000000422e-02 -1.990318827734312492e+02
9.919999999999999651e-02 -2.005566055093279942e+02
1.000000000000000056e-01 -2.020737666896209248e+02
1.006999999999999978e-01 -2.035854156264699384e+02
1.014000000000000040e-01 -2.050872113774501031e+02
1.021999999999999992e-01 -2.065808595222694919e+02
1.029000000000000054e-01 -2.080664004819187483e+02
1.035999999999999976e-01 -2.095456452362842015e+02
1.044000000000000067e-01 -2.110141243572833503e+02
1.050999999999999990e-01 -2.124739263001513052e+02
1.058000000000000052e-01 -2.139248140983376629e+02
1.066000000000000003e-01 -2.153686981824386635e+02
1.073000000000000065e-01 -2.168012231220503452e+02
1.079999999999999988e-01 -2.182243259405643698e+02
1.087999999999999939e-01 -2.196400799991392319e+02
1.095000000000000001e-01 -2.210440078185241930e+02
1.102999999999999953e-01 -2.224380028862532868e+02
1.110000000000000014e-01 -2.238243208066542991e+02
1.116999999999999937e-01 -2.251982196487033150e+02
1.125000000000000028e-01 -2.265619366895570295e+02
1.131999999999999951e-01 -2.279175686078299634e+02
1.139000000000000012e-01 -2.292604494850576486e+02
1.146999999999999964e-01 -2.305949894712078958e+02
1.154000000000000026e-01 -2.319165574022302394e+02
1.160999999999999949e-01 -2.332273633036379294e+02
1.169000000000000039e-01 -2.345295572616083746e+02
1.175999999999999962e-01 -2.358184262052519387e+02
1.183000000000000024e-01 -2.370985021038104037e+02
1.190999999999999975e-01 -2.383650680617519981e+02
1.198000000000000037e-01 -2.396227579739290263e+02
1.204999999999999960e-01 -2.408667459262663044e+02
1.213000000000000050e-01 -2.421016568267625928e+02
1.219999999999999973e-01 -2.433226867526697674e+02
1.227000000000000035e-01 -2.445321567322942826e+02
1.234999999999999987e-01 -2.457324836032854876e+02
1.242000000000000048e-01 -2.469186486011511761e+02
1.250000000000000000e-01 -2.480955934524012605e+02
1.257000000000000062e-01 -2.492582203928334366e+02
1.264000000000000123e-01 -2.504115534021200915e+02
1.272000000000000075e-01 -2.515530122243602591e+02
1.279000000000000137e-01 -2.526800631638245420e+02
1.285999999999999921e-01 -2.537976691870592560e+02
1.293999999999999873e-01 -2.549007840102288753e+02
1.300999999999999934e-01 -2.559944289165215423e+02
1.307999999999999996e-01 -2.570734539989259133e+02
1.315999999999999948e-01 -2.581430257619836652e+02
1.323000000000000009e-01 -2.591979427012107635e+02
1.330000000000000071e-01 -2.602433777954639709e+02
1.338000000000000023e-01 -2.612766735291608029e+02
1.345000000000000084e-01 -2.622952684683110078e+02
1.351999999999999869e-01 -2.633043695768920429e+02
1.360000000000000098e-01 -2.642986953126770118e+02
1.366999999999999882e-01 -2.652835172349497270e+02
1.373999999999999944e-01 -2.662562123726953587e+02
1.381999999999999895e-01 -2.672141310796042148e+02
1.388999999999999957e-01 -2.681625912366725970e+02
1.396999999999999909e-01 -2.690962579244445010e+02
1.403999999999999970e-01 -2.700205128467941336e+02
1.411000000000000032e-01 -2.709326530331601361e+02
1.418999999999999984e-01 -2.718300346918716741e+02
1.426000000000000045e-01 -2.727180066151699975e+02
1.433000000000000107e-01 -2.735940118300402446e+02
1.441000000000000059e-01 -2.744551784608628395e+02
1.448000000000000120e-01 -2.753071113838598762e+02
1.454999999999999905e-01 -2.761470306284235789e+02
1.463000000000000134e-01 -2.769722502308924277e+02
1.469999999999999918e-01 -2.777883061543189456e+02
1.476999999999999980e-01 -2.785924154431394868e+02
1.484999999999999931e-01 -2.793845999845317465e+02
1.491999999999999993e-01 -2.801622219261818145e+02
1.499000000000000055e-01 -2.809307402441027648e+02
1.507000000000000006e-01 -2.816874377575035169e+02
1.514000000000000068e-01 -2.824296416996343169e+02
1.521000000000000130e-01 -2.831628170466814254e+02
1.529000000000000081e-01 -2.838843155499423574e+02
1.535999999999999865e-01 -2.845941384570811579e+02
1.542999999999999927e-01 -2.852894738507799275e+02
1.550999999999999879e-01 -2.859760443268370409e+02
1.557999999999999940e-01 -2.866510607209268073e+02
1.565999999999999892e-01 -2.873144791604791521e+02
1.572999999999999954e-01 -2.879635431051739829e+02
1.580000000000000016e-01 -2.886039785278353520e+02
1.587999999999999967e-01 -2.892329699585715161e+02
1.595000000000000029e-01 -2.898505348861709763e+02
1.602000000000000091e-01 -2.904568043201556407e+02
1.610000000000000042e-01 -2.910487677404595956e+02
1.617000000000000104e-01 -2.916323056683153823e+02
1.623999999999999888e-01 -2.922045881467788604e+02
1.632000000000000117e-01 -2.927656395243282645e+02
1.638999999999999901e-01 -2.933154594527417771e+02
1.645999999999999963e-01 -2.938541109420997373e+02
1.653999999999999915e-01 -2.943786693100238949e+02
1.660999999999999976e-01 -2.948950562388219510e+02
1.668000000000000038e-01 -2.954003347719142880e+02
1.675999999999999990e-01 -2.958945500971937008e+02
1.683000000000000052e-01 -2.963777336486346030e+02
1.691000000000000003e-01 -2.968499689374829700e+02
1.698000000000000065e-01 -2.973082368863058491e+02
1.705000000000000127e-01 -2.977585204642646772e+02
1.713000000000000078e-01 -2.981978837468569736e+02
1.719999999999999862e-01 -2.986264126765524338e+02
1.726999999999999924e-01 -2.990439732817120557e+02
1.734999999999999876e-01 -2.994507885377253729e+02
1.741999999999999937e-01 -2.998466914688117981e+02
1.748999999999999999e-01 -3.002318430831072078e+02
1.756999999999999951e-01 -3.006032483310038970e+02
1.764000000000000012e-01 -3.009669012620582862e+02
1.771000000000000074e-01 -3.013197979191699005e+02
1.779000000000000026e-01 -3.016619741249683102e+02
1.786000000000000087e-01 -3.019934840562662544e+02
1.792999999999999872e-01 -3.023142757394945193e+02
1.801000000000000101e-01 -3.026244169200545002e+02
1.807999999999999885e-01 -3.029239588515767423e+02
1.814999999999999947e-01 -3.032128175611147185e+02
1.822999999999999898e-01 -3.034911547158264966e+02
1.829999999999999960e-01 -3.037588354248003384e+02
1.837999999999999912e-01 -3.040128685801980168e+02
1.844999999999999973e-01 -3.042593905127715743e+02
1.852000000000000035e-01 -3.044953932644077099e+02
1.859999999999999987e-01 -3.047208293770789282e+02
1.867000000000000048e-01 -3.049356633100819636e+02
1.874000000000000110e-01 -3.051400450870094687e+02
1.882000000000000062e-01 -3.053338521753636883e+02
1.889000000000000123e-01 -3.055172171076680456e+02
1.895999999999999908e-01 -3.056900209106432271e+02
1.904000000000000137e-01 -3.058523829735266304e+02
1.910999999999999921e-01 -3.060042599063822308e+02
1.917999999999999983e-01 -3.061456617342209370e+02
1.925999999999999934e-01 -3.062765687722600774e+02
1.932999999999999996e-01 -3.063970467051220794e+02
1.940000000000000058e-01 -3.065070505584267266e+02
1.948000000000000009e-01 -3.066066145713908782e+02
1.955000000000000071e-01 -3.066957555046183188e+02
1.962000000000000133e-01 -3.067744793829298260e+02
1.970000000000000084e-01 -3.068427533710089392e+02
1.976999999999999869e-01 -3.069006333041465950e+02
1.983999999999999930e-01 -3.069480822077246103e+02
1.991999999999999882e-01 -3.069851181706076773e+02
1.998999999999999944e-01 -3.070117340915006707e+02
2.006999999999999895e-01 -3.070280480374213994e+02
2.013999999999999957e-01 -3.070338859711230839e+02
2.021000000000000019e-01 -3.070293809167833956e+02
2.028999999999999970e-01 -3.070145438380393443e+02
2.036000000000000032e-01 -3.069892767720551774e+02
2.043000000000000094e-01 -3.069537157424194334e+02
2.051000000000000045e-01 -3.069077906396508411e+02
2.058000000000000107e-01 -3.068515735734167151e+02
2.064999999999999891e-01 -3.067850235692053502e+02
2.073000000000000120e-01 -3.067082154413649278e+02
2.079999999999999905e-01 -3.066210643753037743e+02
2.086999999999999966e-01 -3.065236073960641079e+02
2.094999999999999918e-01 -3.064159292440981517e+02
2.101999999999999980e-01 -3.062980031784023822e+02
2.109000000000000041e-01 -3.061698282241399056e+02
2.116999999999999993e-01 -3.060314970672664003e+02
2.124000000000000055e-01 -3.058859841094920853e+02
2.132000000000000006e-01 -3.057272119177346781e+02
2.139000000000000068e-01 -3.055583708523722635e+02
2.146000000000000130e-01 -3.053793329394187595e+02
2.154000000000000081e-01 -3.051902377229806689e+02
2.160999999999999865e-01 -3.049910136589258514e+02
2.167999999999999927e-01 -3.047817967701138855e+02
2.175999999999999879e-01 -3.045625155303354745e+02
2.182999999999999940e-01 -3.043332374666524629e+02
2.190000000000000002e-01 -3.040940246023626514e+02
2.197999999999999954e-01 -3.038448343396838141e+02
2.205000000000000016e-01 -3.035858132956794293e+02
2.212000000000000077e-01 -3.033199274366585882e+02
2.220000000000000029e-01 -3.030411931504359586e+02
2.227000000000000091e-01 -3.027526480882977467e+02
2.233999999999999875e-01 -3.024544092726259237e+02
2.242000000000000104e-01 -3.021464289642584617e+02
2.248999999999999888e-01 -3.018288389024278899e+02
2.255999999999999950e-01 -3.015016031111676398e+02
2.263999999999999901e-01 -3.011648357993940408e+02
2.270999999999999963e-01 -3.008215260045739115e+02
2.278999999999999915e-01 -3.004657536591760163e+02
2.285999999999999976e-01 -3.001005685993197289e+02
2.293000000000000038e-01 -2.997260458475016662e+02
2.300999999999999990e-01 -2.993422684804917822e+02
2.308000000000000052e-01 -2.989492074218085236e+02
2.315000000000000113e-01 -2.985469917097402117e+02
2.323000000000000065e-01 -2.981386523054355848e+02
2.330000000000000127e-01 -2.977182812479958329e+02
2.336999999999999911e-01 -2.972889495416692967e+02
2.344999999999999862e-01 -2.968506441343855613e+02
2.351999999999999924e-01 -2.964035880777214516e+02
2.358999999999999986e-01 -2.959476924109412153e+02
2.366999999999999937e-01 -2.954860789671815837e+02
2.373999999999999999e-01 -2.950129379119148325e+02
2.381000000000000061e-01 -2.945311752507337246e+02
2.389000000000000012e-01 -2.940409978039709813e+02
2.396000000000000074e-01 -2.935423947697673839e+02
2.403000000000000136e-01 -2.930384561109980268e+02
2.411000000000000087e-01 -2.925233646463434525e+02
2.417999999999999872e-01 -2.920001705948073436e+02
2.424999999999999933e-01 -2.914689369755753887e+02
2.432999999999999885e-01 -2.909297005117790604e+02
2.439999999999999947e-01 -2.903855138880288678e+02
2.447999999999999898e-01 -2.898306683943484359e+02
2.454999999999999960e-01 -2.892681613455749812e+02
2.462000000000000022e-01 -2.886980457765387769e+02
2.469999999999999973e-01 -2.881233222506882612e+02
2.477000000000000035e-01 -2.875384032034788220e+02
2.484000000000000097e-01 -2.869461196376723819e+02
2.492000000000000048e-01 -2.863466371304949121e+02
2.499000000000000110e-01 -2.857429670669721418e+02
2.505999999999999894e-01 -2.851293875204444817e+02
2.514000000000000123e-01 -2.845090039793671508e+02
2.520999999999999908e-01 -2.838817569550669191e+02
2.528000000000000247e-01 -2.832507194078101520e+02
2.535999999999999921e-01 -2.826102538533151005e+02
2.543000000000000260e-01 -2.819633418303482131e+02
2.550000000000000044e-01 -2.813128473009920754e+02
2.558000000000000274e-01 -2.806533367331474551e+02
2.565000000000000058e-01 -2.799876776940723175e+02
2.571999999999999842e-01 -2.793159232149374134e+02
2.580000000000000071e-01 -2.786410696192487535e+02
2.586999999999999855e-01 -2.779576421345476547e+02
2.595000000000000084e-01 -2.772684555641743032e+02
2.601999999999999869e-01 -2.765764355116381807e+02
2.609000000000000208e-01 -2.758762200420878230e+02
2.616999999999999882e-01 -2.751705484608135635e+02
2.624000000000000221e-01 -2.744624034101235566e+02
2.631000000000000005e-01 -2.737463509703467253e+02
2.639000000000000234e-01 -2.730278883460110819e+02
2.646000000000000019e-01 -2.723018333151277943e+02
2.652999999999999803e-01 -2.715709608888856224e+02
2.661000000000000032e-01 -2.708379742548805780e+02
2.667999999999999816e-01 -2.700977022261318439e+02
2.675000000000000155e-01 -2.693529458129491445e+02
2.682999999999999829e-01 -2.686064201700190210e+02
2.690000000000000169e-01 -2.678529091602053427e+02
2.696999999999999953e-01 -2.670978677270852018e+02
2.705000000000000182e-01 -2.663360330911763754e+02
2.711999999999999966e-01 -2.655702226978805811e+02
2.720000000000000195e-01 -2.648031810414927349e+02
2.726999999999999980e-01 -2.640296190351212431e+02
2.733999999999999764e-01 -2.632550636204578041e+02
2.741999999999999993e-01 -2.624742179891425167e+02
2.748999999999999777e-01 -2.616924889502532778e+02
2.756000000000000116e-01 -2.609046935777979002e+02
2.763999999999999790e-01 -2.601162419080884547e+02
2.771000000000000130e-01 -2.593218678882240056e+02
2.777999999999999914e-01 -2.585243955244253016e+02
2.786000000000000143e-01 -2.577264278495719054e+02
2.792999999999999927e-01 -2.569229248474374003e+02
2.800000000000000266e-01 -2.561190894612093985e+02
2.807999999999999940e-01 -2.553098508113749006e+02
2.814999999999999725e-01 -2.545003887782225434e+02
2.822000000000000064e-01 -2.536857554306530744e+02
2.829999999999999738e-01 -2.528710687453778689e+02
2.837000000000000077e-01 -2.520513107459035211e+02
2.843999999999999861e-01 -2.512316353750033500e+02
2.852000000000000091e-01 -2.504070267157317744e+02
2.858999999999999875e-01 -2.495826443634213376e+02
2.867000000000000104e-01 -2.487559706712786465e+02
2.873999999999999888e-01 -2.479246526730734388e+02
2.881000000000000227e-01 -2.470936153134812798e+02
2.888999999999999901e-01 -2.462580376468887096e+02
2.896000000000000241e-01 -2.454229146182169643e+02
2.903000000000000025e-01 -2.445833192938114848e+02
2.911000000000000254e-01 -2.437442346092301761e+02
2.918000000000000038e-01 -2.429032365815006642e+02
2.924999999999999822e-01 -2.420579132624699525e+02
2.933000000000000052e-01 -2.412132405585722097e+02
2.939999999999999836e-01 -2.403643395627771326e+02
2.947000000000000175e-01 -2.395160952328166388e+02
2.954999999999999849e-01 -2.386661355252852559e+02
2.962000000000000188e-01 -2.378120415297978525e+02
2.968999999999999972e-01 -2.369586521913569754e+02
2.977000000000000202e-01 -2.361013005085680447e+02
2.983999999999999986e-01 -2.352445984981133904e+02
2.990999999999999770e-01 -2.343862661640593217e+02
2.998999999999999999e-01 -2.335240474774412576e+02
3.005999999999999783e-01 -2.326624901588207877e+02
3.014000000000000012e-01 -2.317993374422376860e+02
3.020999999999999797e-01 -2.309322874465515838e+02
3.028000000000000136e-01 -2.300659111317418706e+02
3.035999999999999810e-01 -2.291979304116237017e+02
3.043000000000000149e-01 -2.283261044155465811e+02
3.049999999999999933e-01 -2.274548911045115176e+02
3.058000000000000163e-01 -2.265820553802340953e+02
3.064999999999999947e-01 -2.257053323838364918e+02
3.071999999999999731e-01 -2.248291720766137303e+02
3.079999999999999960e-01 -2.239513623624400225e+02
3.086999999999999744e-01 -2.230718633365950154e+02
3.094000000000000083e-01 -2.221883330474203433e+02
3.101999999999999758e-01 -2.213053183283582257e+02
3.109000000000000097e-01 -2.204205023167882302e+02
3.115999999999999881e-01 -2.195338820045977570e+02
3.124000000000000110e-01 -2.186432322923982952e+02
3.130999999999999894e-01 -2.177528062806360083e+02
3.138000000000000234e-01 -2.168605459841483594e+02
3.145999999999999908e-01 -2.159662502410352261e+02
3.153000000000000247e-01 -2.150678119615340051e+02
3.160999999999999921e-01 -2.141694842279653130e+02
3.168000000000000260e-01 -2.132690062143056764e+02
3.175000000000000044e-01 -2.123663979130241728e+02
3.183000000000000274e-01 -2.114594211856595223e+02
3.190000000000000058e-01 -2.105523431707371174e+02
3.196999999999999842e-01 -2.096429378858947814e+02
3.205000000000000071e-01 -2.087311241400141455e+02
3.211999999999999855e-01 -2.078169251237136166e+02
3.219000000000000195e-01 -2.069001838326007316e+02
3.226999999999999869e-01 -2.059788680907279002e+02
3.234000000000000208e-01 -2.050569800735812294e+02
3.240999999999999992e-01 -2.041324177991446902e+02
3.249000000000000221e-01 -2.032051370380059154e+02
3.256000000000000005e-01 -2.022750240192567617e+02
3.262999999999999790e-01 -2.013419867507133745e+02
3.271000000000000019e-01 -2.004060709687398116e+02
3.277999999999999803e-01 -1.994651519617401334e+02
3.285000000000000142e-01 -1.985231416988102637e+02
3.292999999999999816e-01 -1.975779719208765925e+02
3.300000000000000155e-01 -1.966295858998903441e+02
3.306999999999999940e-01 -1.956779266438335867e+02
3.315000000000000169e-01 -1.947229548563794879e+02
3.321999999999999953e-01 -1.937645076048641783e+02
3.330000000000000182e-01 -1.928025878111764086e+02
3.336999999999999966e-01 -1.918370877879723366e+02
3.343999999999999750e-01 -1.908679685440488072e+02
3.351999999999999980e-01 -1.898952057398526847e+02
3.358999999999999764e-01 -1.889185787158537835e+02
3.366000000000000103e-01 -1.879382084791278373e+02
3.373999999999999777e-01 -1.869538706653304132e+02
3.381000000000000116e-01 -1.859656176396071885e+02
3.387999999999999901e-01 -1.849733524113913177e+02
3.396000000000000130e-01 -1.839769375864878214e+02
3.402999999999999914e-01 -1.829763845592710823e+02
3.410000000000000253e-01 -1.819715863408560494e+02
3.417999999999999927e-01 -1.809625955042158694e+02
3.425000000000000266e-01 -1.799492074762491995e+02
3.432000000000000051e-01 -1.789314572668994572e+02
3.439999999999999725e-01 -1.779092804188094874e+02
3.447000000000000064e-01 -1.768825683895607881e+02
3.453999999999999848e-01 -1.758512941904806155e+02
3.462000000000000077e-01 -1.748154923413449922e+02
3.468999999999999861e-01 -1.737766961379773818e+02
3.477000000000000091e-01 -1.727315332699764383e+02
3.483999999999999875e-01 -1.716816022395547350e+02
3.491000000000000214e-01 -1.706269260575371050e+02
3.498999999999999888e-01 -1.695674211776344578e+02
3.506000000000000227e-01 -1.685030841571289670e+02
3.513000000000000012e-01 -1.674355489753300503e+02
3.521000000000000241e-01 -1.663613870831194674e+02
3.528000000000000025e-01 -1.652823050512298835e+02
3.534999999999999809e-01 -1.641982489014127111e+02
3.543000000000000038e-01 -1.631109079874186705e+02
3.549999999999999822e-01 -1.620168959553816421e+02
3.557000000000000162e-01 -1.609178868166873713e+02
3.564999999999999836e-01 -1.598154398908909570e+02
3.572000000000000175e-01 -1.587063688687701699e+02
3.578999999999999959e-01 -1.575938477228197883e+02
3.587000000000000188e-01 -1.564746647942350535e+02
3.593999999999999972e-01 -1.553505156749213256e+02
3.602000000000000202e-01 -1.542227927298020802e+02
3.608999999999999986e-01 -1.530885907071171914e+02
3.615999999999999770e-01 -1.519508505908073346e+02
3.623999999999999999e-01 -1.508081306337679450e+02
3.630999999999999783e-01 -1.496589466113522633e+02
3.638000000000000123e-01 -1.485062664991103247e+02
3.645999999999999797e-01 -1.473471975485730638e+02
3.653000000000000136e-01 -1.461847225172283231e+02
3.659999999999999920e-01 -1.450173584176380643e+02
3.668000000000000149e-01 -1.438437634556221099e+02
3.674999999999999933e-01 -1.426667874254952721e+02
3.682000000000000273e-01 -1.414851123459417579e+02
3.689999999999999947e-01 -1.402987343659915496e+02
3.696999999999999731e-01 -1.391077753277240561e+02
3.704000000000000070e-01 -1.379108472692873590e+02
3.711999999999999744e-01 -1.367108022793480302e+02
3.719000000000000083e-01 -1.355063262515287761e+02
3.725999999999999868e-01 -1.342975111961384016e+02
3.734000000000000097e-01 -1.330844242053000528e+02
3.740999999999999881e-01 -1.318683971493111926e+02
3.749000000000000110e-01 -1.306469611446874239e+02
3.755999999999999894e-01 -1.294214771195218816e+02
3.763000000000000234e-01 -1.281920680830890262e+02
3.770999999999999908e-01 -1.269588250792736943e+02
3.778000000000000247e-01 -1.257231360474610398e+02
3.785000000000000031e-01 -1.244824850218417822e+02
3.793000000000000260e-01 -1.232383220108024346e+02
3.800000000000000044e-01 -1.219919509897905527e+02
3.806999999999999829e-01 -1.207423029661920566e+02
3.815000000000000058e-01 -1.194882179495295418e+02
3.821999999999999842e-01 -1.182322879303893899e+02
3.829000000000000181e-01 -1.169733729168409155e+02
3.836999999999999855e-01 -1.157104888953460886e+02
3.844000000000000195e-01 -1.144461058788275949e+02
3.850999999999999979e-01 -1.131791468808048791e+02
3.859000000000000208e-01 -1.119098378488417751e+02
3.865999999999999992e-01 -1.106381998355987832e+02
3.872999999999999776e-01 -1.093644968510113387e+02
3.881000000000000005e-01 -1.080898758113114155e+02
3.887999999999999790e-01 -1.068123838255477551e+02
3.896000000000000019e-01 -1.055332227977735613e+02
3.902999999999999803e-01 -1.042536177826268045e+02
3.910000000000000142e-01 -1.029716508090749443e+02
3.917999999999999816e-01 -1.016895527750502310e+02
3.925000000000000155e-01 -1.004064027699158572e+02
3.931999999999999940e-01 -9.912245279465491876e+01
3.940000000000000169e-01 -9.783778376266616306e+01
3.946999999999999953e-01 -9.655270176014064987e+01
3.953999999999999737e-01 -9.526722678959023938e+01
3.961999999999999966e-01 -9.398165476604422963e+01
3.968999999999999750e-01 -9.269709976719802569e+01
3.976000000000000090e-01 -9.141272579372386531e+01
3.983999999999999764e-01 -9.012789077392207560e+01
3.991000000000000103e-01 -8.884456477868468482e+01
3.997999999999999887e-01 -8.756198281227190705e+01
4.006000000000000116e-01 -8.628045479817738794e+01
4.012999999999999901e-01 -8.500091280140161132e+01
4.020000000000000240e-01 -8.372187483973220878e+01
4.027999999999999914e-01 -8.244524282815680749e+01
4.035000000000000253e-01 -8.117037886053495299e+01
4.042999999999999927e-01 -7.989745585436075714e+01
4.050000000000000266e-01 -7.862667886938572792e+01
4.057000000000000051e-01 -7.735824690452416519e+01
4.064999999999999725e-01 -7.609316690825576757e+01
4.072000000000000064e-01 -7.483079792701774124e+01
4.078999999999999848e-01 -7.357135695379677998e+01
4.087000000000000077e-01 -7.231506197324642926e+01
4.093999999999999861e-01 -7.106283199596975919e+01
4.101000000000000201e-01 -6.981414801736042364e+01
4.108999999999999875e-01 -6.856918604526241268e+01
4.116000000000000214e-01 -6.732819107570975348e+01
4.122999999999999998e-01 -6.609194709094684583e+01
4.131000000000000227e-01 -6.486010513252770693e+01
4.138000000000000012e-01 -6.363272416703897250e+01
4.144999999999999796e-01 -6.241072817368670655e+01
4.153000000000000025e-01 -6.119363823161298654e+01
4.159999999999999809e-01 -5.998171526913693441e+01
4.167000000000000148e-01 -5.877564726639887738e+01
4.174999999999999822e-01 -5.757508734438994935e+01
4.182000000000000162e-01 -5.638075838222799518e+01
4.188999999999999946e-01 -5.519233336867391415e+01
4.197000000000000175e-01 -5.401000846762799057e+01
4.203999999999999959e-01 -5.283490644260808011e+01
4.212000000000000188e-01 -5.166576355152164268e+01
4.218999999999999972e-01 -5.050374859809005557e+01
4.225999999999999757e-01 -4.934899956476042604e+01
4.233999999999999986e-01 -4.820163569163070605e+01
4.240999999999999770e-01 -4.706147873826963490e+01
4.248000000000000109e-01 -4.592859869293092601e+01
4.255999999999999783e-01 -4.480408684083552373e+01
4.263000000000000123e-01 -4.368720689635225085e+01
4.269999999999999907e-01 -4.257898882873490010e+01
4.278000000000000136e-01 -4.147869000162955189e+01
4.284999999999999920e-01 -4.038689505721038842e+01
4.292000000000000259e-01 -3.930377197431488412e+01
4.299999999999999933e-01 -3.822942917280133202e+01
4.307000000000000273e-01 -3.716433822860650338e+01
4.314000000000000057e-01 -3.610795412839767948e+01
4.321999999999999731e-01 -3.506108334910748425e+01
4.329000000000000070e-01 -3.402349741344433198e+01
4.335999999999999854e-01 -3.299594928831916008e+01
4.344000000000000083e-01 -3.197759153798358867e+01
4.350999999999999868e-01 -3.096947240004488933e+01
4.359000000000000097e-01 -2.997103466484966106e+01
4.365999999999999881e-01 -2.898270673181459500e+01
4.373000000000000220e-01 -2.800482657276547016e+01
4.380999999999999894e-01 -2.703718386502653459e+01
4.388000000000000234e-01 -2.608008493323499977e+01
4.395000000000000018e-01 -2.513362775129107618e+01
4.403000000000000247e-01 -2.419781507179926905e+01
4.410000000000000031e-01 -2.327297414156535638e+01
4.416999999999999815e-01 -2.235901793544223182e+01
4.425000000000000044e-01 -2.145603828214876074e+01
4.431999999999999829e-01 -2.056401335612619263e+01
4.439000000000000168e-01 -1.968353012297544424e+01
4.446999999999999842e-01 -1.881398650058763167e+01
4.454000000000000181e-01 -1.795603957366767034e+01
4.460999999999999965e-01 -1.710949431689699196e+01
4.469000000000000195e-01 -1.627452572169304901e+01
4.475999999999999979e-01 -1.545107344768676860e+01
4.484000000000000208e-01 -1.463942387187858785e+01
4.490999999999999992e-01 -1.383940094743928562e+01
4.497999999999999776e-01 -1.305116664548955185e+01
4.506000000000000005e-01 -1.227478409924013469e+01
4.512999999999999790e-01 -1.151023117555720887e+01
4.520000000000000129e-01 -1.075758484598451936e+01
4.527999999999999803e-01 -1.001694932929386894e+01
4.535000000000000142e-01 -9.288286406245527260e+00
4.541999999999999926e-01 -8.571629048218193603e+00
4.550000000000000155e-01 -7.867050560386014801e+00
4.556999999999999940e-01 -7.174439638344040304e+00
4.563999999999999724e-01 -6.493991251332435155e+00
4.571999999999999953e-01 -5.825626793234493839e+00
4.578999999999999737e-01 -5.169341870852790066e+00
4.586000000000000076e-01 -4.525166455035592783e+00
4.593999999999999750e-01 -3.893121025922723355e+00
4.601000000000000090e-01 -3.273137103233341172e+00
4.607999999999999874e-01 -2.665214658256400249e+00
4.616000000000000103e-01 -2.069402257963545821e+00
4.622999999999999887e-01 -1.485618793151761929e+00
4.631000000000000116e-01 -9.138574126937510922e-01
4.637999999999999901e-01 -3.542124879083094480e-01
4.645000000000000240e-01 1.936980054390474160e-01
4.652999999999999914e-01 7.295493585473296072e-01
4.660000000000000253e-01 1.253506282569985197e+00
4.667000000000000037e-01 1.765609805992909287e+00
4.675000000000000266e-01 2.265901131544741265e+00
4.682000000000000051e-01 2.754444056477612257e+00
4.688999999999999835e-01 3.231275609126782911e+00
4.697000000000000064e-01 3.696466907593297879e+00
4.703999999999999848e-01 4.150071833724832793e+00
4.711000000000000187e-01 4.592152415272540367e+00
4.718999999999999861e-01 5.022780687404504896e+00
4.726000000000000201e-01 5.442034614933413117e+00
4.732999999999999985e-01 5.849982225007879677e+00
4.741000000000000214e-01 6.246687471542440306e+00
4.747999999999999998e-01 6.632265400532820543e+00
4.754999999999999782e-01 7.006765038932933898e+00
4.763000000000000012e-01 7.370294260436571321e+00
4.769999999999999796e-01 7.722937917352676429e+00
4.778000000000000025e-01 8.064790122647909953e+00
4.784999999999999809e-01 8.395938054721485244e+00
4.792000000000000148e-01 8.716488738978506845e+00
4.799999999999999822e-01 9.026537920849314389e+00
4.807000000000000162e-01 9.326203854743319255e+00
4.813999999999999946e-01 9.615556565876532957e+00
4.822000000000000175e-01 9.894742724922247490e+00
4.828999999999999959e-01 1.016384266120076063e+01
4.835999999999999743e-01 1.042300139829915118e+01
4.843999999999999972e-01 1.067230953558462758e+01
4.850999999999999757e-01 1.091187147404894198e+01
4.858000000000000096e-01 1.114183323649314339e+01
4.865999999999999770e-01 1.136229235321464515e+01
4.873000000000000109e-01 1.157340329384552469e+01
4.879999999999999893e-01 1.177525208092964348e+01
4.888000000000000123e-01 1.196797517771614494e+01
4.894999999999999907e-01 1.215170712088537286e+01
4.902000000000000246e-01 1.232657293175447499e+01
4.909999999999999920e-01 1.249269900964679891e+01
4.917000000000000259e-01 1.265021083572755245e+01
4.924999999999999933e-01 1.279921590176063440e+01
4.932000000000000273e-01 1.293989684903224102e+01
4.939000000000000057e-01 1.307235169760717675e+01
4.946999999999999731e-01 1.319673074630610365e+01
4.954000000000000070e-01 1.331315969615451777e+01
4.960999999999999854e-01 1.342176456614435232e+01
4.969000000000000083e-01 1.352270459844097239e+01
4.975999999999999868e-01 1.361606555111618455e+01
4.983000000000000207e-01 1.370204344138394958e+01
4.990999999999999881e-01 1.378073945865881278e+01
4.998000000000000220e-01 1.385229341373135092e+01
5.004999999999999449e-01 1.391683832349984229e+01
5.012999999999999678e-01 1.397451632674168209e+01
5.020000000000000018e-01 1.402549028430769695e+01
5.027000000000000357e-01 1.406984421260980689e+01
5.034999999999999476e-01 1.410775120238190361e+01
5.041999999999999815e-01 1.413932416268497505e+01
5.049000000000000155e-01 1.416470410843341377e+01
5.057000000000000384e-01 1.418403708595125323e+01
5.063999999999999613e-01 1.419744604877985239e+01
5.070999999999999952e-01 1.420505601099309523e+01
5.079000000000000181e-01 1.420701597714205455e+01
5.086000000000000520e-01 1.420344994976828978e+01
5.093999999999999639e-01 1.419449390879898409e+01
5.100999999999999979e-01 1.418026587582610887e+01
5.108000000000000318e-01 1.416089386332106592e+01
5.116000000000000547e-01 1.413652481243153147e+01
5.122999999999999776e-01 1.410726278199700623e+01
5.130000000000000115e-01 1.407325278334630347e+01
5.138000000000000345e-01 1.403462472331375466e+01
5.144999999999999574e-01 1.399145969530860611e+01
5.151999999999999913e-01 1.394392570935043985e+01
5.160000000000000142e-01 1.389210464140719026e+01
5.167000000000000481e-01 1.383616161550451018e+01
5.173999999999999710e-01 1.377617764156343227e+01
5.181999999999999940e-01 1.371227056601956207e+01
5.189000000000000279e-01 1.364456654236678190e+01
5.195999999999999508e-01 1.357317257950853850e+01
5.203999999999999737e-01 1.349820149727906937e+01
5.211000000000000076e-01 1.341977354129070932e+01
5.219000000000000306e-01 1.333798845481303630e+01
5.225999999999999535e-01 1.325293543477547864e+01
5.232999999999999874e-01 1.316475648825463729e+01
5.241000000000000103e-01 1.307351539628362325e+01
5.248000000000000442e-01 1.297933137806649562e+01
5.254999999999999671e-01 1.288230544027763358e+01
5.262999999999999901e-01 1.278251034349754001e+01
5.270000000000000240e-01 1.268009132706879427e+01
5.276999999999999469e-01 1.257510939724191346e+01
5.284999999999999698e-01 1.246764129605737104e+01
5.292000000000000037e-01 1.235782128127598689e+01
5.299000000000000377e-01 1.224569535867634507e+01
5.306999999999999496e-01 1.213135125360415678e+01
5.313999999999999835e-01 1.201490824050218365e+01
5.321000000000000174e-01 1.189642132435657551e+01
5.329000000000000403e-01 1.177595821585585867e+01
5.335999999999999632e-01 1.165362620424740747e+01
5.342999999999999972e-01 1.152948329404143735e+01
5.351000000000000201e-01 1.140361518253043727e+01
5.358000000000000540e-01 1.127608417240909944e+01
5.364999999999999769e-01 1.114697426720931261e+01
5.372999999999999998e-01 1.101632215323047603e+01
5.380000000000000338e-01 1.088422025131980497e+01
5.387999999999999456e-01 1.075073513577613404e+01
5.394999999999999796e-01 1.061591012757778785e+01
5.402000000000000135e-01 1.047980622997300948e+01
5.410000000000000364e-01 1.034251511247590294e+01
5.416999999999999593e-01 1.020405510543775840e+01
5.423999999999999932e-01 1.006449721139131626e+01
5.432000000000000162e-01 9.923893092297326746e+00
5.439000000000000501e-01 9.782285086316825584e+00
5.445999999999999730e-01 9.639744195423284978e+00
5.453999999999999959e-01 9.496293074996824402e+00
5.461000000000000298e-01 9.351986069779108846e+00
5.467999999999999527e-01 9.206865181799701148e+00
5.475999999999999757e-01 9.060985060253898382e+00
5.483000000000000096e-01 8.914378055798971801e+00
5.490000000000000435e-01 8.767076170189648465e+00
5.497999999999999554e-01 8.619126047626263443e+00
5.504999999999999893e-01 8.470549163431137174e+00
5.513000000000000123e-01 8.321394040402228853e+00
5.520000000000000462e-01 8.171690037094684556e+00
5.526999999999999691e-01 8.021470154642271311e+00
5.534999999999999920e-01 7.870748030973166998e+00
5.542000000000000259e-01 7.719573028172010964e+00
5.548999999999999488e-01 7.567961147306063729e+00
5.556999999999999718e-01 7.415931023050446491e+00
5.564000000000000057e-01 7.263520020710808822e+00
5.571000000000000396e-01 7.110744141181339906e+00
5.578999999999999515e-01 6.957622016428950396e+00
5.585999999999999854e-01 6.804178014473910352e+00
5.593000000000000194e-01 6.650429136015707066e+00
5.601000000000000423e-01 6.496386010909969144e+00
5.607999999999999652e-01 6.342081009224147081e+00
5.614999999999999991e-01 6.187513131764296404e+00
5.623000000000000220e-01 6.032712006262742399e+00
5.629999999999999449e-01 5.877682004852549547e+00
5.636999999999999789e-01 5.722432128118627226e+00
5.645000000000000018e-01 5.566981002288562408e+00
5.652000000000000357e-01 5.411331001128357521e+00
5.658999999999999586e-01 5.255500125050656557e+00
5.666999999999999815e-01 5.099501998968198890e+00
5.674000000000000155e-01 4.943334123199778496e+00
5.682000000000000384e-01 4.787005996955469023e+00
5.688999999999999613e-01 4.630523996013203636e+00
5.695999999999999952e-01 4.473895120754376009e+00
5.704000000000000181e-01 4.317130994244052999e+00
5.711000000000000520e-01 4.160225993417166812e+00
5.717999999999999750e-01 4.003192118516495590e+00
5.725999999999999979e-01 3.846028991840314770e+00
5.733000000000000318e-01 3.688748991013429457e+00
5.739999999999999547e-01 3.531340116474921409e+00
5.747999999999999776e-01 3.373812989526316919e+00
5.755000000000000115e-01 3.216171988801990622e+00
5.762000000000000455e-01 3.058418114579173785e+00
5.769999999999999574e-01 2.900552987340518030e+00
5.776999999999999913e-01 2.742570986661061472e+00
5.784000000000000252e-01 2.584483112705860286e+00
5.792000000000000481e-01 2.426283985276508570e+00
5.798999999999999710e-01 2.267980111516811448e+00
5.806999999999999940e-01 2.109568983879135828e+00
5.814000000000000279e-01 1.951046983225318776e+00
5.820999999999999508e-01 1.792423109716412055e+00
5.828999999999999737e-01 1.633690981866405600e+00
5.836000000000000076e-01 1.474854981206179083e+00
5.843000000000000416e-01 1.315916107960882320e+00
5.850999999999999535e-01 1.156870979879315753e+00
5.857999999999999874e-01 9.977249792126792194e-01
5.865000000000000213e-01 8.384751062558308821e-01
5.873000000000000442e-01 6.791259779499156934e-01
5.879999999999999671e-01 5.196789773025088932e-01
5.887000000000000011e-01 3.601311045956492873e-01
5.895000000000000240e-01 2.004859760782051192e-01
5.901999999999999469e-01 4.074697548207814601e-02
5.908999999999999808e-01 -1.190848969467491192e-01
5.917000000000000037e-01 -2.790050257165857528e-01
5.924000000000000377e-01 -4.390240261268236743e-01
5.930999999999999606e-01 -5.991068984106254769e-01
5.938999999999999835e-01 -7.592880272806178388e-01
5.946000000000000174e-01 -9.195508992126726344e-01
5.954000000000000403e-01 -1.079875028254932978e+00
5.960999999999999632e-01 -1.240290028517741616e+00
5.967999999999999972e-01 -1.400745900300764513e+00
5.976000000000000201e-01 -1.561264029274117782e+00
5.983000000000000540e-01 -1.721838029658715907e+00
5.989999999999999769e-01 -1.882471901114029178e+00
5.997999999999999998e-01 -2.043135030075363456e+00
6.005000000000000338e-01 -2.203834030338172045e+00
6.011999999999999567e-01 -2.364573901641249254e+00
6.019999999999999796e-01 -2.525331030383041853e+00
6.027000000000000135e-01 -2.686078030498421754e+00
6.034000000000000474e-01 -2.846842901646857715e+00
6.041999999999999593e-01 -3.007601030402272002e+00
6.048999999999999932e-01 -3.168351030254842993e+00
6.056000000000000272e-01 -3.329077901080376822e+00
6.064000000000000501e-01 -3.489735029774095221e+00
6.070999999999999730e-01 -3.650387029261298100e+00
6.078000000000000069e-01 -3.810958900216633527e+00
6.086000000000000298e-01 -3.971462027985714460e+00
6.092999999999999527e-01 -4.131835027806234351e+00
6.099999999999999867e-01 -4.292179898332102894e+00
6.108000000000000096e-01 -4.452347026146053821e+00
6.115000000000000435e-01 -4.612432896980401154e+00
6.122999999999999554e-01 -4.772359024306392250e+00
6.129999999999999893e-01 -4.932158022800051000e+00
6.137000000000000233e-01 -5.091721894147997141e+00
6.145000000000000462e-01 -5.251143020466821909e+00
6.151999999999999691e-01 -5.410343019293798683e+00
6.159000000000000030e-01 -5.569359890216283304e+00
6.167000000000000259e-01 -5.728080015979845285e+00
6.173999999999999488e-01 -5.886580014095314617e+00
6.180999999999999828e-01 -6.044785885471305242e+00
6.189000000000000057e-01 -6.202660010371123356e+00
6.196000000000000396e-01 -6.360285007691757642e+00
6.202999999999999625e-01 -6.517491880171062846e+00
6.210999999999999854e-01 -6.674421002967610761e+00
6.218000000000000194e-01 -6.830891000916421874e+00
6.225000000000000533e-01 -6.987040873300379040e+00
6.232999999999999652e-01 -7.142744995243600847e+00
6.239999999999999991e-01 -7.298009867865528300e+00
6.248000000000000220e-01 -7.452744989057982217e+00
6.254999999999999449e-01 -7.607044986173496781e+00
6.261999999999999789e-01 -7.760894859553403080e+00
6.270000000000000018e-01 -7.914147978500765568e+00
6.277000000000000357e-01 -8.066800975013743269e+00
6.283999999999999586e-01 -8.218909849676444779e+00
6.291999999999999815e-01 -8.370401967482029804e+00
6.299000000000000155e-01 -8.521335962828395338e+00
6.306000000000000494e-01 -8.671543838330000753e+00
6.313999999999999613e-01 -8.821012954335188283e+00
6.320999999999999952e-01 -8.969895948873894298e+00
6.328000000000000291e-01 -9.117926826360989168e+00
6.336000000000000520e-01 -9.265261939803792757e+00
6.342999999999999750e-01 -9.411877934054050598e+00
6.350000000000000089e-01 -9.557596812608403880e+00
6.358000000000000318e-01 -9.702479923214795576e+00
6.364999999999999547e-01 -9.846507917631715401e+00
6.371999999999999886e-01 -9.989664797941596674e+00
6.380000000000000115e-01 -1.013193290552328563e+01
6.387000000000000455e-01 -1.027320089894024768e+01
6.393999999999999684e-01 -1.041344178181652325e+01
6.401999999999999913e-01 -1.055283488604339581e+01
6.409000000000000252e-01 -1.069106376975216222e+01
6.417000000000000481e-01 -1.082830587258887256e+01
6.423999999999999710e-01 -1.096443586598660680e+01
6.431000000000000050e-01 -1.109953575067128995e+01
6.439000000000000279e-01 -1.123337585105779191e+01
6.445999999999999508e-01 -1.136614684338506187e+01
6.452999999999999847e-01 -1.149772073111367909e+01
6.461000000000000076e-01 -1.162807382757808128e+01
6.468000000000000416e-01 -1.175718181872591472e+01
6.474999999999999645e-01 -1.188490870979492797e+01
6.482999999999999874e-01 -1.201146080279073658e+01
6.490000000000000213e-01 -1.213670179348346423e+01
6.497000000000000552e-01 -1.226049068736565140e+01
6.504999999999999671e-01 -1.238304377598425354e+01
6.512000000000000011e-01 -1.250410276697824763e+01
6.519000000000000350e-01 -1.262375666306306066e+01
6.526999999999999469e-01 -1.274197674778680600e+01
6.533999999999999808e-01 -1.285863664607424361e+01
6.542000000000000037e-01 -1.297382772883253210e+01
6.549000000000000377e-01 -1.308753071830736481e+01
6.555999999999999606e-01 -1.319959161990955643e+01
6.563999999999999835e-01 -1.331011769853902571e+01
6.571000000000000174e-01 -1.341909468757798152e+01
6.578000000000000513e-01 -1.352636159269043148e+01
6.585999999999999632e-01 -1.363203466696352706e+01
6.592999999999999972e-01 -1.373608565572044249e+01
6.600000000000000311e-01 -1.383838256363164376e+01
6.608000000000000540e-01 -1.393887463342657718e+01
6.614999999999999769e-01 -1.403769362165787626e+01
6.622000000000000108e-01 -1.413467653430924997e+01
6.630000000000000338e-01 -1.422994059947297707e+01
6.636999999999999567e-01 -1.432346258752479784e+01
6.643999999999999906e-01 -1.441512050328180194e+01
6.652000000000000135e-01 -1.450485256367331033e+01
6.659000000000000474e-01 -1.459278955131489219e+01
6.665999999999999703e-01 -1.467879847128404514e+01
6.673999999999999932e-01 -1.476282552686086547e+01
6.681000000000000272e-01 -1.484501951499601802e+01
6.687999999999999501e-01 -1.492536243848424071e+01
6.695999999999999730e-01 -1.500354148906769858e+01
6.703000000000000069e-01 -1.507983941727205668e+01
6.711000000000000298e-01 -1.515423646362653720e+01
6.717999999999999527e-01 -1.522656545042841536e+01
6.724999999999999867e-01 -1.529683538237459040e+01
6.733000000000000096e-01 -1.536501042444240639e+01
6.740000000000000435e-01 -1.543122641091737535e+01
6.746999999999999664e-01 -1.549533234851473829e+01
6.754999999999999893e-01 -1.555747038359168499e+01
6.762000000000000233e-01 -1.561731337073328874e+01
6.768999999999999462e-01 -1.567515031320783692e+01
6.776999999999999691e-01 -1.573099334303581998e+01
6.784000000000000030e-01 -1.578450933006845602e+01
6.791000000000000369e-01 -1.583600227658288517e+01
6.798999999999999488e-01 -1.588531530296711303e+01
6.805999999999999828e-01 -1.593258028896774370e+01
6.813000000000000167e-01 -1.597766124042906632e+01
6.821000000000000396e-01 -1.602052826052671719e+01
6.827999999999999625e-01 -1.606117224627735851e+01
6.834999999999999964e-01 -1.609959320397798521e+01
6.843000000000000194e-01 -1.613596121881706225e+01
6.850000000000000533e-01 -1.617009817896869350e+01
6.857999999999999652e-01 -1.620200719122855659e+01
6.864999999999999991e-01 -1.623184017585745664e+01
6.872000000000000330e-01 -1.625927514217548264e+01
6.879999999999999449e-01 -1.628462414824331717e+01
6.886999999999999789e-01 -1.630775113491699457e+01
6.894000000000000128e-01 -1.632879910458582984e+01
6.902000000000000357e-01 -1.634744610621316241e+01
6.908999999999999586e-01 -1.636401609211764097e+01
6.915999999999999925e-01 -1.637838706794966015e+01
6.924000000000000155e-01 -1.639050206438812651e+01
6.931000000000000494e-01 -1.640054704920290973e+01
6.937999999999999723e-01 -1.640822303152662442e+01
6.945999999999999952e-01 -1.641384402178107038e+01
6.953000000000000291e-01 -1.641724200880729612e+01
6.959999999999999520e-01 -1.641861599452028031e+01
6.967999999999999750e-01 -1.641763898062266946e+01
6.975000000000000089e-01 -1.641461597004942519e+01
6.983000000000000318e-01 -1.640927595274571971e+01
6.989999999999999547e-01 -1.640190394010526376e+01
6.996999999999999886e-01 -1.639255993450695925e+01
7.005000000000000115e-01 -1.638088291261932383e+01
7.012000000000000455e-01 -1.636725089895327301e+01
7.018999999999999684e-01 -1.635148689973849301e+01
7.026999999999999913e-01 -1.633361087199936179e+01
7.034000000000000252e-01 -1.631364185869226802e+01
7.040999999999999481e-01 -1.629159686565429155e+01
7.048999999999999710e-01 -1.626764383226397115e+01
7.056000000000000050e-01 -1.624147582025169001e+01
7.063000000000000389e-01 -1.621343383152522222e+01
7.070999999999999508e-01 -1.618339579549639495e+01
7.077999999999999847e-01 -1.615149178188162793e+01
7.085000000000000187e-01 -1.611746379909559224e+01
7.093000000000000416e-01 -1.608164375690839520e+01
7.099999999999999645e-01 -1.604371974554352320e+01
7.106999999999999984e-01 -1.600402276772601340e+01
7.115000000000000213e-01 -1.596260972140999357e+01
7.122000000000000552e-01 -1.591914770959642311e+01
7.128999999999999782e-01 -1.587384273649665367e+01
7.137000000000000011e-01 -1.582686168730896625e+01
7.144000000000000350e-01 -1.577807971645108154e+01
7.151999999999999469e-01 -1.572752466475870037e+01
7.158999999999999808e-01 -1.567522465454121239e+01
7.166000000000000147e-01 -1.562133068746520870e+01
7.174000000000000377e-01 -1.556560763293321159e+01
7.180999999999999606e-01 -1.550834262252342555e+01
7.187999999999999945e-01 -1.544945366056017200e+01
7.196000000000000174e-01 -1.538893360188974135e+01
7.203000000000000513e-01 -1.532682559286450541e+01
7.209999999999999742e-01 -1.526330963446279121e+01
7.217999999999999972e-01 -1.519813657341666335e+01
7.225000000000000311e-01 -1.513158656416708148e+01
7.231999999999999540e-01 -1.506359361137729280e+01
7.239999999999999769e-01 -1.499430454597559503e+01
7.247000000000000108e-01 -1.492347353805287469e+01
7.254000000000000448e-01 -1.485140658757387833e+01
7.261999999999999567e-01 -1.477787352120748032e+01
7.268999999999999906e-01 -1.470317857386616467e+01
7.277000000000000135e-01 -1.462720150615046677e+01
7.284000000000000474e-01 -1.455015749740086051e+01
7.290999999999999703e-01 -1.447174855457777021e+01
7.298999999999999932e-01 -1.439233248364507034e+01
7.306000000000000272e-01 -1.431177747667102551e+01
7.312999999999999501e-01 -1.423013453617555513e+01
7.320999999999999730e-01 -1.414743746421004822e+01
7.328000000000000069e-01 -1.406385045707575365e+01
7.335000000000000409e-01 -1.397915052035896011e+01
7.342999999999999527e-01 -1.389363344607625095e+01
7.349999999999999867e-01 -1.380721744044829968e+01
7.357000000000000206e-01 -1.371992350643250447e+01
7.365000000000000435e-01 -1.363192343004492102e+01
7.371999999999999664e-01 -1.354300642594254178e+01
7.379000000000000004e-01 -1.345344949371753351e+01
7.387000000000000233e-01 -1.336318241702627674e+01
7.393999999999999462e-01 -1.327223441371232404e+01
7.400999999999999801e-01 -1.318076948292074491e+01
7.409000000000000030e-01 -1.308857740623830246e+01
7.416000000000000369e-01 -1.299594640284101921e+01
7.422999999999999599e-01 -1.290278547476005500e+01
7.430999999999999828e-01 -1.280913839765535656e+01
7.438000000000000167e-01 -1.271516846993655214e+01
7.446000000000000396e-01 -1.262066139260430120e+01
7.452999999999999625e-01 -1.252590339052106216e+01
7.459999999999999964e-01 -1.243082046569636034e+01
7.468000000000000194e-01 -1.233555738694430204e+01
7.475000000000000533e-01 -1.223991638633535395e+01
7.481999999999999762e-01 -1.214418046203947377e+01
7.489999999999999991e-01 -1.204826538427134430e+01
7.497000000000000330e-01 -1.195220738360470847e+01
7.503999999999999559e-01 -1.185604546028955042e+01
7.511999999999999789e-01 -1.175981838371367694e+01
7.519000000000000128e-01 -1.166367338380982588e+01
7.526000000000000467e-01 -1.156754346106355591e+01
7.533999999999999586e-01 -1.147145438528411887e+01
7.540999999999999925e-01 -1.137555438536103836e+01
7.548000000000000265e-01 -1.127966646363795888e+01
7.556000000000000494e-01 -1.118403638826475444e+01
7.562999999999999723e-01 -1.108860146595996987e+01
7.570999999999999952e-01 -1.099338539132230785e+01
7.578000000000000291e-01 -1.089842739387988502e+01
7.584999999999999520e-01 -1.080386847086199253e+01
7.592999999999999750e-01 -1.070952639828994180e+01
7.600000000000000089e-01 -1.061565540074495928e+01
7.607000000000000428e-01 -1.052216747864128976e+01
7.614999999999999547e-01 -1.042921240640496272e+01
7.621999999999999886e-01 -1.033660741014838358e+01
7.629000000000000226e-01 -1.024458648680197825e+01
7.637000000000000455e-01 -1.015308641698140768e+01
7.643999999999999684e-01 -1.006213142062227028e+01
7.651000000000000023e-01 -9.971744496482632059e+00
7.659000000000000252e-01 -9.881970429166756276e+00
7.665999999999999481e-01 -9.792916433416563038e+00
7.672999999999999821e-01 -9.704525508064641315e+00
7.681000000000000050e-01 -9.616816442326419079e+00
7.688000000000000389e-01 -9.529815447031335651e+00
7.694999999999999618e-01 -9.443548520437483162e+00
7.702999999999999847e-01 -9.358045457505221876e+00
7.710000000000000187e-01 -9.273412529804046400e+00
7.718000000000000416e-01 -9.189579467408622193e+00
7.724999999999999645e-01 -9.106491473382710922e+00
7.731999999999999984e-01 -9.024335544078242677e+00
7.740000000000000213e-01 -8.943047484632204558e+00
7.747000000000000552e-01 -8.862646490958843160e+00
7.753999999999999782e-01 -8.783232559305920617e+00
7.762000000000000011e-01 -8.704659502862153175e+00
7.769000000000000350e-01 -8.627102508477284104e+00
7.775999999999999579e-01 -8.550421575801172125e+00
7.783999999999999808e-01 -8.474789520951080846e+00
7.791000000000000147e-01 -8.400054527861025022e+00
7.798000000000000487e-01 -8.326397592543205661e+00
7.805999999999999606e-01 -8.253750540841208405e+00
7.812999999999999945e-01 -8.182118547411427301e+00
7.820000000000000284e-01 -8.111511609380587018e+00
7.828000000000000513e-01 -8.041866560756979254e+00
7.834999999999999742e-01 -7.973341567493854143e+00
7.842000000000000082e-01 -7.905867627479932658e+00
7.850000000000000311e-01 -7.839449581070165429e+00
7.856999999999999540e-01 -7.774093587928830651e+00
7.863999999999999879e-01 -7.709807645427841472e+00
7.872000000000000108e-01 -7.646589601626931021e+00
7.879000000000000448e-01 -7.584440657430505439e+00
7.886999999999999567e-01 -7.523362614921203395e+00
7.893999999999999906e-01 -7.463287622222156692e+00
7.901000000000000245e-01 -7.404351675445719039e+00
7.909000000000000474e-01 -7.346485635458739338e+00
7.915999999999999703e-01 -7.289614642759692842e+00
7.923000000000000043e-01 -7.233882692894451516e+00
7.931000000000000272e-01 -7.179127655842436617e+00
7.937999999999999501e-01 -7.125436662463932258e+00
7.944999999999999840e-01 -7.072778710505836841e+00
7.953000000000000069e-01 -7.021163675764614531e+00
7.960000000000000409e-01 -6.970580682245092419e+00
7.966999999999999638e-01 -6.921008727640481695e+00
7.974999999999999867e-01 -6.872448694693249038e+00
7.982000000000000206e-01 -6.824818700994247145e+00
7.989000000000000545e-01 -6.778171743827251738e+00
7.996999999999999664e-01 -6.732497713365483527e+00
8.004000000000000004e-01 -6.687780754483823031e+00
8.012000000000000233e-01 -6.644006725300844352e+00
8.018999999999999462e-01 -6.601151730800595807e+00
8.025999999999999801e-01 -6.559154769397413709e+00
8.034000000000000030e-01 -6.518039742088548749e+00
8.041000000000000369e-01 -6.477803747575480386e+00
8.047999999999999599e-01 -6.438423783789393617e+00
8.055999999999999828e-01 -6.399874758126286700e+00
8.063000000000000167e-01 -6.362140762837613650e+00
8.070000000000000506e-01 -6.325141796829670149e+00
8.077999999999999625e-01 -6.288917772599993405e+00
8.084999999999999964e-01 -6.253441777247219946e+00
8.092000000000000304e-01 -6.218690808697725281e+00
8.100000000000000533e-01 -6.184582786144255273e+00
8.106999999999999762e-01 -6.151219789906906321e+00
8.114000000000000101e-01 -6.118443819713254683e+00
8.122000000000000330e-01 -6.086299797842444903e+00
8.128999999999999559e-01 -6.054761801156399059e+00
8.135999999999999899e-01 -6.023740829421951659e+00
8.144000000000000128e-01 -5.993327808059933481e+00
8.151000000000000467e-01 -5.963383811585415195e+00
8.157999999999999696e-01 -5.933989837481684404e+00
8.165999999999999925e-01 -5.905013817046708802e+00
8.173000000000000265e-01 -5.876471842237879883e+00
8.181000000000000494e-01 -5.848343822149042026e+00
8.187999999999999723e-01 -5.820597824116902963e+00
8.195000000000000062e-01 -5.793158848194343236e+00
8.203000000000000291e-01 -5.766092828103901446e+00
8.209999999999999520e-01 -5.739275830180732285e+00
8.216999999999999860e-01 -5.712782852423318403e+00
8.225000000000000089e-01 -5.686470833065216723e+00
8.232000000000000428e-01 -5.660427833840822487e+00
8.238999999999999657e-01 -5.634505855788551898e+00
8.246999999999999886e-01 -5.608793835603563593e+00
8.254000000000000226e-01 -5.583146836552239201e+00
8.260999999999999455e-01 -5.557647857022470994e+00
8.268999999999999684e-01 -5.532155837218875938e+00
8.276000000000000023e-01 -5.506760836891967159e+00
8.283000000000000362e-01 -5.481314857471168978e+00
8.290999999999999481e-01 -5.455902836782998477e+00
8.297999999999999821e-01 -5.430439856758860095e+00
8.306000000000000050e-01 -5.404900835629203648e+00
8.313000000000000389e-01 -5.379257834789497927e+00
8.319999999999999618e-01 -5.353483854823851473e+00
8.327999999999999847e-01 -5.327599832872918384e+00
8.335000000000000187e-01 -5.301526831251196725e+00
8.342000000000000526e-01 -5.275200851565184479e+00
8.349999999999999645e-01 -5.248735828353891186e+00
8.356999999999999984e-01 -5.221957826847548390e+00
8.364000000000000323e-01 -5.194944846780944481e+00
8.372000000000000552e-01 -5.167626822719530111e+00
8.378999999999999782e-01 -5.139969820770899034e+00
8.386000000000000121e-01 -5.112008841082483102e+00
8.394000000000000350e-01 -5.083674815809584580e+00
8.400999999999999579e-01 -5.054939813425076700e+00
8.407999999999999918e-01 -5.025832834553932038e+00
8.416000000000000147e-01 -4.996334807976604786e+00
8.423000000000000487e-01 -4.966377804906229265e+00
8.429999999999999716e-01 -4.935941826808287303e+00
8.437999999999999945e-01 -4.905062798771891330e+00
8.445000000000000284e-01 -4.873669795688696738e+00
8.451999999999999513e-01 -4.841795818434466270e+00
8.459999999999999742e-01 -4.809423788926181054e+00
8.467000000000000082e-01 -4.776494812382655830e+00
8.475000000000000311e-01 -4.743043782118795626e+00
8.481999999999999540e-01 -4.709052778292044827e+00
8.488999999999999879e-01 -4.674464802870264002e+00
8.497000000000000108e-01 -4.639317771035962323e+00
8.504000000000000448e-01 -4.603597767311770284e+00
8.510999999999999677e-01 -4.567296793088653217e+00
8.518999999999999906e-01 -4.530405759690319556e+00
8.526000000000000245e-01 -4.492915755555890733e+00
8.532999999999999474e-01 -4.454780782936866856e+00
8.540999999999999703e-01 -4.416079747684450219e+00
8.548000000000000043e-01 -4.376716744017948635e+00
8.555000000000000382e-01 -4.336781772538298441e+00
8.562999999999999501e-01 -4.296226736037539240e+00
8.569999999999999840e-01 -4.255046732037719437e+00
8.577000000000000179e-01 -4.213242762285554832e+00
8.585000000000000409e-01 -4.170859724307298677e+00
8.591999999999999638e-01 -4.127849720320298843e+00
8.598999999999999977e-01 -4.084217752055246287e+00
8.607000000000000206e-01 -4.040010712711667118e+00
8.614000000000000545e-01 -3.995191745380867854e+00
8.621999999999999664e-01 -3.949794705173546028e+00
8.629000000000000004e-01 -3.903799701603194006e+00
8.636000000000000343e-01 -3.857247735952606948e+00
8.643999999999999462e-01 -3.810169694302240728e+00
8.650999999999999801e-01 -3.762478691142126852e+00
8.658000000000000140e-01 -3.714294726765521304e+00
8.666000000000000369e-01 -3.665578684411661570e+00
8.672999999999999599e-01 -3.616344681398976579e+00
8.679999999999999938e-01 -3.566640718290743362e+00
8.688000000000000167e-01 -3.516413675367197289e+00
8.695000000000000506e-01 -3.465768672175033149e+00
8.701999999999999735e-01 -3.414625710982579054e+00
8.709999999999999964e-01 -3.363095666893220148e+00
8.717000000000000304e-01 -3.311128664559991996e+00
8.723999999999999533e-01 -3.258797704229678072e+00
8.731999999999999762e-01 -3.206063659867895765e+00
8.739000000000000101e-01 -3.153000700438182591e+00
8.747000000000000330e-01 -3.099590655765516622e+00
8.753999999999999559e-01 -3.045887653996365518e+00
8.760999999999999899e-01 -2.991908695738073831e+00
8.769000000000000128e-01 -2.937660650759331915e+00
8.776000000000000467e-01 -2.883176649291449234e+00
8.782999999999999696e-01 -2.828463692316753431e+00
8.790999999999999925e-01 -2.773605647118470241e+00
8.798000000000000265e-01 -2.718553646394144430e+00
8.804999999999999494e-01 -2.663388689905003215e+00
8.812999999999999723e-01 -2.608100645233939918e+00
8.820000000000000062e-01 -2.552754644714732457e+00
8.827000000000000401e-01 -2.497327689147825769e+00
8.834999999999999520e-01 -2.441904644605763508e+00
8.841999999999999860e-01 -2.386460644849341950e+00
8.849000000000000199e-01 -2.331054689590914997e+00
8.857000000000000428e-01 -2.275710645855706815e+00
8.863999999999999657e-01 -2.220461646573623327e+00
8.870999999999999996e-01 -2.165324691615663433e+00
8.879000000000000226e-01 -2.110341648624812994e+00
8.885999999999999455e-01 -2.055524649996545605e+00
8.892999999999999794e-01 -2.000921695093071051e+00
8.901000000000000023e-01 -1.946558653163069641e+00
8.908000000000000362e-01 -1.892449698116171586e+00
8.915999999999999481e-01 -1.838625657130839697e+00
8.922999999999999821e-01 -1.785135659367918404e+00
8.930000000000000160e-01 -1.731994703988503082e+00
8.938000000000000389e-01 -1.679217664438202640e+00
8.944999999999999618e-01 -1.626867667143208740e+00
8.951999999999999957e-01 -1.574939711341537096e+00
8.960000000000000187e-01 -1.523473673290367536e+00
8.967000000000000526e-01 -1.472504676565860926e+00
8.973999999999999755e-01 -1.422046720068707915e+00
8.981999999999999984e-01 -1.372136683751434605e+00
8.989000000000000323e-01 -1.322799687514085498e+00
8.995999999999999552e-01 -1.274049730091493027e+00
9.003999999999999782e-01 -1.225926695718843940e+00
9.011000000000000121e-01 -1.178456699891732740e+00
9.018000000000000460e-01 -1.131637741381849693e+00
9.025999999999999579e-01 -1.085527709019526332e+00
9.032999999999999918e-01 -1.040132749486452290e+00
9.041000000000000147e-01 -9.954677185319180666e-01
9.048000000000000487e-01 -9.515567235893823694e-01
9.054999999999999716e-01 -9.084347626332955894e-01
9.062999999999999945e-01 -8.661137339478899300e-01
9.070000000000000284e-01 -8.246077393194426453e-01
9.076999999999999513e-01 -7.839397766438819248e-01
9.084999999999999742e-01 -7.441167503894564605e-01
9.092000000000000082e-01 -7.051757560238178790e-01
9.099000000000000421e-01 -6.671137915799074669e-01
9.106999999999999540e-01 -6.299537676386789409e-01
9.113999999999999879e-01 -5.937037735935387639e-01
9.121000000000000218e-01 -5.583828070936311949e-01
9.129000000000000448e-01 -5.239887857019673856e-01
9.135999999999999677e-01 -4.905567918491261503e-01
9.143000000000000016e-01 -4.580838232467492888e-01
9.151000000000000245e-01 -4.265698042460032147e-01
9.157999999999999474e-01 -3.960308103803421020e-01
9.164999999999999813e-01 -3.664488397700430000e-01
9.173000000000000043e-01 -3.378808230784876576e-01
9.180000000000000382e-01 -3.102798295781946658e-01
9.186999999999999611e-01 -2.836928563269889292e-01
9.194999999999999840e-01 -2.580768423148000479e-01
9.202000000000000179e-01 -2.334768674154314438e-01
9.210000000000000409e-01 -2.098378548270565802e-01
9.216999999999999638e-01 -1.871898612883037827e-01
9.223999999999999977e-01 -1.655498844435100703e-01
9.232000000000000206e-01 -1.449468733134027798e-01
9.239000000000000545e-01 -1.251828801464280883e-01
9.245999999999999774e-01 -1.064849004171490032e-01
9.254000000000000004e-01 -8.872989221639686341e-02
9.261000000000000343e-01 -7.191489835714572065e-02
9.267999999999999572e-01 -5.605791628422224920e-02
9.275999999999999801e-01 -4.113191020276561055e-02
9.283000000000000140e-01 -2.712291602942604532e-02
9.290000000000000480e-01 -1.402293152311868442e-02
9.297999999999999599e-01 -1.813927355838578339e-03
9.304999999999999938e-01 9.519067137999357581e-03
9.312000000000000277e-01 1.999305403442334234e-02
9.320000000000000506e-01 2.962705645899354340e-02
9.326999999999999735e-01 3.843504493707700087e-02
9.334999999999999964e-01 4.644704633124492610e-02
9.342000000000000304e-01 5.367504146607961213e-02
9.348999999999999533e-01 6.014403216601805352e-02
9.356999999999999762e-01 6.587903216521678873e-02
9.364000000000000101e-01 7.089702778720902154e-02
9.371000000000000441e-01 7.523202061766037785e-02
9.378999999999999559e-01 7.890801947989116438e-02
9.385999999999999899e-01 8.194701558263094154e-02
9.393000000000000238e-01 8.437801039296101424e-02
9.401000000000000467e-01 8.623100835859759394e-02
9.407999999999999696e-01 8.753500503182447268e-02
9.415000000000000036e-01 8.832000163774668400e-02
9.423000000000000265e-01 8.861199896799523690e-02
9.429999999999999494e-01 8.845099621811919333e-02
9.436999999999999833e-01 8.786099448101800102e-02
9.445000000000000062e-01 8.687699139141367988e-02
9.452000000000000401e-01 8.553398928253437561e-02
9.458999999999999631e-01 8.386198899568833576e-02
9.466999999999999860e-01 8.189998573141239746e-02
9.474000000000000199e-01 7.967398628106710234e-02
9.482000000000000428e-01 7.722798307768585779e-02
9.488999999999999657e-01 7.458798210337080903e-02
9.495999999999999996e-01 7.179598367301158468e-02
9.504000000000000226e-01 6.888498082778728160e-02
9.510999999999999455e-01 6.589398049446895667e-02
9.517999999999999794e-01 6.285098289900802049e-02
9.526000000000000023e-01 5.980198059702844515e-02
9.533000000000000362e-01 5.677498102008629588e-02
9.539999999999999591e-01 5.381398394223022713e-02
9.547999999999999821e-01 5.095098248155888881e-02
9.555000000000000160e-01 4.821798356484338632e-02
9.562000000000000499e-01 4.565398678024332191e-02
9.569999999999999618e-01 4.329698644291878756e-02
9.576999999999999957e-01 4.118198819924987625e-02
9.584000000000000297e-01 3.934099140743859552e-02
9.592000000000000526e-01 3.780899239777857357e-02
9.598999999999999755e-01 3.662299483356621504e-02
9.606000000000000094e-01 3.581699778455499361e-02
9.614000000000000323e-01 3.542200031408841016e-02
9.620999999999999552e-01 3.547100337805286080e-02
9.627999999999999892e-01 3.599800581624424539e-02
9.636000000000000121e-01 3.703501012133864762e-02
9.643000000000000460e-01 3.861401204192515396e-02
9.650999999999999579e-01 4.076101760818066216e-02
9.657999999999999918e-01 4.350802165287013384e-02
9.665000000000000258e-01 4.688602261436525948e-02
9.673000000000000487e-01 5.091803024863652410e-02
9.679999999999999716e-01 5.563703478689349669e-02
9.687000000000000055e-01 6.106403455533342822e-02
9.695000000000000284e-01 6.722504436338490319e-02
9.701999999999999513e-01 7.414604937597948919e-02
9.708999999999999853e-01 8.184904768535056219e-02
9.717000000000000082e-01 9.035105980499656686e-02
9.724000000000000421e-01 9.968106519577922542e-02
9.730999999999999650e-01 1.098520618922422254e-01
9.738999999999999879e-01 1.208870763555325856e-01
9.746000000000000218e-01 1.327990820732235788e-01
9.752999999999999448e-01 1.456030769292246951e-01
9.760999999999999677e-01 1.593190938034640403e-01
9.768000000000000016e-01 1.739530872829246344e-01
9.776000000000000245e-01 1.895151058285630408e-01
9.782999999999999474e-01 2.060251119180321611e-01
9.789999999999999813e-01 2.234851033070420767e-01
9.798000000000000043e-01 2.419041242379896539e-01
9.805000000000000382e-01 2.612861304171983368e-01
9.811999999999999611e-01 2.816321195891607343e-01
9.819999999999999840e-01 3.029541428653551582e-01
9.827000000000000179e-01 3.252421491022534639e-01
9.834000000000000519e-01 3.485031358824968173e-01
9.841999999999999638e-01 3.727301614927206463e-01
9.848999999999999977e-01 3.979241676270595107e-01
9.856000000000000316e-01 4.240751520187886481e-01
9.864000000000000545e-01 4.511791797803578197e-01
9.870999999999999774e-01 4.792261857352176357e-01
9.878000000000000114e-01 5.082021677063829346e-01
9.886000000000000343e-01 5.381031974782780614e-01
9.892999999999999572e-01 5.689112031895590116e-01
9.899999999999999911e-01 6.006101826648432285e-01
9.908000000000000140e-01 6.331782142852128148e-01
9.915000000000000480e-01 6.666082196439455654e-01
9.921999999999999709e-01 7.008741967146906449e-01
9.929999999999999938e-01 7.359472299127135519e-01
9.937000000000000277e-01 7.718152054474701762e-01
9.945000000000000506e-01 8.084452395404846392e-01
9.951999999999999735e-01 8.458152440787415349e-01
9.959000000000000075e-01 8.838932173828295547e-01
9.967000000000000304e-01 9.226512525783584495e-01
9.973999999999999533e-01 9.620552565461283345e-01
9.980999999999999872e-01 1.002078227725312187e+00
9.989000000000000101e-01 1.042680263763751780e+00
9.996000000000000441e-01 1.083829266994375207e+00
1.000299999999999967e+00 1.125482236273003700e+00
1.001100000000000101e+00 1.167608272750526144e+00
1.001800000000000024e+00 1.210159275231183607e+00
1.002499999999999947e+00 1.253097242751076923e+00
1.003300000000000081e+00 1.296378279365612674e+00
1.004000000000000004e+00 1.339961281012974181e+00
1.004699999999999926e+00 1.383801247047357963e+00
1.005500000000000060e+00 1.427848283359022252e+00
1.006199999999999983e+00 1.472054248578538838e+00
1.006999999999999895e+00 1.516374284480766832e+00
1.007700000000000040e+00 1.560755284544866228e+00
1.008399999999999963e+00 1.605146248752409077e+00
1.009200000000000097e+00 1.649497283705160466e+00
1.009900000000000020e+00 1.693757282756485294e+00
1.010599999999999943e+00 1.737869246284571734e+00
1.011400000000000077e+00 1.781780279788670374e+00
1.012100000000000000e+00 1.825429277840040276e+00
1.012799999999999923e+00 1.868774241023590799e+00
1.013600000000000056e+00 1.911747272756936233e+00
1.014299999999999979e+00 1.954299269616051937e+00
1.014999999999999902e+00 1.996361232902162053e+00
1.015800000000000036e+00 2.037886262340738774e+00
1.016499999999999959e+00 2.078813258097340189e+00
1.017200000000000104e+00 2.119078221830545949e+00
1.018000000000000016e+00 2.158629248540079093e+00
1.018699999999999939e+00 2.197403243155706232e+00
1.019400000000000084e+00 2.235337207775089485e+00
1.020199999999999996e+00 2.272382231335726033e+00
1.020899999999999919e+00 2.308472224803969297e+00
1.021600000000000064e+00 2.343543190713358371e+00
1.022399999999999975e+00 2.377546210702041307e+00
1.023099999999999898e+00 2.410417177673080946e+00
1.023900000000000032e+00 2.442095195042490730e+00
1.024599999999999955e+00 2.472523186677482609e+00
1.025300000000000100e+00 2.501646155681283901e+00
1.026100000000000012e+00 2.529403168793673551e+00
1.026799999999999935e+00 2.555736159306921884e+00
1.027500000000000080e+00 2.580589130795386321e+00
1.028299999999999992e+00 2.603909139288592911e+00
1.028999999999999915e+00 2.625639128744196693e+00
1.029700000000000060e+00 2.645724103116345649e+00
1.030499999999999972e+00 2.664109106649038772e+00
1.031199999999999894e+00 2.680747095104687894e+00
1.031900000000000039e+00 2.695584072801205711e+00
1.032699999999999951e+00 2.708564071009619489e+00
1.033400000000000096e+00 2.719642058503773274e+00
1.034100000000000019e+00 2.728769039990184275e+00
1.034899999999999931e+00 2.735899032594684588e+00
1.035600000000000076e+00 2.740984016809338453e+00
1.036399999999999988e+00 2.743981005544621432e+00
1.037099999999999911e+00 2.744845991628582560e+00
1.037800000000000056e+00 2.743539980246082699e+00
1.038599999999999968e+00 2.740017963008077650e+00
1.039299999999999891e+00 2.734246948322842208e+00
1.040000000000000036e+00 2.726184941714165699e+00
1.040799999999999947e+00 2.715792918298554515e+00
1.041500000000000092e+00 2.703046902991552258e+00
1.042200000000000015e+00 2.687912901538893173e+00
1.042999999999999927e+00 2.670357871749370560e+00
1.043700000000000072e+00 2.650349855916751096e+00
1.044399999999999995e+00 2.627871859882918493e+00
1.045199999999999907e+00 2.602889823725894392e+00
1.045900000000000052e+00 2.575389807399707465e+00
1.046599999999999975e+00 2.545342817110807676e+00
1.047400000000000109e+00 2.512734774433244667e+00
1.048100000000000032e+00 2.477544757818608723e+00
1.048799999999999955e+00 2.439762773525433026e+00
1.049600000000000088e+00 2.399383724384218208e+00
1.050300000000000011e+00 2.356385744074036115e+00
1.051099999999999923e+00 2.310755690693429454e+00
1.051800000000000068e+00 2.262501673796755153e+00
1.052499999999999991e+00 2.211611699787570995e+00
1.053299999999999903e+00 2.158085639990586557e+00
1.054000000000000048e+00 2.101921623132372297e+00
1.054699999999999971e+00 2.043127655495496686e+00
1.055500000000000105e+00 1.981704589454402976e+00
1.056200000000000028e+00 1.917656572711567975e+00
1.056899999999999951e+00 1.850996611551163351e+00
1.057700000000000085e+00 1.781738539424606804e+00
1.058400000000000007e+00 1.709885522963810356e+00
1.059099999999999930e+00 1.635464568235006855e+00
1.059900000000000064e+00 1.558483490317845943e+00
1.060599999999999987e+00 1.478969474203187584e+00
1.061299999999999910e+00 1.396941525984507493e+00
1.062100000000000044e+00 1.312427442448208748e+00
1.062799999999999967e+00 1.225445426827118212e+00
1.063499999999999890e+00 1.136026484984753004e+00
1.064300000000000024e+00 1.044202396200293537e+00
1.064999999999999947e+00 9.500054585340222957e-01
1.065800000000000081e+00 8.534653664324045597e-01
1.066500000000000004e+00 7.546243518817783436e-01
1.067199999999999926e+00 6.535134204059332985e-01
1.068000000000000060e+00 5.501753235817720133e-01
1.068699999999999983e+00 4.446493098580315828e-01
1.069399999999999906e+00 3.369823843418536802e-01
1.070200000000000040e+00 2.272142832182067751e-01
1.070899999999999963e+00 1.153912703662219735e-01
1.071600000000000108e+00 1.563351317701250440e-03
1.072400000000000020e+00 -1.140927552864678673e-01
1.073099999999999943e+00 -2.319227662539222190e-01
1.073800000000000088e+00 -3.514636806127505175e-01
1.074600000000000000e+00 -4.728127890413565959e-01
1.075299999999999923e+00 -5.959087999254814028e-01
1.076000000000000068e+00 -7.207027090994471141e-01
1.076799999999999979e+00 -8.471308205207069841e-01
1.077499999999999902e+00 -9.751378302638574747e-01
1.078200000000000047e+00 -1.104664734658391323e+00
1.078999999999999959e+00 -1.235649848634824188e+00
1.079700000000000104e+00 -1.368042857230590714e+00
1.080400000000000027e+00 -1.501776757239104310e+00
1.081199999999999939e+00 -1.636787873313199082e+00
1.081900000000000084e+00 -1.773030770632731290e+00
1.082699999999999996e+00 -1.910429887703575913e+00
1.083399999999999919e+00 -2.048917894318662114e+00
1.084100000000000064e+00 -2.188437787997333128e+00
1.084899999999999975e+00 -2.328932906311711459e+00
1.085599999999999898e+00 -2.470323911862743582e+00
1.086300000000000043e+00 -2.612580802288355653e+00
1.087099999999999955e+00 -2.755623921387955200e+00
1.087800000000000100e+00 -2.899366925701863273e+00
1.088500000000000023e+00 -3.043782813432885703e+00
1.089299999999999935e+00 -3.188812933047685760e+00
1.090000000000000080e+00 -3.334374936073190465e+00
1.090700000000000003e+00 -3.480408821515053042e+00
1.091499999999999915e+00 -3.626879941130654927e+00
1.092200000000000060e+00 -3.773702943092104967e+00
1.092899999999999983e+00 -3.920831826647033669e+00
1.093699999999999894e+00 -4.068217946220168635e+00
1.094400000000000039e+00 -4.215834828464259054e+00
1.095199999999999951e+00 -4.363544947547032038e+00
1.095900000000000096e+00 -4.511368947797021356e+00
1.096600000000000019e+00 -4.659231829187784335e+00
1.097399999999999931e+00 -4.807070947598312216e+00
1.098100000000000076e+00 -4.954902946803476205e+00
1.098799999999999999e+00 -5.102610827606125277e+00
1.099599999999999911e+00 -5.250167944406148202e+00
1.100300000000000056e+00 -5.397501943483113074e+00
1.100999999999999979e+00 -5.544691823680019560e+00
1.101799999999999891e+00 -5.691548939816611252e+00
1.102500000000000036e+00 -5.838166937803881851e+00
1.103199999999999958e+00 -5.984470818430255967e+00
1.104000000000000092e+00 -6.130391932688728396e+00
1.104700000000000015e+00 -6.275897930419598758e+00
1.105399999999999938e+00 -6.421049811284745168e+00
1.106200000000000072e+00 -6.565696924778827714e+00
1.106899999999999995e+00 -6.709968921855882229e+00
1.107599999999999918e+00 -6.853784803718579788e+00
1.108400000000000052e+00 -6.997082915535654202e+00
1.109099999999999975e+00 -7.139912798149119055e+00
1.109900000000000109e+00 -7.282217909273116518e+00
1.110600000000000032e+00 -7.424070905933524145e+00
1.111299999999999955e+00 -7.565402789825776075e+00
1.112100000000000088e+00 -7.706223899427405932e+00
1.112800000000000011e+00 -7.846540896850600078e+00
1.113499999999999934e+00 -7.986455781653869046e+00
1.114300000000000068e+00 -8.125819891017529883e+00
1.114999999999999991e+00 -8.264824887806136999e+00
1.115699999999999914e+00 -8.403328775114099258e+00
1.116500000000000048e+00 -8.541526883024298300e+00
1.117199999999999971e+00 -8.679284880966701365e+00
1.117899999999999894e+00 -8.816721768804287152e+00
1.118700000000000028e+00 -8.953794877678387110e+00
1.119399999999999951e+00 -9.090718875928466503e+00
1.120100000000000096e+00 -9.227369765158618620e+00
1.120900000000000007e+00 -9.363792873934965399e+00
1.121599999999999930e+00 -9.500132873787537235e+00
1.122300000000000075e+00 -9.636449764838921794e+00
1.123099999999999987e+00 -9.772815873576007561e+00
1.123799999999999910e+00 -9.909099875383617473e+00
1.124500000000000055e+00 -1.004566576631401453e+01
1.125299999999999967e+00 -1.018229487859501248e+01
1.125999999999999890e+00 -1.031936176998211963e+01
1.126800000000000024e+00 -1.045664488324223917e+01
1.127499999999999947e+00 -1.059443688713308873e+01
1.128200000000000092e+00 -1.073283577896729035e+01
1.129000000000000004e+00 -1.087172089536348629e+01
1.129699999999999926e+00 -1.101140390116450796e+01
1.130400000000000071e+00 -1.115199179291057341e+01
1.131199999999999983e+00 -1.129336291338831622e+01
1.131899999999999906e+00 -1.143585792059312034e+01
1.132600000000000051e+00 -1.157947681314123223e+01
1.133399999999999963e+00 -1.172445493806027983e+01
1.134100000000000108e+00 -1.187079894686116610e+01
1.134800000000000031e+00 -1.201851583894696063e+01
1.135599999999999943e+00 -1.216809496923836242e+01
1.136300000000000088e+00 -1.231930298135961088e+01
1.137000000000000011e+00 -1.247240187079328066e+01
1.137799999999999923e+00 -1.262765900912117978e+01
1.138500000000000068e+00 -1.278508889603252818e+01
1.139299999999999979e+00 -1.294484603990184546e+01
1.139999999999999902e+00 -1.310707805754207378e+01
1.140700000000000047e+00 -1.327206194027412423e+01
1.141499999999999959e+00 -1.343970709434810651e+01
1.142200000000000104e+00 -1.361043311427669522e+01
1.142900000000000027e+00 -1.378426799337749920e+01
1.143699999999999939e+00 -1.396138115739013763e+01
1.144400000000000084e+00 -1.414194218059421893e+01
1.145100000000000007e+00 -1.432612305429382360e+01
1.145899999999999919e+00 -1.451409723130347373e+01
1.146600000000000064e+00 -1.470618925701385216e+01
1.147299999999999986e+00 -1.490229212499736633e+01
1.148099999999999898e+00 -1.510287231373565398e+01
1.148800000000000043e+00 -1.530782434487527688e+01
1.149499999999999966e+00 -1.551763420422616768e+01
1.150300000000000100e+00 -1.573234040885316176e+01
1.151000000000000023e+00 -1.595213144270420003e+01
1.151699999999999946e+00 -1.617720329306831673e+01
1.152500000000000080e+00 -1.640774951413046878e+01
1.153200000000000003e+00 -1.664396435774809291e+01
1.153999999999999915e+00 -1.688604259167184196e+01
1.154700000000000060e+00 -1.713435463072777765e+01
1.155399999999999983e+00 -1.738875946309110176e+01
1.156199999999999894e+00 -1.764961971602521373e+01
1.156900000000000039e+00 -1.791733176000400007e+01
1.157599999999999962e+00 -1.819190457866441690e+01
1.158400000000000096e+00 -1.847337085194216399e+01
1.159100000000000019e+00 -1.876228689986949050e+01
1.159799999999999942e+00 -1.905867970543274126e+01
1.160600000000000076e+00 -1.936274799958294679e+01
1.161299999999999999e+00 -1.967469705142676162e+01
1.161999999999999922e+00 -1.999473384144984678e+01
1.162800000000000056e+00 -2.032305315890268460e+01
1.163499999999999979e+00 -2.065985721592575786e+01
1.164199999999999902e+00 -2.100555698762434886e+01
1.165000000000000036e+00 -2.135993832982446961e+01
1.165699999999999958e+00 -2.172340739068069837e+01
1.166400000000000103e+00 -2.209637014508359698e+01
1.167200000000000015e+00 -2.247882551209830382e+01
1.167899999999999938e+00 -2.287073025476775712e+01
1.168700000000000072e+00 -2.327274164130401957e+01
1.169399999999999995e+00 -2.368480370709592364e+01
1.170099999999999918e+00 -2.410712942728642005e+01
1.170900000000000052e+00 -2.453989984212829967e+01
1.171599999999999975e+00 -2.498329191142004646e+01
1.172299999999999898e+00 -2.543749361056822522e+01
1.173100000000000032e+00 -2.590294205352902779e+01
1.173799999999999955e+00 -2.637931412779491325e+01
1.174500000000000099e+00 -2.686727179999718729e+01
1.175300000000000011e+00 -2.736649428127517325e+01
1.175999999999999934e+00 -2.787839635268220917e+01
