0.000000000000000000e+00 -2.789340535847182068e+01
2.500000000000000052e-03 -3.008237821936928214e+01
5.100000000000000366e-03 -3.247191407867730106e+01
7.599999999999999985e-03 -3.506890288140714063e+01
1.020000000000000073e-02 -3.788311827746565541e+01
1.269999999999999948e-02 -4.091839420803687943e+01
1.529999999999999936e-02 -4.418177153182519135e+01
1.779999999999999985e-02 -4.767417658410555248e+01
2.040000000000000147e-02 -5.140002788451295856e+01
2.290000000000000022e-02 -5.535668746185869793e+01
2.549999999999999836e-02 -5.954564457525331278e+01
2.800000000000000058e-02 -6.396072616208171979e+01
3.059999999999999873e-02 -6.860033564805300443e+01
3.309999999999999748e-02 -7.345483122080599969e+01
3.570000000000000256e-02 -7.851959206753640785e+01
3.819999999999999785e-02 -8.378075978851400407e+01
4.080000000000000293e-02 -8.923263739473986789e+01
4.329999999999999821e-02 -9.485739077965516231e+01
4.590000000000000330e-02 -1.006461414666216712e+02
4.839999999999999858e-02 -1.065792966093326584e+02
5.099999999999999672e-02 -1.126460031058989557e+02
5.349999999999999895e-02 -1.188257542478959721e+02
5.609999999999999709e-02 -1.251053855632492287e+02
5.859999999999999931e-02 -1.314617449466705921e+02
6.119999999999999746e-02 -1.378834300251310765e+02
6.370000000000000662e-02 -1.443438734200361750e+02
6.629999999999999782e-02 -1.508328993096904185e+02
6.880000000000000004e-02 -1.573252414640968482e+02
7.140000000000000513e-02 -1.638083652098621315e+02
7.389999999999999347e-02 -1.702591217023475849e+02
7.649999999999999856e-02 -1.766657089869160302e+02
7.900000000000000078e-02 -1.830063965191261559e+02
8.160000000000000586e-02 -1.892725495812543386e+02
8.409999999999999420e-02 -1.954405186588878962e+02
8.669999999999999929e-02 -2.015053740047022188e+02
8.920000000000000151e-02 -2.074473175889382048e+02
9.180000000000000659e-02 -2.132595987285217234e+02
9.429999999999999494e-02 -2.189267242759608791e+02
9.690000000000000002e-02 -2.244460073592559581e+02
9.940000000000000224e-02 -2.298002231924792227e+02
1.019999999999999934e-01 -2.349909604290978393e+02
1.044999999999999957e-01 -2.400032532919459527e+02
1.071000000000000008e-01 -2.448405586911690364e+02
1.096000000000000030e-01 -2.494928452905054712e+02
1.121999999999999942e-01 -2.539605110501518652e+02
1.146999999999999964e-01 -2.582385122554708801e+02
1.171999999999999986e-01 -2.623277863320223560e+02
1.198000000000000037e-01 -2.662252346954634277e+02
1.223000000000000059e-01 -2.699324263548541012e+02
1.248999999999999971e-01 -2.734473227154715005e+02
1.274000000000000132e-01 -2.767734798770963494e+02
1.300000000000000044e-01 -2.799118152084190001e+02
1.325000000000000067e-01 -2.828610446395907161e+02
1.350999999999999979e-01 -2.856253621915409440e+02
1.376000000000000001e-01 -2.882039801064543099e+02
1.401999999999999913e-01 -2.906007171755683203e+02
1.426999999999999935e-01 -2.928180480861719843e+02
1.453000000000000125e-01 -2.948537638589070298e+02
1.477999999999999869e-01 -2.967134267515652937e+02
1.504000000000000059e-01 -2.983939645070036590e+02
1.529000000000000081e-01 -2.999012766496868494e+02
1.554999999999999993e-01 -3.012344709400925353e+02
1.580000000000000016e-01 -3.023933876802992131e+02
1.605999999999999928e-01 -3.033768171186879954e+02
1.630999999999999950e-01 -3.041904328415856753e+02
1.656999999999999862e-01 -3.048324710469835850e+02
1.681999999999999884e-01 -3.053029207582202957e+02
1.708000000000000074e-01 -3.056025844746625921e+02
1.733000000000000096e-01 -3.057317916576494099e+02
1.759000000000000008e-01 -3.056911756885835985e+02
1.784000000000000030e-01 -3.054816841327187831e+02
1.809999999999999942e-01 -3.051069820377690576e+02
1.834999999999999964e-01 -3.045626351661586568e+02
1.860999999999999877e-01 -3.038526603529787735e+02
1.885999999999999899e-01 -3.029797013577975235e+02
1.912000000000000088e-01 -3.019451607820911363e+02
1.937000000000000111e-01 -3.007556894688710827e+02
1.963000000000000023e-01 -2.994074043994061185e+02
1.988000000000000045e-01 -2.979080885880220535e+02
2.013999999999999957e-01 -2.962605831928544262e+02
2.038999999999999979e-01 -2.944737734548809840e+02
2.064999999999999891e-01 -2.925452840494222642e+02
2.089999999999999913e-01 -2.904882297355798073e+02
2.116000000000000103e-01 -2.883007368448150487e+02
2.141000000000000125e-01 -2.859939745935351993e+02
2.167000000000000037e-01 -2.835754111893416507e+02
2.192000000000000060e-01 -2.810481299583729538e+02
2.217999999999999972e-01 -2.784226345130843470e+02
2.242999999999999994e-01 -2.757049795842842173e+02
2.268000000000000016e-01 -2.728997303216142996e+02
2.293999999999999928e-01 -2.700174089700635136e+02
2.318999999999999950e-01 -2.670648815422422899e+02
2.344999999999999862e-01 -2.640464519931404084e+02
2.369999999999999885e-01 -2.609709409608586270e+02
2.396000000000000074e-01 -2.578419644561197970e+02
2.421000000000000096e-01 -2.546679078475142717e+02
2.447000000000000008e-01 -2.514534044064299962e+02
2.472000000000000031e-01 -2.482008135366509975e+02
2.497999999999999943e-01 -2.449137286622002989e+02
2.523000000000000242e-01 -2.416005893680564895e+02
2.549000000000000155e-01 -2.382559564165487416e+02
2.574000000000000177e-01 -2.348891351980381899e+02
2.600000000000000089e-01 -2.314937959840276562e+02
2.625000000000000111e-01 -2.280770848260049490e+02
2.651000000000000023e-01 -2.246311777644259280e+02
2.676000000000000045e-01 -2.211622205219757689e+02
2.701999999999999957e-01 -2.176605975170468810e+02
2.726999999999999980e-01 -2.141311485492639406e+02
2.752999999999999892e-01 -2.105654555606197391e+02
2.777999999999999914e-01 -2.069608963954083549e+02
2.803999999999999826e-01 -2.033122739388402920e+02
2.828999999999999848e-01 -1.996203817317909284e+02
2.854999999999999760e-01 -1.958736434185435940e+02
2.879999999999999782e-01 -1.920722976167661216e+02
2.906000000000000250e-01 -1.882086994869603700e+02
2.931000000000000272e-01 -1.842815112704047067e+02
2.957000000000000184e-01 -1.802815907690350343e+02
2.982000000000000206e-01 -1.762117685646475991e+02
3.008000000000000118e-01 -1.720617325793532473e+02
3.033000000000000140e-01 -1.678341874213839162e+02
3.059000000000000052e-01 -1.635214093287238484e+02
3.084000000000000075e-01 -1.591291900924606182e+02
3.109999999999999987e-01 -1.546502052905860580e+02
3.135000000000000009e-01 -1.500898885875593578e+02
3.160999999999999921e-01 -1.454445057669784376e+02
3.185999999999999943e-01 -1.407218927347728652e+02
3.211999999999999855e-01 -1.359216803325067247e+02
3.236999999999999877e-01 -1.310507165446331328e+02
3.262999999999999790e-01 -1.261120359582607477e+02
3.287999999999999812e-01 -1.211165525636192086e+02
3.313999999999999724e-01 -1.160661220361201771e+02
3.338999999999999746e-01 -1.109738888171945348e+02
3.365000000000000213e-01 -1.058464595346754322e+02
3.390000000000000235e-01 -1.006969346202562718e+02
3.415000000000000258e-01 -9.553466676507646582e+01
3.441000000000000170e-01 -9.037045825368787177e+01
3.466000000000000192e-01 -8.522033419979968016e+01
3.492000000000000104e-01 -8.009216449771207635e+01
3.517000000000000126e-01 -7.500338504142445117e+01
3.543000000000000038e-01 -6.996315812261887856e+01
3.568000000000000060e-01 -6.498853087059636380e+01
3.593999999999999972e-01 -6.008921080375822044e+01
3.618999999999999995e-01 -5.528202592040459962e+01
3.644999999999999907e-01 -5.057565734707317517e+01
3.669999999999999929e-01 -4.598623893190349321e+01
3.695999999999999841e-01 -4.152176632078743523e+01
3.720999999999999863e-01 -3.719687278158196619e+01
3.746999999999999775e-01 -3.301825883363788705e+01
3.771999999999999797e-01 -2.899880574932113575e+01
3.798000000000000265e-01 -2.514358415394815438e+01
3.822999999999999732e-01 -2.146320872839035587e+01
3.849000000000000199e-01 -1.796108008930535505e+01
3.874000000000000221e-01 -1.464532442263740819e+01
3.900000000000000133e-01 -1.151735733137235584e+01
3.925000000000000155e-01 -8.582733947708504729e+00
3.951000000000000068e-01 -5.840873916624285123e+00
3.976000000000000090e-01 -3.294746408750055977e+00
4.002000000000000002e-01 -9.418144712052322065e-01
4.027000000000000024e-01 1.217493251625917816e+00
4.052999999999999936e-01 3.187448633250808960e+00
4.077999999999999958e-01 4.969966148131187644e+00
4.103999999999999870e-01 6.570917875587511503e+00
4.128999999999999893e-01 7.994266709833937945e+00
4.154999999999999805e-01 9.247124669540779607e+00
4.179999999999999827e-01 1.033522521816741602e+01
4.205999999999999739e-01 1.126666422178140792e+01
4.230999999999999761e-01 1.204841404548161066e+01
4.257000000000000228e-01 1.268917734711725664e+01
4.282000000000000250e-01 1.319691599124953285e+01
4.308000000000000163e-01 1.358056177970741807e+01
4.333000000000000185e-01 1.384859038160277933e+01
4.359000000000000097e-01 1.400987830409977875e+01
4.384000000000000119e-01 1.407300432930795964e+01
4.410000000000000031e-01 1.404652161789486087e+01
4.435000000000000053e-01 1.393876121675764246e+01
4.460999999999999965e-01 1.375764097601377500e+01
4.485999999999999988e-01 1.351104050718647009e+01
4.511999999999999900e-01 1.320602482866755345e+01
4.536999999999999922e-01 1.284969710596655368e+01
4.561999999999999944e-01 1.244848939749576111e+01
4.587999999999999856e-01 1.200809050990933535e+01
4.612999999999999878e-01 1.153431491135635056e+01
4.638999999999999790e-01 1.103176542932111737e+01
4.663999999999999813e-01 1.050528189446754901e+01
4.689999999999999725e-01 9.958378707936581975e+00
4.714999999999999747e-01 9.394990977210595062e+00
4.741000000000000214e-01 8.817650909358217604e+00
4.766000000000000236e-01 8.229421301938437239e+00
4.792000000000000148e-01 7.631969513612654410e+00
4.817000000000000171e-01 7.027570189713242321e+00
4.843000000000000083e-01 6.417155812573883011e+00
4.868000000000000105e-01 5.802384206036450998e+00
4.894000000000000017e-01 5.183598330375408736e+00
4.919000000000000039e-01 4.561968929853106758e+00
4.944999999999999951e-01 3.937419047266045524e+00
4.969999999999999973e-01 3.310796389293696684e+00
4.995999999999999885e-01 2.681763334091150419e+00
5.020999999999999908e-01 2.050982699430919265e+00
5.047000000000000375e-01 1.418008712057102993e+00
5.071999999999999842e-01 7.834527840349444494e-01
5.098000000000000309e-01 1.468763504207636073e-01
5.122999999999999776e-01 -4.910399026714596382e-01
5.149000000000000243e-01 -1.130602353922742775e+00
5.173999999999999710e-01 -1.771024525741352162e+00
5.200000000000000178e-01 -2.412415136793225834e+00
5.224999999999999645e-01 -3.053707454761397155e+00
5.251000000000000112e-01 -3.694886613892742311e+00
5.275999999999999579e-01 -4.334609550077788143e+00
5.302000000000000046e-01 -4.972558150606751326e+00
5.326999999999999513e-01 -5.607240945031612966e+00
5.352999999999999980e-01 -6.238011746507558186e+00
5.377999999999999448e-01 -6.863085557717984564e+00
5.403999999999999915e-01 -7.481765365891979158e+00
5.429000000000000492e-01 -8.092104067467769113e+00
5.454999999999999849e-01 -8.692955346845984366e+00
5.480000000000000426e-01 -9.282399090825574461e+00
5.505999999999999783e-01 -9.859231018640844724e+00
5.531000000000000361e-01 -1.042131267209672352e+01
5.556999999999999718e-01 -1.096737298900261770e+01
5.582000000000000295e-01 -1.149537126004153187e+01
5.607999999999999652e-01 -1.200380241710703899e+01
5.633000000000000229e-01 -1.249094276764000711e+01
5.657999999999999696e-01 -1.295515095403510131e+01
5.684000000000000163e-01 -1.339490978702403901e+01
5.708999999999999631e-01 -1.380838455153317490e+01
5.735000000000000098e-01 -1.419470631749999079e+01
5.759999999999999565e-01 -1.455204675483140164e+01
5.786000000000000032e-01 -1.487933380594078159e+01
5.810999999999999499e-01 -1.517541041253287659e+01
5.836999999999999966e-01 -1.543955907721868037e+01
5.862000000000000544e-01 -1.567048787134368482e+01
5.887999999999999901e-01 -1.586784494612485297e+01
5.913000000000000478e-01 -1.603080957835572562e+01
5.938999999999999835e-01 -1.615932940678839813e+01
5.964000000000000412e-01 -1.625279343445855318e+01
5.989999999999999769e-01 -1.631155750080008460e+01
6.015000000000000346e-01 -1.633564001799162213e+01
6.040999999999999703e-01 -1.632536128864649072e+01
6.066000000000000281e-01 -1.628129255806962661e+01
6.091999999999999638e-01 -1.620406170901902954e+01
6.117000000000000215e-01 -1.609452509481079829e+01
6.142999999999999572e-01 -1.595377637133785420e+01
6.168000000000000149e-01 -1.578321378656244889e+01
6.193999999999999506e-01 -1.558393396943767506e+01
6.219000000000000083e-01 -1.535801446617797339e+01
6.245000000000000551e-01 -1.510668065116343151e+01
6.270000000000000018e-01 -1.483219850955675767e+01
6.296000000000000485e-01 -1.453631385289594213e+01
6.320999999999999952e-01 -1.422142323484926507e+01
6.347000000000000419e-01 -1.388950276783672422e+01
6.371999999999999886e-01 -1.354312593122521946e+01
6.398000000000000353e-01 -1.318450045898845069e+01
6.422999999999999821e-01 -1.281611868016437938e+01
6.449000000000000288e-01 -1.244032602295188283e+01
6.473999999999999755e-01 -1.205980396213903383e+01
6.500000000000000222e-01 -1.167666197925601246e+01
6.524999999999999689e-01 -1.129377542792443911e+01
6.551000000000000156e-01 -1.091284215107901190e+01
6.575999999999999623e-01 -1.053660298007856255e+01
6.602000000000000091e-01 -1.016684658461616664e+01
6.626999999999999558e-01 -9.805722014225016991e+00
6.653000000000000025e-01 -9.454852411316030825e+00
6.677999999999999492e-01 -9.116051621493109991e+00
6.703999999999999959e-01 -8.790460731545172379e+00
6.729000000000000536e-01 -8.479563748533569978e+00
6.754999999999999893e-01 -8.184108225258023950e+00
6.780000000000000471e-01 -7.904931585728101950e+00
6.804999999999999938e-01 -7.642540928626548435e+00
6.831000000000000405e-01 -7.397039457867993661e+00
6.855999999999999872e-01 -7.168500451322709743e+00
6.882000000000000339e-01 -6.956626083046088205e+00
6.906999999999999806e-01 -6.760972216970202453e+00
6.933000000000000274e-01 -6.580670448648501036e+00
6.957999999999999741e-01 -6.414920069740388975e+00
6.984000000000000208e-01 -6.262392786079347573e+00
7.008999999999999675e-01 -6.121959418275351617e+00
7.035000000000000142e-01 -5.991962642578113396e+00
7.059999999999999609e-01 -5.870896072940936961e+00
7.086000000000000076e-01 -5.757008939601134578e+00
7.110999999999999543e-01 -5.648612679049929142e+00
7.137000000000000011e-01 -5.543775794322367112e+00
7.161999999999999478e-01 -5.440827932108031284e+00
7.187999999999999945e-01 -5.337925053025971422e+00
7.213000000000000522e-01 -5.233359265338416222e+00
7.238999999999999879e-01 -5.125549881613976844e+00
7.264000000000000457e-01 -5.013063492900982077e+00
7.289999999999999813e-01 -4.894424346871553588e+00
7.315000000000000391e-01 -4.768645263902565823e+00
7.340999999999999748e-01 -4.634711681485899071e+00
7.366000000000000325e-01 -4.491957831188705619e+00
7.391999999999999682e-01 -4.339838636834506325e+00
7.417000000000000259e-01 -4.178214426817896232e+00
7.442999999999999616e-01 -4.006967870637900830e+00
7.468000000000000194e-01 -3.826529781589297574e+00
7.493999999999999551e-01 -3.637258532007415557e+00
7.519000000000000128e-01 -3.440104143311109031e+00
7.544999999999999485e-01 -3.235862476058598336e+00
7.570000000000000062e-01 -3.025893268819436432e+00
7.596000000000000529e-01 -2.811403367649276230e+00
7.620999999999999996e-01 -2.594106507976717158e+00
7.647000000000000464e-01 -2.375489463822340941e+00
7.671999999999999931e-01 -2.157496407197859956e+00
7.698000000000000398e-01 -1.941737663783530632e+00
7.722999999999999865e-01 -1.730209362956728114e+00
7.749000000000000332e-01 -1.524559202308451100e+00
7.773999999999999799e-01 -1.326697863281619982e+00
7.800000000000000266e-01 -1.138116601442196174e+00
7.824999999999999734e-01 -9.604861045124419849e-01
7.851000000000000201e-01 -7.950173475266771872e-01
7.875999999999999668e-01 -6.429872747954026302e-01
7.902000000000000135e-01 -5.051850331579652575e-01
7.926999999999999602e-01 -3.823789627071210728e-01
7.952000000000000179e-01 -2.749646310468413235e-01
7.977999999999999536e-01 -1.829564450724837643e-01
8.003000000000000114e-01 -1.062081098307169763e-01
8.028999999999999471e-01 -4.438636715677874572e-02
8.054000000000000048e-01 3.454316069015500156e-03
8.080000000000000515e-01 3.831588256523756758e-02
8.104999999999999982e-01 6.149683671163672788e-02
8.131000000000000449e-01 7.456593451460383215e-02
8.155999999999999917e-01 7.928129566291231001e-02
8.182000000000000384e-01 7.759936619078167119e-02
8.206999999999999851e-01 7.161243379667857345e-02
8.233000000000000318e-01 6.350335903679402150e-02
8.257999999999999785e-01 5.552445880289964136e-02
8.284000000000000252e-01 4.992122342811560615e-02
8.308999999999999719e-01 4.889855694680558112e-02
8.335000000000000187e-01 5.457697280064364304e-02
8.359999999999999654e-01 6.890974607164353227e-02
8.386000000000000121e-01 9.369430727100437617e-02
8.410999999999999588e-01 1.304430960945509310e-01
8.437000000000000055e-01 1.804549794497064263e-01
8.461999999999999522e-01 2.446190807499721842e-01
8.487999999999999989e-01 3.235914605486739370e-01
8.512999999999999456e-01 4.175084910725616050e-01
8.538999999999999924e-01 5.262759177029543434e-01
8.564000000000000501e-01 6.492004538781216416e-01
8.589999999999999858e-01 7.853824206081355674e-01
8.615000000000000435e-01 9.332857179895289734e-01
8.640999999999999792e-01 1.091215306494797588e+00
8.666000000000000369e-01 1.256834929962858505e+00
8.691999999999999726e-01 1.427730599701944714e+00
8.717000000000000304e-01 1.600880051560852779e+00
8.742999999999999661e-01 1.773287425790537775e+00
8.768000000000000238e-01 1.941424567230323639e+00
8.793999999999999595e-01 2.101888076223567658e+00
8.819000000000000172e-01 2.250878507832990483e+00
8.844999999999999529e-01 2.384808018447150069e+00
8.870000000000000107e-01 2.499873159382215881e+00
8.895999999999999464e-01 2.592545376361534260e+00
8.921000000000000041e-01 2.659298393786817538e+00
8.947000000000000508e-01 2.696921099577933134e+00
8.971999999999999975e-01 2.702433558603127395e+00
8.998000000000000442e-01 2.673188592145473663e+00
9.022999999999999909e-01 2.606966884607839763e+00
9.048000000000000487e-01 2.501993373236060414e+00
9.073999999999999844e-01 2.356855540066858712e+00
9.099000000000000421e-01 2.170876288054346848e+00
9.124999999999999778e-01 1.943608113199716270e+00
9.150000000000000355e-01 1.675520683770051811e+00
9.175999999999999712e-01 1.367178158005569966e+00
9.201000000000000290e-01 1.020192961713906721e+00
9.226999999999999647e-01 6.360992566217674726e-01
9.252000000000000224e-01 2.175607277502475123e-01
9.277999999999999581e-01 -2.330369789987526419e-01
9.303000000000000158e-01 -7.121953391830924129e-01
9.328999999999999515e-01 -1.216874643334965533e+00
9.354000000000000092e-01 -1.742992904548252620e+00
9.379999999999999449e-01 -2.287175764936066891e+00
9.405000000000000027e-01 -2.845137931170793610e+00
9.431000000000000494e-01 -3.413480595796056338e+00
9.455999999999999961e-01 -3.988038104481739232e+00
9.482000000000000428e-01 -4.565904008248877766e+00
9.506999999999999895e-01 -5.143436693501458379e+00
9.533000000000000362e-01 -5.718530900678254980e+00
9.557999999999999829e-01 -6.288517498340651102e+00
9.584000000000000297e-01 -6.852512786347962681e+00
9.608999999999999764e-01 -7.409290178212927458e+00
9.635000000000000231e-01 -7.959322315446912377e+00
9.659999999999999698e-01 -8.503211093937748544e+00
9.686000000000000165e-01 -9.043345323389534229e+00
9.710999999999999632e-01 -9.581960874292128949e+00
9.737000000000000099e-01 -1.012362550573801379e+01
9.761999999999999567e-01 -1.067258630345659576e+01
9.788000000000000034e-01 -1.123555061727470772e+01
9.812999999999999501e-01 -1.181866916014920932e+01
9.838999999999999968e-01 -1.243066239178108745e+01
9.864000000000000545e-01 -1.307975837785384954e+01
9.889999999999999902e-01 -1.377630354623123310e+01
9.915000000000000480e-01 -1.453010136967642829e+01
9.940999999999999837e-01 -1.535327553887893259e+01
9.966000000000000414e-01 -1.625662034312644622e+01
9.991999999999999771e-01 -1.725348933405438245e+01
1.001700000000000035e+00 -1.835542528940455398e+01
1.004299999999999971e+00 -1.957609345465800033e+01
1.006799999999999917e+00 -2.092722325639764946e+01
1.009400000000000075e+00 -2.242294237486230557e+01
1.011900000000000022e+00 -2.407412685980004241e+01
1.014499999999999957e+00 -2.589416298964610874e+01
1.016999999999999904e+00 -2.789340535847175673e+01
