0.000000000000000000e+00 -2.593859999325892929e+01
8.000000000000000383e-04 -2.642525249756503314e+01
1.500000000000000031e-03 -2.692281557886697385e+01
2.200000000000000133e-03 -2.743194420353350083e+01
3.000000000000000062e-03 -2.795278374077494377e+01
3.700000000000000164e-03 -2.848494534713430326e+01
4.499999999999999660e-03 -2.902913141819968956e+01
5.300000000000000024e-03 -2.958487199298247461e+01
6.000000000000000125e-03 -3.015291307804514176e+01
6.700000000000000226e-03 -3.073305464353122218e+01
7.499999999999999722e-03 -3.132542971956024047e+01
8.300000000000000086e-03 -3.193016634074052007e+01
8.999999999999999320e-03 -3.254767887334662646e+01
9.799999999999999684e-03 -3.317741851819750565e+01
1.050000000000000065e-02 -3.382017603194287858e+01
1.129999999999999928e-02 -3.447570069833971473e+01
1.200000000000000025e-02 -3.514408578953904083e+01
1.269999999999999948e-02 -3.582544427304485168e+01
1.349999999999999985e-02 -3.652016735136192693e+01
1.430000000000000021e-02 -3.722762406835984450e+01
1.499999999999999944e-02 -3.794864751640412948e+01
1.580000000000000154e-02 -3.868293725230495994e+01
1.650000000000000078e-02 -3.943012868289174833e+01
1.729999999999999941e-02 -4.019148644342005383e+01
1.799999999999999864e-02 -4.096586653797238853e+01
1.870000000000000134e-02 -4.175369692874822647e+01
1.949999999999999997e-02 -4.255502601464299772e+01
2.029999999999999860e-02 -4.337032082628990537e+01
2.100000000000000130e-02 -4.419916792199506972e+01
2.170000000000000054e-02 -4.504162926545694745e+01
2.249999999999999917e-02 -4.589770134898369491e+01
2.330000000000000127e-02 -4.676735420893481887e+01
2.400000000000000050e-02 -4.765063551662149166e+01
2.479999999999999913e-02 -4.854754340371222554e+01
2.549999999999999836e-02 -4.945853449574102001e+01
2.620000000000000107e-02 -5.038261677030168073e+01
2.699999999999999969e-02 -5.132076785367465988e+01
2.779999999999999832e-02 -5.227247478497938715e+01
2.850000000000000103e-02 -5.323770401973787614e+01
2.929999999999999966e-02 -5.421640997412624330e+01
2.999999999999999889e-02 -5.520854718454634735e+01
3.080000000000000099e-02 -5.621404816203593668e+01
3.150000000000000022e-02 -5.723291734818618437e+01
3.230000000000000232e-02 -5.826502335178732039e+01
3.300000000000000155e-02 -5.931088651352361296e+01
3.379999999999999671e-02 -6.036987353159914704e+01
3.450000000000000289e-02 -6.144131762679819531e+01
3.520000000000000212e-02 -6.252630375244823568e+01
3.599999999999999728e-02 -6.362413580677169733e+01
3.670000000000000345e-02 -6.473472490889788844e+01
3.749999999999999861e-02 -6.585799298392642243e+01
3.819999999999999785e-02 -6.699378406230292171e+01
3.899999999999999994e-02 -6.814199213801826716e+01
3.980000000000000204e-02 -6.930251124797145224e+01
4.050000000000000128e-02 -7.047586528698863617e+01
4.130000000000000338e-02 -7.166060441658545699e+01
4.200000000000000261e-02 -7.285794543238544918e+01
4.279999999999999777e-02 -7.406632358065145638e+01
4.349999999999999700e-02 -7.528700566119421467e+01
4.420000000000000318e-02 -7.651914464336735477e+01
4.499999999999999833e-02 -7.776182481893374643e+01
4.569999999999999757e-02 -7.901640378369596363e+01
4.649999999999999967e-02 -8.028189784981003640e+01
4.730000000000000177e-02 -8.155814204609556839e+01
4.800000000000000100e-02 -8.284503697925802612e+01
4.880000000000000310e-02 -8.414232719667215576e+01
4.950000000000000233e-02 -8.545064310373625460e+01
5.029999999999999749e-02 -8.676817133020951189e+01
5.099999999999999672e-02 -8.809548539795174804e+01
5.170000000000000290e-02 -8.943243528625879435e+01
5.249999999999999806e-02 -9.077963852839616266e+01
5.319999999999999729e-02 -9.213514539824490157e+01
5.399999999999999939e-02 -9.350055444622664425e+01
5.480000000000000149e-02 -9.487376571942689907e+01
5.550000000000000072e-02 -9.625644854957099028e+01
5.630000000000000282e-02 -9.764646183451911554e+01
5.700000000000000205e-02 -9.904551765357962267e+01
5.779999999999999721e-02 -1.004524409429896679e+02
5.850000000000000339e-02 -1.018669289871834422e+02
5.920000000000000262e-02 -1.032877027892090922e+02
5.999999999999999778e-02 -1.047166770928703414e+02
6.069999999999999701e-02 -1.061524858716471726e+02
6.149999999999999911e-02 -1.075948619111716766e+02
6.230000000000000121e-02 -1.090436652269067821e+02
6.300000000000000044e-02 -1.104985419841806760e+02
6.379999999999999560e-02 -1.119592153072245964e+02
6.450000000000000178e-02 -1.134255180512542722e+02
6.529999999999999694e-02 -1.148970963798874294e+02
6.600000000000000311e-02 -1.163737361191458746e+02
6.679999999999999827e-02 -1.178563524454013418e+02
6.750000000000000444e-02 -1.193423121658175177e+02
6.829999999999999960e-02 -1.208325165032462110e+02
6.900000000000000577e-02 -1.223267052208356915e+02
6.980000000000000093e-02 -1.238258545532533077e+02
7.049999999999999323e-02 -1.253271585759863456e+02
7.119999999999999940e-02 -1.268316952793474712e+02
7.199999999999999456e-02 -1.283403576145074112e+02
7.270000000000000073e-02 -1.298503743098919472e+02
7.349999999999999589e-02 -1.313640026457249519e+02
7.420000000000000207e-02 -1.328784603340335195e+02
7.499999999999999722e-02 -1.343960136688727403e+02
7.570000000000000340e-02 -1.359137643512801219e+02
7.649999999999999856e-02 -1.374341216941714947e+02
7.720000000000000473e-02 -1.389554713534390089e+02
7.799999999999999989e-02 -1.404761783645226103e+02
7.879999999999999505e-02 -1.419986887037033796e+02
7.950000000000000122e-02 -1.435213943561453220e+02
8.029999999999999638e-02 -1.450425427007299106e+02
8.100000000000000255e-02 -1.465648253590177035e+02
8.179999999999999771e-02 -1.480864406896938021e+02
8.250000000000000389e-02 -1.496071533466609083e+02
8.329999999999999905e-02 -1.511267596608381325e+02
8.400000000000000522e-02 -1.526433673273538147e+02
8.480000000000000038e-02 -1.541598346459498714e+02
8.550000000000000655e-02 -1.556743256308437253e+02
8.619999999999999885e-02 -1.571866662866914055e+02
8.699999999999999400e-02 -1.586965225941713982e+02
8.770000000000000018e-02 -1.602036462522227964e+02
8.849999999999999534e-02 -1.617078985509546953e+02
8.920000000000000151e-02 -1.632088742111114072e+02
8.999999999999999667e-02 -1.647064425009054389e+02
9.070000000000000284e-02 -1.662002981641998929e+02
9.149999999999999800e-02 -1.676902394434260657e+02
9.220000000000000417e-02 -1.691759181114451849e+02
9.299999999999999933e-02 -1.706572810830411697e+02
9.379999999999999449e-02 -1.721340273462658388e+02
9.450000000000000067e-02 -1.736058840217123702e+02
9.529999999999999583e-02 -1.750726592855600359e+02
9.600000000000000200e-02 -1.765358799552538471e+02
9.679999999999999716e-02 -1.779918501942763385e+02
9.750000000000000333e-02 -1.794420848833458138e+02
9.829999999999999849e-02 -1.808863641091715238e+02
9.900000000000000466e-02 -1.823244918065909985e+02
9.979999999999999982e-02 -1.837562920316865132e+02
1.005000000000000060e-01 -1.851833967245650570e+02
1.013000000000000012e-01 -1.866018609226395881e+02
1.019999999999999934e-01 -1.880134538723161484e+02
1.026999999999999996e-01 -1.894178866050504553e+02
1.034999999999999948e-01 -1.908169185475105110e+02
1.043000000000000038e-01 -1.922065967147453307e+02
1.049999999999999961e-01 -1.935886134641682759e+02
1.058000000000000052e-01 -1.949647416033575951e+02
1.064999999999999974e-01 -1.963309123529079727e+02
1.073000000000000065e-01 -1.976889515017196288e+02
1.079999999999999988e-01 -1.990406632496927557e+02
1.087999999999999939e-01 -2.003819213821074925e+02
1.095000000000000001e-01 -2.017166171427502377e+02
1.102999999999999953e-01 -2.030404882582566586e+02
1.110000000000000014e-01 -2.043575650326155255e+02
1.117999999999999966e-01 -2.056635301155740763e+02
1.125000000000000028e-01 -2.069603089319282390e+02
1.132999999999999979e-01 -2.082499039843564219e+02
1.140000000000000041e-01 -2.095280158153045136e+02
1.147999999999999993e-01 -2.107986498494132093e+02
1.155000000000000054e-01 -2.120575646962819860e+02
1.163000000000000006e-01 -2.133088477115246633e+02
1.170000000000000068e-01 -2.145481476562103751e+02
1.176999999999999991e-01 -2.157795775128921889e+02
1.184999999999999942e-01 -2.170010444990120959e+02
1.192000000000000004e-01 -2.182101113871715086e+02
1.199999999999999956e-01 -2.194111373102383595e+02
1.208000000000000046e-01 -2.205996562965023600e+02
1.214999999999999969e-01 -2.217799141820081843e+02
1.223000000000000059e-01 -2.229475851489765148e+02
1.229999999999999982e-01 -2.241068560647570678e+02
1.237999999999999934e-01 -2.252554639836663455e+02
1.244999999999999996e-01 -2.263912179327934098e+02
1.252999999999999947e-01 -2.275183708476405684e+02
1.260000000000000009e-01 -2.286347737858282017e+02
1.267999999999999960e-01 -2.297380326944139028e+02
1.275000000000000022e-01 -2.308326376653540706e+02
1.282999999999999974e-01 -2.319163095235434753e+02
1.290000000000000036e-01 -2.329866065298722333e+02
1.297999999999999987e-01 -2.340482513843755896e+02
1.305000000000000049e-01 -2.350987503931417848e+02
1.313000000000000000e-01 -2.361381652113541350e+02
1.320000000000000062e-01 -2.371640502557777950e+02
1.328000000000000014e-01 -2.381811320708506798e+02
1.335000000000000075e-01 -2.391870291178971968e+02
1.343000000000000027e-01 -2.401816938960086247e+02
1.350000000000000089e-01 -2.411627179796044516e+02
1.358000000000000040e-01 -2.421348987546616343e+02
1.365000000000000102e-01 -2.430958148408627153e+02
1.373000000000000054e-01 -2.440454385788424929e+02
1.380000000000000115e-01 -2.449813427021763346e+02
1.388000000000000067e-01 -2.459084184373619166e+02
1.395000000000000129e-01 -2.468241955631823998e+02
1.403000000000000080e-01 -2.477286732787226242e+02
1.409999999999999865e-01 -2.486218831994240759e+02
1.416999999999999926e-01 -2.495038113551282493e+02
1.424999999999999878e-01 -2.503744630233377961e+02
1.431999999999999940e-01 -2.512313412165095485e+02
1.439999999999999891e-01 -2.520794558826515583e+02
1.446999999999999953e-01 -2.529163200780261320e+02
1.454999999999999905e-01 -2.537419197251018375e+02
1.461999999999999966e-01 -2.545563709402377697e+02
1.469999999999999918e-01 -2.553595685679457290e+02
1.476999999999999980e-01 -2.561516628029168601e+02
1.484999999999999931e-01 -2.569325344108809759e+02
1.491999999999999993e-01 -2.577022846503605820e+02
1.499999999999999944e-01 -2.584583525977350860e+02
1.507999999999999896e-01 -2.592058651771396285e+02
1.514999999999999958e-01 -2.599423634617488688e+02
1.522999999999999909e-01 -2.606677670219658580e+02
1.529999999999999971e-01 -2.613821903266176037e+02
1.537999999999999923e-01 -2.620856238674387555e+02
1.544999999999999984e-01 -2.627780641921321489e+02
1.552999999999999936e-01 -2.634596327140715175e+02
1.559999999999999998e-01 -2.641302550580710999e+02
1.567999999999999949e-01 -2.647900275614212546e+02
1.575000000000000011e-01 -2.654389339248650685e+02
1.582999999999999963e-01 -2.660770494098534868e+02
1.590000000000000024e-01 -2.667043937924954093e+02
1.597999999999999976e-01 -2.673209882588270148e+02
1.605000000000000038e-01 -2.679268476607286402e+02
1.612999999999999989e-01 -2.685220191091361244e+02
1.620000000000000051e-01 -2.691065835297491162e+02
1.628000000000000003e-01 -2.696804599786635777e+02
1.635000000000000064e-01 -2.702464633999628063e+02
1.643000000000000016e-01 -2.707992388113008246e+02
1.650000000000000078e-01 -2.713414332707608310e+02
1.658000000000000029e-01 -2.718732026642038022e+02
1.665000000000000091e-01 -2.723944711418418478e+02
1.673000000000000043e-01 -2.729052805176831384e+02
1.680000000000000104e-01 -2.734057050141098557e+02
1.688000000000000056e-01 -2.738957473720552116e+02
1.695000000000000118e-01 -2.743754548870606413e+02
1.703000000000000069e-01 -2.748448412269474943e+02
1.710000000000000131e-01 -2.753039057775716856e+02
1.718000000000000083e-01 -2.757554910826411856e+02
1.724999999999999867e-01 -2.761940270110327447e+02
1.731999999999999929e-01 -2.766223755723345334e+02
1.739999999999999880e-01 -2.770405928681322507e+02
1.746999999999999942e-01 -2.774486124472535380e+02
1.754999999999999893e-01 -2.778464937255902782e+02
1.761999999999999955e-01 -2.782342353400958359e+02
1.769999999999999907e-01 -2.786146945840393983e+02
1.776999999999999968e-01 -2.789822991990967580e+02
1.784999999999999920e-01 -2.793398344429314193e+02
1.791999999999999982e-01 -2.796873650759040402e+02
1.799999999999999933e-01 -2.800248713023717073e+02
1.806999999999999995e-01 -2.803524059704745355e+02
1.814999999999999947e-01 -2.806727708917576933e+02
1.822999999999999898e-01 -2.809803380924811336e+02
1.829999999999999960e-01 -2.812780137698873659e+02
1.837999999999999912e-01 -2.815657669727494863e+02
1.844999999999999973e-01 -2.818464096479494287e+02
1.852999999999999925e-01 -2.821143378141171638e+02
1.859999999999999987e-01 -2.823724135264850474e+02
1.867999999999999938e-01 -2.826205936756522306e+02
1.875000000000000000e-01 -2.828589714227347258e+02
1.882999999999999952e-01 -2.830902835375036375e+02
1.890000000000000013e-01 -2.833090082845158122e+02
1.897999999999999965e-01 -2.835178483993339000e+02
1.905000000000000027e-01 -2.837169171814175002e+02
1.912999999999999978e-01 -2.839089952617476342e+02
1.920000000000000040e-01 -2.840884910435922279e+02
1.927999999999999992e-01 -2.842581611441599421e+02
1.935000000000000053e-01 -2.844209289236224549e+02
1.943000000000000005e-01 -2.845710939871233904e+02
1.950000000000000067e-01 -2.847115218034374493e+02
1.958000000000000018e-01 -2.848421468700980768e+02
1.965000000000000080e-01 -2.849659266836399638e+02
1.973000000000000032e-01 -2.850770747130895302e+02
1.980000000000000093e-01 -2.851785185818147852e+02
1.988000000000000045e-01 -2.852731115762132390e+02
1.995000000000000107e-01 -2.853550834447275975e+02
2.003000000000000058e-01 -2.854273884602915814e+02
2.010000000000000120e-01 -2.854928693251822551e+02
2.018000000000000071e-01 -2.855457383038524313e+02
2.025000000000000133e-01 -2.855889642556097101e+02
2.031999999999999917e-01 -2.856253271467069226e+02
2.039999999999999869e-01 -2.856491790996345799e+02
2.046999999999999931e-01 -2.856633530451400702e+02
2.054999999999999882e-01 -2.856706919638548356e+02
2.061999999999999944e-01 -2.856655499089570753e+02
2.069999999999999896e-01 -2.856507478481159410e+02
2.076999999999999957e-01 -2.856291407905188748e+02
2.084999999999999909e-01 -2.855950826928085462e+02
2.091999999999999971e-01 -2.855513816894933257e+02
2.099999999999999922e-01 -2.855008985579777914e+02
2.106999999999999984e-01 -2.854380165715041358e+02
2.114999999999999936e-01 -2.853683504230838253e+02
2.121999999999999997e-01 -2.852862784363974242e+02
2.129999999999999949e-01 -2.851946463950891939e+02
2.137999999999999901e-01 -2.850962982213824262e+02
2.144999999999999962e-01 -2.849855322777888773e+02
2.152999999999999914e-01 -2.848681130879013494e+02
2.159999999999999976e-01 -2.847383581436602071e+02
2.167999999999999927e-01 -2.845991319743977215e+02
2.174999999999999989e-01 -2.844532300271349072e+02
2.182999999999999940e-01 -2.842950588417671725e+02
2.190000000000000002e-01 -2.841302889114829213e+02
2.197999999999999954e-01 -2.839533147096778976e+02
2.205000000000000016e-01 -2.837697537960462455e+02
2.212999999999999967e-01 -2.835740115783618194e+02
2.220000000000000029e-01 -2.833717696814030660e+02
2.227999999999999980e-01 -2.831573884475660066e+02
2.235000000000000042e-01 -2.829365395674610113e+02
2.242999999999999994e-01 -2.827036332984655473e+02
2.250000000000000056e-01 -2.824615734718050248e+02
2.258000000000000007e-01 -2.822131151690052775e+02
2.265000000000000069e-01 -2.819526383594929371e+02
2.273000000000000020e-01 -2.816859200415694318e+02
2.280000000000000082e-01 -2.814073142480972933e+02
2.288000000000000034e-01 -2.811224849347015606e+02
2.295000000000000095e-01 -2.808286761204145705e+02
2.303000000000000047e-01 -2.805230878091426234e+02
2.310000000000000109e-01 -2.802114170112700435e+02
2.318000000000000060e-01 -2.798880836848347826e+02
2.325000000000000122e-01 -2.795587289033250045e+02
2.333000000000000074e-01 -2.792178455621789794e+02
2.340000000000000135e-01 -2.788710414818471008e+02
2.346999999999999920e-01 -2.785128097605545463e+02
2.354999999999999871e-01 -2.781487143614265847e+02
2.361999999999999933e-01 -2.777733516562321938e+02
2.369999999999999885e-01 -2.773922952617497799e+02
2.376999999999999946e-01 -2.770027525356166507e+02
2.384999999999999898e-01 -2.766020861450056714e+02
2.391999999999999960e-01 -2.761959354339576294e+02
2.399999999999999911e-01 -2.757787410295690620e+02
2.406999999999999973e-01 -2.753561683510890248e+02
2.414999999999999925e-01 -2.749255008969033156e+02
2.421999999999999986e-01 -2.744840552527082878e+02
2.429999999999999938e-01 -2.740373927854664089e+02
2.437000000000000000e-01 -2.735800941562527555e+02
2.444999999999999951e-01 -2.731177501086153825e+02
2.452999999999999903e-01 -2.726476606229538788e+02
2.459999999999999964e-01 -2.721672430148231001e+02
2.467999999999999916e-01 -2.716819045357402729e+02
2.474999999999999978e-01 -2.711890799068656861e+02
2.482999999999999929e-01 -2.706861894321129398e+02
2.489999999999999991e-01 -2.701786228341519518e+02
2.497999999999999943e-01 -2.696639103121914900e+02
2.505000000000000004e-01 -2.691392832815574252e+02
2.511999999999999789e-01 -2.686102987032215879e+02
2.520000000000000018e-01 -2.680742991840667742e+02
2.526999999999999802e-01 -2.675314456029403232e+02
2.535000000000000031e-01 -2.669791420892894962e+02
2.541999999999999815e-01 -2.664228055374843507e+02
2.550000000000000044e-01 -2.658598599782602605e+02
2.556999999999999829e-01 -2.652877284581954882e+02
2.565000000000000058e-01 -2.647118919073407710e+02
2.571999999999999842e-01 -2.641296713808317804e+02
2.580000000000000071e-01 -2.635412568024341340e+02
2.586999999999999855e-01 -2.629441123059098686e+02
2.595000000000000084e-01 -2.623435167366882297e+02
2.601999999999999869e-01 -2.617370192339095638e+02
2.610000000000000098e-01 -2.611247176555690430e+02
2.616999999999999882e-01 -2.605066801478672005e+02
2.625000000000000111e-01 -2.598803895770788586e+02
2.631999999999999895e-01 -2.592511860966009749e+02
2.640000000000000124e-01 -2.586165605016815903e+02
2.646999999999999909e-01 -2.579766310319507170e+02
2.655000000000000138e-01 -2.573314944289414825e+02
2.661999999999999922e-01 -2.566812169537689670e+02
2.670000000000000151e-01 -2.560233693590552093e+02
2.676999999999999935e-01 -2.553631499095945401e+02
2.685000000000000164e-01 -2.546981202921986949e+02
2.691999999999999948e-01 -2.540283898523005917e+02
2.700000000000000178e-01 -2.533540452281609419e+02
2.706999999999999962e-01 -2.526752047973439232e+02
2.715000000000000191e-01 -2.519919251667099900e+02
2.721999999999999975e-01 -2.513043427449029252e+02
2.730000000000000204e-01 -2.506125370907925571e+02
2.736999999999999988e-01 -2.499141546951313444e+02
2.745000000000000218e-01 -2.492142570523839709e+02
2.752000000000000002e-01 -2.485104106472418266e+02
2.760000000000000231e-01 -2.478027276243550148e+02
2.767999999999999905e-01 -2.470913229739078645e+02
2.775000000000000244e-01 -2.463763125800698504e+02
2.782999999999999918e-01 -2.456577079244912341e+02
2.790000000000000258e-01 -2.449356675383003505e+02
2.797999999999999932e-01 -2.442102718776614267e+02
2.805000000000000271e-01 -2.434815694987142933e+02
2.812999999999999945e-01 -2.427497378332637936e+02
2.819999999999999729e-01 -2.420147194608996983e+02
2.827999999999999958e-01 -2.412767397915654612e+02
2.834999999999999742e-01 -2.405357894249979722e+02
2.842999999999999972e-01 -2.397919727520602748e+02
2.849999999999999756e-01 -2.390454023915073094e+02
2.857999999999999985e-01 -2.382961407143194492e+02
2.864999999999999769e-01 -2.375442013741561311e+02
2.872999999999999998e-01 -2.367921186790319155e+02
2.879999999999999782e-01 -2.360351593291390486e+02
2.888000000000000012e-01 -2.352757576453611534e+02
2.894999999999999796e-01 -2.345140083007657665e+02
2.903000000000000025e-01 -2.337499936138764838e+02
2.909999999999999809e-01 -2.329837652737026019e+02
2.918000000000000038e-01 -2.322153505839172283e+02
2.924999999999999822e-01 -2.314448602482017350e+02
2.933000000000000052e-01 -2.306722995712994759e+02
2.939999999999999836e-01 -2.299000142239740399e+02
2.948000000000000065e-01 -2.291235145281460461e+02
2.954999999999999849e-01 -2.283450902008534911e+02
2.963000000000000078e-01 -2.275648315022638144e+02
2.969999999999999862e-01 -2.267827251787662703e+02
2.978000000000000091e-01 -2.259988754936528323e+02
2.984999999999999876e-01 -2.252155441574171562e+02
2.993000000000000105e-01 -2.244282234541054493e+02
2.999999999999999889e-01 -2.236392661373965609e+02
3.008000000000000118e-01 -2.228486904310771592e+02
3.014999999999999902e-01 -2.220564571310121380e+02
3.023000000000000131e-01 -2.212648434090470460e+02
3.029999999999999916e-01 -2.204694760983272204e+02
3.038000000000000145e-01 -2.196725484027276138e+02
3.044999999999999929e-01 -2.188762820795798234e+02
3.053000000000000158e-01 -2.180763063657741156e+02
3.059999999999999942e-01 -2.172747830613859890e+02
3.068000000000000171e-01 -2.164718493599819169e+02
3.074999999999999956e-01 -2.156695020425832752e+02
3.083000000000000185e-01 -2.148635113241812178e+02
3.089999999999999969e-01 -2.140560710370783397e+02
3.098000000000000198e-01 -2.132491853031211519e+02
3.104999999999999982e-01 -2.124387490057404477e+02
3.113000000000000211e-01 -2.116267682965416554e+02
3.119999999999999996e-01 -2.108153952707297378e+02
3.126999999999999780e-01 -2.100003509773118537e+02
3.135000000000000009e-01 -2.091837482635527010e+02
3.141999999999999793e-01 -2.083676829581400511e+02
3.150000000000000022e-01 -2.075479632408407440e+02
3.156999999999999806e-01 -2.067286669379902833e+02
3.165000000000000036e-01 -2.059056712031210452e+02
3.171999999999999820e-01 -2.050810089297545176e+02
3.180000000000000049e-01 -2.042566741791648610e+02
3.186999999999999833e-01 -2.034286039083192463e+02
3.195000000000000062e-01 -2.026007841541472487e+02
3.201999999999999846e-01 -2.017691548857953023e+02
3.210000000000000075e-01 -2.009376731277589272e+02
3.216999999999999860e-01 -2.001022898624164270e+02
3.225000000000000089e-01 -1.992670071002880547e+02
3.231999999999999873e-01 -1.984277158380534445e+02
3.240000000000000102e-01 -1.975884720717557741e+02
3.246999999999999886e-01 -1.967451218118452232e+02
3.255000000000000115e-01 -1.959016170420073877e+02
3.261999999999999900e-01 -1.950540347849850491e+02
3.270000000000000129e-01 -1.942061630105297638e+02
3.276999999999999913e-01 -1.933541027565933348e+02
3.285000000000000142e-01 -1.925016149907420413e+02
3.291999999999999926e-01 -1.916467397151805869e+02
3.300000000000000155e-01 -1.907875189557918816e+02
3.306999999999999940e-01 -1.899276716955843654e+02
3.315000000000000169e-01 -1.890652649062206194e+02
3.321999999999999953e-01 -1.881983656630224857e+02
3.330000000000000182e-01 -1.873306648811538082e+02
3.336999999999999966e-01 -1.864601996173411180e+02
3.345000000000000195e-01 -1.855850718411987827e+02
3.351999999999999980e-01 -1.847089225928427823e+02
3.360000000000000209e-01 -1.838298117991770653e+02
3.366999999999999993e-01 -1.829476845445165907e+02
3.375000000000000222e-01 -1.820607175361516283e+02
3.382999999999999896e-01 -1.811723897330937518e+02
3.390000000000000235e-01 -1.802808614965164224e+02
3.397999999999999909e-01 -1.793860896869739179e+02
3.405000000000000249e-01 -1.784880004440385051e+02
3.412999999999999923e-01 -1.775846966386187376e+02
3.420000000000000262e-01 -1.766797284121839198e+02
3.427999999999999936e-01 -1.757712455888014347e+02
3.435000000000000275e-01 -1.748591903674436026e+02
3.442999999999999949e-01 -1.739434335369104758e+02
3.449999999999999734e-01 -1.730239963218790820e+02
3.457999999999999963e-01 -1.721008314836347211e+02
3.464999999999999747e-01 -1.711738152739096392e+02
3.472999999999999976e-01 -1.702428514288476435e+02
3.479999999999999760e-01 -1.693080412253066527e+02
3.487999999999999989e-01 -1.683691753718744053e+02
3.494999999999999774e-01 -1.674262601753013371e+02
3.503000000000000003e-01 -1.664792643255296696e+02
3.509999999999999787e-01 -1.655297561236783679e+02
3.518000000000000016e-01 -1.645743672544765559e+02
3.524999999999999800e-01 -1.636147510708314030e+02
3.533000000000000029e-01 -1.626507701937215415e+02
3.539999999999999813e-01 -1.616825110270321488e+02
3.548000000000000043e-01 -1.607114091317574491e+02
3.554999999999999827e-01 -1.597343349625664928e+02
3.563000000000000056e-01 -1.587527520795079852e+02
3.569999999999999840e-01 -1.577682449070070447e+02
3.578000000000000069e-01 -1.567776290156951688e+02
3.584999999999999853e-01 -1.557840438506049736e+02
3.593000000000000083e-01 -1.547842579504202263e+02
3.599999999999999867e-01 -1.537813867939322563e+02
3.608000000000000096e-01 -1.527723868850679594e+02
3.614999999999999880e-01 -1.517602187453354361e+02
3.623000000000000109e-01 -1.507433178086795920e+02
3.629999999999999893e-01 -1.497202826874202799e+02
3.638000000000000123e-01 -1.486939657527397003e+02
3.644999999999999907e-01 -1.476629726207342230e+02
3.653000000000000136e-01 -1.466258136860799652e+02
3.659999999999999920e-01 -1.455853375714423521e+02
3.668000000000000149e-01 -1.445401646197998389e+02
3.674999999999999933e-01 -1.434902595133426644e+02
3.683000000000000163e-01 -1.424356405535689021e+02
3.689999999999999947e-01 -1.413763134556243415e+02
3.698000000000000176e-01 -1.403123104979875109e+02
3.704999999999999960e-01 -1.392450763980659190e+02
3.713000000000000189e-01 -1.381717154228573747e+02
3.719999999999999973e-01 -1.370937933415838756e+02
3.728000000000000203e-01 -1.360112493680070429e+02
3.734999999999999987e-01 -1.349255242858830002e+02
3.743000000000000216e-01 -1.338339243043840270e+02
3.750000000000000000e-01 -1.327391472638736616e+02
3.756999999999999784e-01 -1.316386082122835148e+02
3.765000000000000013e-01 -1.305350422114343871e+02
3.771999999999999797e-01 -1.294270431589998509e+02
3.780000000000000027e-01 -1.283148141516423664e+02
3.786999999999999811e-01 -1.271983091071985115e+02
3.795000000000000040e-01 -1.260776580934530671e+02
3.801999999999999824e-01 -1.249528750570640057e+02
3.810000000000000053e-01 -1.238240730373585450e+02
3.816999999999999837e-01 -1.226913100085655941e+02
3.825000000000000067e-01 -1.215546229922438926e+02
3.831999999999999851e-01 -1.204154419623306467e+02
3.840000000000000080e-01 -1.192712379401139344e+02
3.846999999999999864e-01 -1.181246409187712771e+02
3.855000000000000093e-01 -1.169733548906481104e+02
3.861999999999999877e-01 -1.158197208838228960e+02
3.870000000000000107e-01 -1.146627528444228261e+02
3.876999999999999891e-01 -1.135025428446059266e+02
3.885000000000000120e-01 -1.123391988012131577e+02
3.891999999999999904e-01 -1.111728418146457784e+02
3.900000000000000133e-01 -1.100046267608785087e+02
3.906999999999999917e-01 -1.088325317808844943e+02
3.915000000000000147e-01 -1.076588277241710188e+02
3.921999999999999931e-01 -1.064815107501124487e+02
3.930000000000000160e-01 -1.053028036981130811e+02
3.936999999999999944e-01 -1.041217797224895776e+02
3.945000000000000173e-01 -1.029385816758017853e+02
3.951999999999999957e-01 -1.017543836983726209e+02
3.960000000000000187e-01 -1.005672646496946214e+02
3.966999999999999971e-01 -9.937935268375237285e+01
3.975000000000000200e-01 -9.818985662784024271e+01
3.981999999999999984e-01 -9.699883566648729527e+01
3.990000000000000213e-01 -9.580653261040032476e+01
3.996999999999999997e-01 -9.461303065296188208e+01
4.005000000000000226e-01 -9.341852965328170910e+01
4.012999999999999901e-01 -9.222407959901271113e+01
4.020000000000000240e-01 -9.102895764564252090e+01
4.027999999999999914e-01 -8.983326559224342134e+01
4.035000000000000253e-01 -8.863718064745081904e+01
4.042999999999999927e-01 -8.744178259660866104e+01
4.050000000000000266e-01 -8.624631864762304190e+01
4.057999999999999940e-01 -8.505094859951179842e+01
4.064999999999999725e-01 -8.385589765748265734e+01
4.072999999999999954e-01 -8.266213060725115724e+01
4.079999999999999738e-01 -8.146818067121719764e+01
4.087999999999999967e-01 -8.027664662552055574e+01
4.094999999999999751e-01 -7.908529568436128443e+01
4.102999999999999980e-01 -7.789589864856289125e+01
4.109999999999999765e-01 -7.670782570195848393e+01
4.117999999999999994e-01 -7.552128967651879066e+01
4.124999999999999778e-01 -7.433719372845577311e+01
4.133000000000000007e-01 -7.315496570399666609e+01
4.139999999999999791e-01 -7.197477875920320400e+01
4.148000000000000020e-01 -7.079754974218735697e+01
4.154999999999999805e-01 -6.962279579447142908e+01
4.163000000000000034e-01 -6.845130078498931425e+01
4.169999999999999818e-01 -6.728263583367609613e+01
4.178000000000000047e-01 -6.611751483240959715e+01
4.184999999999999831e-01 -6.495559587380337518e+01
4.193000000000000060e-01 -6.379699888494727134e+01
4.199999999999999845e-01 -6.264255392597991801e+01
4.208000000000000074e-01 -6.149243994227195742e+01
4.214999999999999858e-01 -6.034614997806419012e+01
4.223000000000000087e-01 -5.920450400488274312e+01
4.229999999999999871e-01 -5.806712103487836885e+01
4.238000000000000100e-01 -5.693471207585850635e+01
4.244999999999999885e-01 -5.580742609585658442e+01
4.253000000000000114e-01 -5.468493115165643559e+01
4.259999999999999898e-01 -5.356842816379740668e+01
4.268000000000000127e-01 -5.245697922455825335e+01
4.274999999999999911e-01 -5.135084723627130643e+01
4.283000000000000140e-01 -5.025118131266464161e+01
4.289999999999999925e-01 -4.915758331212811072e+01
4.298000000000000154e-01 -4.807025039798036659e+01
4.304999999999999938e-01 -4.698878939157077639e+01
4.313000000000000167e-01 -4.591437249452906144e+01
4.319999999999999951e-01 -4.484664647502371082e+01
4.328000000000000180e-01 -4.378579759444482988e+01
4.334999999999999964e-01 -4.273228556391387656e+01
4.343000000000000194e-01 -4.168588869530956487e+01
4.349999999999999978e-01 -4.064672565599627063e+01
4.358000000000000207e-01 -3.961529980541794771e+01
4.364999999999999991e-01 -3.859180075147386191e+01
4.373000000000000220e-01 -3.757589791571612636e+01
4.380000000000000004e-01 -3.656808897333604591e+01
4.386999999999999789e-01 -3.556847790497116080e+01
4.395000000000000018e-01 -3.457753109090964472e+01
4.401999999999999802e-01 -3.359464600880757246e+01
4.410000000000000031e-01 -3.262058121532987087e+01
4.416999999999999815e-01 -3.165539611848101487e+01
4.425000000000000044e-01 -3.069916233964466201e+01
4.431999999999999829e-01 -2.975166222976594455e+01
4.440000000000000058e-01 -2.881352147182533940e+01
4.446999999999999842e-01 -2.788482534410778158e+01
4.455000000000000071e-01 -2.696527460459648040e+01
4.461999999999999855e-01 -2.605546646266286359e+01
4.470000000000000084e-01 -2.515519074012314604e+01
4.476999999999999869e-01 -2.426466258428099820e+01
4.485000000000000098e-01 -2.338415987883412583e+01
4.491999999999999882e-01 -2.251336470794116806e+01
4.500000000000000111e-01 -2.165296702168541643e+01
4.506999999999999895e-01 -2.080249383191503298e+01
4.515000000000000124e-01 -1.996225216793190427e+01
4.521999999999999909e-01 -1.913258396018209240e+01
4.530000000000000138e-01 -1.831319631374960011e+01
4.536999999999999922e-01 -1.750427208943326818e+01
4.545000000000000151e-01 -1.670589846384116228e+01
4.551999999999999935e-01 -1.591832622190742086e+01
4.560000000000000164e-01 -1.514149061417875508e+01
4.566999999999999948e-01 -1.437530535524882502e+01
4.575000000000000178e-01 -1.362014876746869163e+01
4.581999999999999962e-01 -1.287577048908843658e+01
4.590000000000000191e-01 -1.214237392232618440e+01
4.596999999999999975e-01 -1.142002562480401728e+01
4.605000000000000204e-01 -1.070869407767573200e+01
4.611999999999999988e-01 -1.000844576121462737e+01
4.620000000000000218e-01 -9.319292234466308500e+00
4.627000000000000002e-01 -8.641348898572449144e+00
4.635000000000000231e-01 -7.974527968069405226e+00
4.642999999999999905e-01 -7.319005470442975003e+00
4.650000000000000244e-01 -6.674632105870077936e+00
4.657999999999999918e-01 -6.041513628772985811e+00
4.665000000000000258e-01 -5.419664244421139365e+00
4.672999999999999932e-01 -4.809071786920233293e+00
4.680000000000000271e-01 -4.209720382886089851e+00
4.687999999999999945e-01 -3.621639945130743943e+00
4.694999999999999729e-01 -3.044795521178821129e+00
4.702999999999999958e-01 -2.479199103046020980e+00
4.709999999999999742e-01 -1.924819659330085697e+00
4.717999999999999972e-01 -1.381684260546563570e+00
4.724999999999999756e-01 -8.497107966510031307e-01
4.732999999999999985e-01 -3.289014174355491260e-01
4.739999999999999769e-01 1.807530664893831351e-01
4.747999999999999998e-01 6.793114267579914989e-01
4.754999999999999782e-01 1.166800930601582742e+00
4.763000000000000012e-01 1.643266271998911288e+00
4.769999999999999796e-01 2.108739795710198983e+00
4.778000000000000025e-01 2.563274118575415539e+00
4.784999999999999809e-01 3.006921662067410406e+00
4.793000000000000038e-01 3.439727966677298188e+00
4.799999999999999822e-01 3.861766529845437557e+00
4.808000000000000052e-01 4.273075816367822632e+00
4.814999999999999836e-01 4.673731399179596124e+00
4.823000000000000065e-01 5.063796668019547198e+00
4.829999999999999849e-01 5.443348270272860390e+00
4.838000000000000078e-01 5.812455521639501299e+00
4.844999999999999862e-01 6.171183143131379722e+00
4.853000000000000091e-01 6.519619377494803025e+00
4.859999999999999876e-01 6.857841018044240400e+00
4.868000000000000105e-01 7.185940235719008307e+00
4.874999999999999889e-01 7.503992895023740672e+00
4.883000000000000118e-01 7.812091096382413724e+00
4.889999999999999902e-01 8.110321774285157659e+00
4.898000000000000131e-01 8.398789959794308757e+00
4.904999999999999916e-01 8.677589655871544849e+00
4.913000000000000145e-01 8.946805825877374829e+00
4.919999999999999929e-01 9.206554539973575757e+00
4.928000000000000158e-01 9.456927694807342633e+00
4.934999999999999942e-01 9.698030426609703269e+00
4.943000000000000171e-01 9.929972566788068278e+00
4.949999999999999956e-01 1.015286331600750280e+01
4.958000000000000185e-01 1.036682344178440296e+01
4.964999999999999969e-01 1.057193120798860342e+01
4.973000000000000198e-01 1.076832932013375554e+01
4.979999999999999982e-01 1.095613110280518399e+01
4.988000000000000211e-01 1.113542820165336344e+01
4.994999999999999996e-01 1.130637514352732609e+01
5.001999999999999780e-01 1.146905295057492680e+01
5.010000000000000009e-01 1.162359990135073673e+01
5.018000000000000238e-01 1.177014397457590533e+01
5.024999999999999467e-01 1.190878691994347527e+01
5.031999999999999806e-01 1.203965775795906090e+01
5.040000000000000036e-01 1.216288871173026820e+01
5.048000000000000265e-01 1.227860376145178911e+01
5.054999999999999494e-01 1.238692771021455563e+01
5.061999999999999833e-01 1.248796257755236638e+01
5.070000000000000062e-01 1.258186253420210932e+01
5.078000000000000291e-01 1.266871456226695614e+01
5.084999999999999520e-01 1.274870251457956449e+01
5.091999999999999860e-01 1.282190640951476723e+01
5.100000000000000089e-01 1.288848636933212966e+01
5.108000000000000318e-01 1.294853337714793362e+01
5.114999999999999547e-01 1.300218633319314954e+01
5.121999999999999886e-01 1.304958625388931459e+01
5.130000000000000115e-01 1.309086421675128165e+01
5.138000000000000345e-01 1.312610420649540011e+01
5.144999999999999574e-01 1.315548016594284242e+01
5.151999999999999913e-01 1.317908711063910587e+01
5.160000000000000142e-01 1.319707507658258194e+01
5.168000000000000371e-01 1.320952604971888533e+01
5.174999999999999600e-01 1.321659901282863991e+01
5.181999999999999940e-01 1.321842397956731752e+01
5.190000000000000169e-01 1.321510194866611165e+01
5.198000000000000398e-01 1.320675590683947753e+01
5.204999999999999627e-01 1.319350287329521976e+01
5.211999999999999966e-01 1.317547786050172931e+01
5.220000000000000195e-01 1.315279783250981360e+01
5.228000000000000425e-01 1.312556677754085221e+01
5.234999999999999654e-01 1.309391974720902851e+01
5.241999999999999993e-01 1.305795775298718731e+01
5.250000000000000222e-01 1.301779772789841161e+01
5.258000000000000451e-01 1.297355866109898415e+01
5.264999999999999680e-01 1.292534667965833428e+01
5.272999999999999909e-01 1.287326460766858105e+01
5.280000000000000249e-01 1.281745163429064149e+01
5.288000000000000478e-01 1.275799355715537331e+01
5.294999999999999707e-01 1.269499459150010168e+01
5.302999999999999936e-01 1.262857950960154163e+01
5.310000000000000275e-01 1.255881548690363658e+01
5.316999999999999504e-01 1.248582253192425284e+01
5.324999999999999734e-01 1.240972151323837380e+01
5.332999999999999963e-01 1.233058242321735243e+01
5.340000000000000302e-01 1.224852940333120443e+01
5.346999999999999531e-01 1.216364746084656190e+01
5.354999999999999760e-01 1.207599044477473704e+01
5.362999999999999989e-01 1.198572034740536552e+01
5.370000000000000329e-01 1.189288233007791540e+01
5.376999999999999558e-01 1.179757939916101606e+01
5.384999999999999787e-01 1.169989338505127208e+01
5.393000000000000016e-01 1.159991328155402712e+01
5.400000000000000355e-01 1.149770726672904075e+01
5.406999999999999584e-01 1.139339234568052817e+01
5.414999999999999813e-01 1.128701133352056019e+01
5.423000000000000043e-01 1.117865322500257363e+01
5.430000000000000382e-01 1.106840221218096332e+01
5.436999999999999611e-01 1.095632729993149113e+01
5.444999999999999840e-01 1.084250828957983437e+01
5.453000000000000069e-01 1.072700617671065615e+01
5.460000000000000409e-01 1.060988516586430386e+01
5.466999999999999638e-01 1.049122126115121922e+01
5.474999999999999867e-01 1.037109725235569258e+01
5.483000000000000096e-01 1.024954313596830247e+01
5.490000000000000435e-01 1.012662612690038699e+01
5.496999999999999664e-01 1.000241922840480058e+01
5.504999999999999893e-01 9.876971221239212895e+00
5.513000000000000123e-01 9.750358101974166303e+00
5.520000000000000462e-01 9.622605094466775810e+00
5.526999999999999691e-01 9.493784201329342309e+00
5.534999999999999920e-01 9.363934195375446023e+00
5.543000000000000149e-01 9.233116073828483650e+00
5.550000000000000488e-01 9.101359067769147160e+00
5.556999999999999718e-01 8.968740179082196562e+00
5.564999999999999947e-01 8.835273174161622833e+00
5.573000000000000176e-01 8.701006050919698254e+00
5.580000000000000515e-01 8.565990045816359810e+00
5.586999999999999744e-01 8.430248161029840759e+00
5.594999999999999973e-01 8.293846157025722476e+00
5.603000000000000203e-01 8.156793032369133556e+00
5.610000000000000542e-01 8.019138028299114040e+00
5.616999999999999771e-01 7.880904146477242911e+00
5.625000000000000000e-01 7.742136143241965307e+00
5.633000000000000229e-01 7.602842017487911441e+00
5.639999999999999458e-01 7.463070014338744507e+00
5.646999999999999797e-01 7.322850134876989436e+00
5.655000000000000027e-01 7.182196132324442317e+00
5.663000000000000256e-01 7.041127005734768574e+00
5.669999999999999485e-01 6.899683003197158548e+00
5.676999999999999824e-01 6.757878125675516934e+00
5.685000000000000053e-01 6.615728123781095427e+00
5.693000000000000282e-01 6.473269996420826011e+00
5.699999999999999512e-01 6.330500994480713572e+00
5.706999999999999851e-01 6.187456118429971674e+00
5.715000000000000080e-01 6.044128117009155865e+00
5.723000000000000309e-01 5.900568989138376352e+00
5.729999999999999538e-01 5.756763987556762885e+00
5.736999999999999877e-01 5.612734112789762975e+00
5.745000000000000107e-01 5.468489111547318871e+00
5.753000000000000336e-01 5.324041983360216612e+00
5.759999999999999565e-01 5.179414982045719817e+00
5.766999999999999904e-01 5.034601108238232037e+00
5.775000000000000133e-01 4.889616107223364594e+00
5.783000000000000362e-01 4.744465978664583083e+00
5.789999999999999591e-01 4.599170977596116039e+00
5.796999999999999931e-01 4.453724104541652018e+00
5.805000000000000160e-01 4.308138103655948292e+00
5.813000000000000389e-01 4.162407974728123961e+00
5.819999999999999618e-01 4.016552973835391782e+00
5.826999999999999957e-01 3.870571101343278642e+00
5.835000000000000187e-01 3.724465100623644442e+00
5.843000000000000416e-01 3.578241971346986627e+00
5.849999999999999645e-01 3.431905970538606354e+00
5.856999999999999984e-01 3.285455098544701968e+00
5.865000000000000213e-01 3.138894097868123456e+00
5.873000000000000442e-01 2.992222968261084137e+00
5.879999999999999671e-01 2.845448096570321717e+00
5.887999999999999901e-01 2.698565966806000027e+00
5.895000000000000240e-01 2.551584095309424871e+00
5.903000000000000469e-01 2.404496965386062612e+00
5.909999999999999698e-01 2.257313094066979886e+00
5.917999999999999927e-01 2.110023963945037551e+00
5.925000000000000266e-01 1.962635092836836126e+00
5.933000000000000496e-01 1.815145962574306271e+00
5.939999999999999725e-01 1.667562091631295429e+00
5.947999999999999954e-01 1.519876961224663203e+00
5.955000000000000293e-01 1.372100960472518283e+00
5.961999999999999522e-01 1.224218089872190385e+00
5.969999999999999751e-01 1.076247089257118761e+00
5.977999999999999980e-01 9.281759584621124270e-01
5.985000000000000320e-01 7.800069578224377853e-01
5.991999999999999549e-01 6.317470875349177062e-01
5.999999999999999778e-01 4.833960869629010393e-01
6.008000000000000007e-01 3.349519558893551130e-01
6.015000000000000346e-01 1.864169552777980854e-01
6.021999999999999575e-01 3.779508533911162677e-02
6.029999999999999805e-01 -1.109129151221921877e-01
6.038000000000000034e-01 -2.596960466552845626e-01
6.045000000000000373e-01 -4.085930469856659530e-01
6.051999999999999602e-01 -5.575369166045150982e-01
6.059999999999999831e-01 -7.065609171027231739e-01
6.068000000000000060e-01 -8.556660486656905151e-01
6.075000000000000400e-01 -1.004849049101512737e+00
6.081999999999999629e-01 -1.154093918222153903e+00
6.089999999999999858e-01 -1.303380918634251762e+00
6.098000000000000087e-01 -1.452735050261362293e+00
6.105000000000000426e-01 -1.602145050507391089e+00
6.111999999999999655e-01 -1.751589919458448108e+00
6.119999999999999885e-01 -1.901077919759833090e+00
6.128000000000000114e-01 -2.050615051168153791e+00
6.135000000000000453e-01 -2.200154051400123656e+00
6.141999999999999682e-01 -2.349725919895148785e+00
6.149999999999999911e-01 -2.499284920116574771e+00
6.158000000000000140e-01 -2.648880051322800355e+00
6.165000000000000480e-01 -2.798441051343888208e+00
6.171999999999999709e-01 -2.948004919747531982e+00
6.179999999999999938e-01 -3.097539919464598501e+00
6.188000000000000167e-01 -3.247029050619861135e+00
6.195000000000000506e-01 -3.396490050205127176e+00
6.201999999999999735e-01 -3.545891918462031889e+00
6.209999999999999964e-01 -3.695217917957672960e+00
6.218000000000000194e-01 -3.844462048588367153e+00
6.225000000000000533e-01 -3.993634047695634237e+00
6.231999999999999762e-01 -4.142678916007895396e+00
6.239999999999999991e-01 -4.291605915257507675e+00
6.248000000000000220e-01 -4.440411045073671126e+00
6.254999999999999449e-01 -4.589083043773234394e+00
6.261999999999999789e-01 -4.737569912157545637e+00
6.270000000000000018e-01 -4.885870911001211070e+00
6.278000000000000247e-01 -5.033984039935186061e+00
6.284999999999999476e-01 -5.181925038459014310e+00
6.291999999999999815e-01 -5.329655906757216677e+00
6.300000000000000044e-01 -5.477078905533223185e+00
6.308000000000000274e-01 -5.624303032716001738e+00
6.314999999999999503e-01 -5.771217030607184384e+00
6.321999999999999842e-01 -5.917830899954523716e+00
6.330000000000000071e-01 -6.064147897678757282e+00
6.338000000000000300e-01 -6.210095024013615017e+00
6.344999999999999529e-01 -6.355771020815241812e+00
6.351999999999999869e-01 -6.500991891097489983e+00
6.360000000000000098e-01 -6.645868888212803860e+00
6.368000000000000327e-01 -6.790277012801736234e+00
6.374999999999999556e-01 -6.934358008851218003e+00
6.381999999999999895e-01 -7.077876880389090353e+00
6.390000000000000124e-01 -7.221012876895483323e+00
6.398000000000000353e-01 -7.363580998827305990e+00
6.404999999999999583e-01 -7.505673994820552863e+00
6.411999999999999922e-01 -7.647196866888266165e+00
6.420000000000000151e-01 -7.788137863566878316e+00
6.428000000000000380e-01 -7.928538982462882245e+00
6.434999999999999609e-01 -8.068303977760219681e+00
6.441999999999999948e-01 -8.207399851665240220e+00
6.450000000000000178e-01 -8.345865847513506353e+00
6.458000000000000407e-01 -8.483656963968554621e+00
6.464999999999999636e-01 -8.620790958007630067e+00
6.471999999999999975e-01 -8.757076834055736114e+00
6.480000000000000204e-01 -8.892679829165915706e+00
6.488000000000000433e-01 -9.027487942191500636e+00
6.494999999999999662e-01 -9.161523936582046446e+00
6.502000000000000002e-01 -9.294761813832176145e+00
6.510000000000000231e-01 -9.427076808130461671e+00
6.518000000000000460e-01 -9.558464917722188758e+00
6.524999999999999689e-01 -9.689019797661941880e+00
6.532999999999999918e-01 -9.818705904338226986e+00
6.540000000000000258e-01 -9.947356785034518367e+00
6.548000000000000487e-01 -1.007498989086288432e+01
6.554999999999999716e-01 -1.020172377270847974e+01
6.562999999999999945e-01 -1.032735287583404471e+01
6.570000000000000284e-01 -1.045194886831962577e+01
6.576999999999999513e-01 -1.057547575259563466e+01
6.584999999999999742e-01 -1.069783474583599592e+01
6.592999999999999972e-01 -1.081909484463760585e+01
6.600000000000000311e-01 -1.093925283602660237e+01
6.606999999999999540e-01 -1.105818572377952336e+01
6.614999999999999769e-01 -1.117585971667544520e+01
6.622999999999999998e-01 -1.129237881006705990e+01
6.630000000000000338e-01 -1.140761880066173362e+01
6.636999999999999567e-01 -1.152152069317355476e+01
6.644999999999999796e-01 -1.163421868490699040e+01
6.653000000000000025e-01 -1.174557277302216640e+01
6.660000000000000364e-01 -1.185554276334972457e+01
6.666999999999999593e-01 -1.196413665917853741e+01
6.674999999999999822e-01 -1.207130765055523192e+01
6.683000000000000052e-01 -1.217707673320769501e+01
6.690000000000000391e-01 -1.228138272290260780e+01
6.696999999999999620e-01 -1.238422262351667769e+01
6.704999999999999849e-01 -1.248559561344180402e+01
6.713000000000000078e-01 -1.258533069120005266e+01
6.720000000000000417e-01 -1.268366068038181815e+01
6.726999999999999647e-01 -1.278045158506854406e+01
6.734999999999999876e-01 -1.287557357538116243e+01
6.743000000000000105e-01 -1.296912064626115324e+01
6.750000000000000444e-01 -1.306105763509847861e+01
6.756999999999999673e-01 -1.315140654467678161e+01
6.764999999999999902e-01 -1.323996153482333149e+01
6.773000000000000131e-01 -1.332691459943134760e+01
6.780000000000000471e-01 -1.341218958759385238e+01
6.786999999999999700e-01 -1.349578050301797383e+01
6.794999999999999929e-01 -1.357756249166375007e+01
6.803000000000000158e-01 -1.365749855061925544e+01
6.810000000000000497e-01 -1.373582953755864544e+01
6.816999999999999726e-01 -1.381230245878816554e+01
6.824999999999999956e-01 -1.388689344784603819e+01
6.833000000000000185e-01 -1.395970549947340267e+01
6.840000000000000524e-01 -1.403076048576608947e+01
6.846999999999999753e-01 -1.409986541388177628e+01
6.854999999999999982e-01 -1.416715540209085056e+01
6.863000000000000211e-01 -1.423252844649990934e+01
6.870000000000000551e-01 -1.429604743260983213e+01
6.876999999999999780e-01 -1.435759036713632320e+01
6.885000000000000009e-01 -1.441728035482873871e+01
6.893000000000000238e-01 -1.447496939242280156e+01
6.899999999999999467e-01 -1.453079537808987176e+01
6.906999999999999806e-01 -1.458458231939445504e+01
6.915000000000000036e-01 -1.463651030669937292e+01
6.923000000000000265e-01 -1.468637433627905331e+01
6.929999999999999494e-01 -1.473421332272638651e+01
6.936999999999999833e-01 -1.478012426968435733e+01
6.945000000000000062e-01 -1.482397025794878687e+01
6.953000000000000291e-01 -1.486590828012124454e+01
6.959999999999999520e-01 -1.490575826656857927e+01
6.966999999999999860e-01 -1.494368022046631594e+01
6.975000000000000089e-01 -1.497952420751905578e+01
6.983000000000000318e-01 -1.501326322364711530e+01
6.989999999999999547e-01 -1.504507920889945183e+01
6.996999999999999886e-01 -1.507479716976595263e+01
7.005000000000000115e-01 -1.510239815777820382e+01
7.013000000000000345e-01 -1.512805016573195971e+01
7.019999999999999574e-01 -1.515162715097023849e+01
7.026999999999999913e-01 -1.517310412003740261e+01
7.035000000000000142e-01 -1.519262010708398947e+01
7.043000000000000371e-01 -1.521003010873765504e+01
7.049999999999999600e-01 -1.522549909298478887e+01
7.056999999999999940e-01 -1.523872706948465527e+01
7.065000000000000169e-01 -1.525002405749075507e+01
7.073000000000000398e-01 -1.525937105108258685e+01
7.079999999999999627e-01 -1.526663803653174689e+01
7.086999999999999966e-01 -1.527183501918408659e+01
7.095000000000000195e-01 -1.527495400736855835e+01
7.103000000000000425e-01 -1.527615199399689949e+01
7.109999999999999654e-01 -1.527529797956555946e+01
7.116999999999999993e-01 -1.527239097043965188e+01
7.125000000000000222e-01 -1.526758495795984594e+01
7.133000000000000451e-01 -1.526074993767741539e+01
7.139999999999999680e-01 -1.525188393314170199e+01
7.147999999999999909e-01 -1.524101391052990628e+01
7.155000000000000249e-01 -1.522828590951679573e+01
7.163000000000000478e-01 -1.521357488374792588e+01
7.169999999999999707e-01 -1.519703688514765361e+01
7.177999999999999936e-01 -1.517836385621379947e+01
7.185000000000000275e-01 -1.515790884359604185e+01
7.191999999999999504e-01 -1.513565885040840087e+01
7.199999999999999734e-01 -1.511133783952778131e+01
7.207999999999999963e-01 -1.508524780340198213e+01
7.215000000000000302e-01 -1.505727979130440097e+01
7.221999999999999531e-01 -1.502759080492384491e+01
7.229999999999999760e-01 -1.499587479465829887e+01
7.237999999999999989e-01 -1.496248975354250987e+01
7.245000000000000329e-01 -1.492742873976490259e+01
7.251999999999999558e-01 -1.489040776239778552e+01
7.259999999999999787e-01 -1.485177775148641288e+01
7.268000000000000016e-01 -1.481137370382362484e+01
7.275000000000000355e-01 -1.476923969271718562e+01
7.281999999999999584e-01 -1.472552572086814138e+01
7.289999999999999813e-01 -1.468014371039962107e+01
7.298000000000000043e-01 -1.463305965846999257e+01
7.305000000000000382e-01 -1.458447364727217099e+01
7.311999999999999611e-01 -1.453429468142974201e+01
7.319999999999999840e-01 -1.448250067187767698e+01
7.328000000000000069e-01 -1.442915361489479587e+01
7.335000000000000409e-01 -1.437436860431555985e+01
7.341999999999999638e-01 -1.431807864473456071e+01
7.349999999999999867e-01 -1.426031863551463630e+01
7.358000000000000096e-01 -1.420105957457420587e+01
7.365000000000000435e-01 -1.414053856452217595e+01
7.371999999999999664e-01 -1.407858761133616454e+01
7.379999999999999893e-01 -1.401539760308805249e+01
7.388000000000000123e-01 -1.395086653610234784e+01
7.395000000000000462e-01 -1.388487252903077973e+01
7.401999999999999691e-01 -1.381787257932783142e+01
7.409999999999999920e-01 -1.374947857254358929e+01
7.418000000000000149e-01 -1.367998150302203264e+01
7.425000000000000488e-01 -1.360928149592937508e+01
7.431999999999999718e-01 -1.353757255187717945e+01
7.439999999999999947e-01 -1.346471554515444424e+01
7.448000000000000176e-01 -1.339076547264803096e+01
7.455000000000000515e-01 -1.331574446639187315e+01
7.461999999999999744e-01 -1.323983352688066439e+01
7.469999999999999973e-01 -1.316291252103133225e+01
7.478000000000000203e-01 -1.308504044690640100e+01
7.485000000000000542e-01 -1.300635744055183096e+01
7.491999999999999771e-01 -1.292677050524244109e+01
7.500000000000000000e-01 -1.284633150096769150e+01
7.508000000000000229e-01 -1.276519742327358564e+01
7.514999999999999458e-01 -1.268315241959721540e+01
7.521999999999999797e-01 -1.260058448699941280e+01
7.530000000000000027e-01 -1.251717948341969411e+01
7.538000000000000256e-01 -1.243319240517993229e+01
7.544999999999999485e-01 -1.234857340184800023e+01
7.551999999999999824e-01 -1.226348047290196774e+01
7.560000000000000053e-01 -1.217778346962363578e+01
7.568000000000000282e-01 -1.209155339032682974e+01
7.574999999999999512e-01 -1.200482138779624819e+01
7.581999999999999851e-01 -1.191772946165845681e+01
7.590000000000000080e-01 -1.183020446001621373e+01
7.598000000000000309e-01 -1.174241238033103585e+01
7.604999999999999538e-01 -1.165425837794806974e+01
7.611999999999999877e-01 -1.156576545397621025e+01
7.620000000000000107e-01 -1.147699145309050550e+01
7.628000000000000336e-01 -1.138807337344223036e+01
7.634999999999999565e-01 -1.129893937302749762e+01
7.641999999999999904e-01 -1.120974645037804152e+01
7.650000000000000133e-01 -1.112038744973836657e+01
7.658000000000000362e-01 -1.103092437146697158e+01
7.664999999999999591e-01 -1.094150937024385684e+01
7.671999999999999931e-01 -1.085192045035958941e+01
7.680000000000000160e-01 -1.076255844979987231e+01
7.688000000000000389e-01 -1.067310537237376344e+01
7.694999999999999618e-01 -1.058381937306264398e+01
7.701999999999999957e-01 -1.049463145280757281e+01
7.710000000000000187e-01 -1.040566745385934766e+01
7.718000000000000416e-01 -1.031687437725918954e+01
7.724999999999999645e-01 -1.022828337949453648e+01
7.731999999999999984e-01 -1.014001045863845363e+01
7.740000000000000213e-01 -1.005199446044676570e+01
7.748000000000000442e-01 -9.964272385610108529e+00
7.754999999999999671e-01 -9.876869465188969244e+00
7.762999999999999901e-01 -9.789918391339060832e+00
7.770000000000000240e-01 -9.703330470761518001e+00
7.778000000000000469e-01 -9.617285398101335758e+00
7.784999999999999698e-01 -9.531659476217205551e+00
7.792999999999999927e-01 -9.446501404926875622e+00
7.800000000000000266e-01 -9.361846483112158168e+00
7.808000000000000496e-01 -9.277809413102056979e+00
7.814999999999999725e-01 -9.194317489994812576e+00
7.822999999999999954e-01 -9.111399422050471486e+00
7.830000000000000293e-01 -9.029180425881490279e+00
7.836999999999999522e-01 -8.947506502136327811e+00
7.844999999999999751e-01 -8.866562506860077519e+00
7.852999999999999980e-01 -8.786386440734593961e+00
7.860000000000000320e-01 -8.706825446238607213e+00
7.866999999999999549e-01 -8.628047520164081163e+00
7.874999999999999778e-01 -8.550034524746363829e+00
7.883000000000000007e-01 -8.472766463109145718e+00
7.890000000000000346e-01 -8.396388467966454883e+00
7.896999999999999575e-01 -8.320701540061651968e+00
7.904999999999999805e-01 -8.245923545209802086e+00
7.913000000000000034e-01 -8.171982486186639250e+00
7.920000000000000373e-01 -8.098887492344386985e+00
7.926999999999999602e-01 -8.026668561822889458e+00
7.934999999999999831e-01 -7.955428566700408766e+00
7.943000000000000060e-01 -7.884981511787682251e+00
7.950000000000000400e-01 -7.815528518303927363e+00
7.956999999999999629e-01 -7.747002583774801110e+00
7.964999999999999858e-01 -7.679331590079285341e+00
7.973000000000000087e-01 -7.612685538218193493e+00
7.980000000000000426e-01 -7.546992544959379323e+00
7.986999999999999655e-01 -7.482258607842557474e+00
7.994999999999999885e-01 -7.418500613808753918e+00
8.003000000000000114e-01 -7.355712565646878254e+00
8.010000000000000453e-01 -7.293921572528653030e+00
8.016999999999999682e-01 -7.233109632119439247e+00
8.024999999999999911e-01 -7.173298638245554137e+00
8.033000000000000140e-01 -7.114483593595738675e+00
8.040000000000000480e-01 -7.056668600048720208e+00
8.046999999999999709e-01 -6.999771656685404686e+00
8.054999999999999938e-01 -6.943954662380969367e+00
8.063000000000000167e-01 -6.889063621699246021e+00
8.070000000000000506e-01 -6.835246628257667822e+00
8.076999999999999735e-01 -6.782362680722409110e+00
8.084999999999999964e-01 -6.730453686842372107e+00
8.093000000000000194e-01 -6.679539649057637085e+00
8.100000000000000533e-01 -6.629614655524677325e+00
8.106999999999999762e-01 -6.580609704870125753e+00
8.114999999999999991e-01 -6.532626710479579657e+00
8.123000000000000220e-01 -6.485555675692000754e+00
8.129999999999999449e-01 -6.439419681913012283e+00
8.136999999999999789e-01 -6.394168727492464122e+00
8.145000000000000018e-01 -6.349863733507866037e+00
8.153000000000000247e-01 -6.306536700983750521e+00
8.159999999999999476e-01 -6.263998707774142360e+00
8.166999999999999815e-01 -6.222426749302908178e+00
8.175000000000000044e-01 -6.181667754629429190e+00
8.183000000000000274e-01 -6.141774725642854982e+00
8.189999999999999503e-01 -6.102744731153897817e+00
8.196999999999999842e-01 -6.064498769698686509e+00
8.205000000000000071e-01 -6.027055774748426131e+00
8.213000000000000300e-01 -5.990433747581585422e+00
8.219999999999999529e-01 -5.954524753050452368e+00
8.226999999999999869e-01 -5.919393788458374495e+00
8.235000000000000098e-01 -5.885000792597807617e+00
8.243000000000000327e-01 -5.851280767938703775e+00
8.249999999999999556e-01 -5.818267772669483584e+00
8.256999999999999895e-01 -5.785927804837736055e+00
8.265000000000000124e-01 -5.754197809118634765e+00
8.273000000000000353e-01 -5.723163785723063057e+00
8.279999999999999583e-01 -5.692680789603287828e+00
8.286999999999999922e-01 -5.662749819371881266e+00
8.295000000000000151e-01 -5.633382823006955142e+00
8.303000000000000380e-01 -5.604606800604284622e+00
8.309999999999999609e-01 -5.576240804435302678e+00
8.316999999999999948e-01 -5.548419831470342345e+00
8.325000000000000178e-01 -5.521019834145904248e+00
8.333000000000000407e-01 -5.494054813390747860e+00
8.339999999999999636e-01 -5.467507816090033224e+00
8.346999999999999975e-01 -5.441344841256134046e+00
8.355000000000000204e-01 -5.415535843058294496e+00
8.363000000000000433e-01 -5.390019823105366648e+00
8.369999999999999662e-01 -5.364854824736185357e+00
8.377000000000000002e-01 -5.339921848151087502e+00
8.385000000000000231e-01 -5.315233849565752955e+00
8.393000000000000460e-01 -5.290775829389642304e+00
8.399999999999999689e-01 -5.266504851712353386e+00
8.407999999999999918e-01 -5.242395831632018499e+00
8.415000000000000258e-01 -5.218443853342293437e+00
8.423000000000000487e-01 -5.194599832988691546e+00
8.429999999999999716e-01 -5.170840854455573954e+00
8.437999999999999945e-01 -5.147177833600248498e+00
8.445000000000000284e-01 -5.123505833937658238e+00
8.451999999999999513e-01 -5.099881854578587337e+00
8.459999999999999742e-01 -5.076238853963515929e+00
8.467999999999999972e-01 -5.052495833178483942e+00
8.475000000000000311e-01 -5.028763832194369066e+00
8.481999999999999540e-01 -5.004891852653413409e+00
8.489999999999999769e-01 -4.980935851693900851e+00
8.497999999999999998e-01 -4.956823829249054292e+00
8.505000000000000338e-01 -4.932532828047029305e+00
8.511999999999999567e-01 -4.908070848483226278e+00
8.519999999999999796e-01 -4.883436846963999045e+00
8.528000000000000025e-01 -4.858555823084278913e+00
8.535000000000000364e-01 -4.833387821355048075e+00
8.541999999999999593e-01 -4.807973841686683514e+00
8.549999999999999822e-01 -4.782234840081346583e+00
8.558000000000000052e-01 -4.756234814438126790e+00
8.565000000000000391e-01 -4.729836812399603296e+00
8.571999999999999620e-01 -4.703148833260200945e+00
8.579999999999999849e-01 -4.676039831248917089e+00
8.588000000000000078e-01 -4.648603804118979888e+00
8.595000000000000417e-01 -4.620737800751902213e+00
8.601999999999999647e-01 -4.592392823283737435e+00
8.609999999999999876e-01 -4.563661820552818327e+00
8.618000000000000105e-01 -4.534486791550428997e+00
8.625000000000000444e-01 -4.504832788183350090e+00
8.631999999999999673e-01 -4.474699811646580372e+00
8.639999999999999902e-01 -4.444076808497412934e+00
8.648000000000000131e-01 -4.412941777702528157e+00
8.655000000000000471e-01 -4.381317773667657178e+00
8.661999999999999700e-01 -4.349119799123719154e+00
8.669999999999999929e-01 -4.316460795427138564e+00
8.678000000000000158e-01 -4.283200762434689501e+00
8.685000000000000497e-01 -4.249404758793465575e+00
8.691999999999999726e-01 -4.215090785247700644e+00
8.699999999999999956e-01 -4.180175781950916658e+00
8.708000000000000185e-01 -4.144724746801323967e+00
8.715000000000000524e-01 -4.108704742829717205e+00
8.721999999999999753e-01 -4.072119771297873392e+00
8.729999999999999982e-01 -4.034936767958034132e+00
8.738000000000000211e-01 -3.997210730514223709e+00
8.745000000000000551e-01 -3.958873726683205252e+00
8.751999999999999780e-01 -3.919991757378800123e+00
8.760000000000000009e-01 -3.880545753922096885e+00
8.768000000000000238e-01 -3.840537714719181484e+00
8.774999999999999467e-01 -3.799953710684310870e+00
8.781999999999999806e-01 -3.758795743521233579e+00
8.790000000000000036e-01 -3.717096740138338795e+00
8.798000000000000265e-01 -3.674847699289667258e+00
8.804999999999999494e-01 -3.632068695557060245e+00
8.811999999999999833e-01 -3.588758730537069397e+00
8.820000000000000062e-01 -3.544948727172626768e+00
8.828000000000000291e-01 -3.500591684963767936e+00
8.834999999999999520e-01 -3.455774681399866211e+00
8.841999999999999860e-01 -3.410450718155674910e+00
8.850000000000000089e-01 -3.364627715467811697e+00
8.858000000000000318e-01 -3.318367671600894742e+00
8.864999999999999547e-01 -3.271649668761020813e+00
8.871999999999999886e-01 -3.224527707410371313e+00
8.880000000000000115e-01 -3.176957704986989039e+00
8.888000000000000345e-01 -3.128993660171104363e+00
8.894999999999999574e-01 -3.080649657788140594e+00
8.901999999999999913e-01 -3.031966698190446063e+00
8.910000000000000142e-01 -2.982897696375984786e+00
8.918000000000000371e-01 -2.933533650653308289e+00
8.924999999999999600e-01 -2.883835648839725430e+00
8.931999999999999940e-01 -2.833879690994106859e+00
8.940000000000000169e-01 -2.783640689622496556e+00
8.948000000000000398e-01 -2.733178643609857961e+00
8.954999999999999627e-01 -2.682478642316449946e+00
8.961999999999999966e-01 -2.631594685919764753e+00
8.970000000000000195e-01 -2.580530685070966168e+00
8.978000000000000425e-01 -2.529328639174312610e+00
8.984999999999999654e-01 -2.477997638436226335e+00
8.991999999999999993e-01 -2.426561683121188473e+00
9.000000000000000222e-01 -2.375042682998173671e+00
9.008000000000000451e-01 -2.323503637395876176e+00
9.014999999999999680e-01 -2.271919682807502117e+00
9.022999999999999909e-01 -2.220349637634875695e+00
9.030000000000000249e-01 -2.168799683361066322e+00
9.038000000000000478e-01 -2.117319638562755291e+00
9.044999999999999707e-01 -2.065901684498948843e+00
9.052999999999999936e-01 -2.014606640453661335e+00
9.060000000000000275e-01 -1.963457641423717481e+00
9.066999999999999504e-01 -1.912446687543554402e+00
9.074999999999999734e-01 -1.861646688816752881e+00
9.082999999999999963e-01 -1.811053646175586174e+00
9.090000000000000302e-01 -1.760718648094609984e+00
9.096999999999999531e-01 -1.710656693872642631e+00
9.104999999999999760e-01 -1.660885695816269214e+00
9.112999999999999989e-01 -1.611430654913119653e+00
9.120000000000000329e-01 -1.562338657492906124e+00
9.126999999999999558e-01 -1.513613702871142053e+00
9.134999999999999787e-01 -1.465305705515950629e+00
9.143000000000000016e-01 -1.417427666701408739e+00
9.150000000000000355e-01 -1.370012669963046381e+00
9.156999999999999584e-01 -1.323061714465244565e+00
9.164999999999999813e-01 -1.276638717595959704e+00
9.173000000000000043e-01 -1.230724681224131478e+00
9.180000000000000382e-01 -1.185375685259002054e+00
9.186999999999999611e-01 -1.140600728347413773e+00
9.194999999999999840e-01 -1.096434732136255752e+00
9.203000000000000069e-01 -1.052884698340699421e+00
9.210000000000000409e-01 -1.009970703085538490e+00
9.216999999999999638e-01 -9.677317444007862424e-01
9.224999999999999867e-01 -9.261757487554942436e-01
9.233000000000000096e-01 -8.853277179737895075e-01
9.240000000000000435e-01 -8.452067232458330137e-01
9.246999999999999664e-01 -8.058357623793332980e-01
9.254999999999999893e-01 -7.672027674290723409e-01
9.263000000000000123e-01 -7.293907395399621407e-01
9.270000000000000462e-01 -6.923377452689161160e-01
9.276999999999999691e-01 -6.560997821046841150e-01
9.284999999999999920e-01 -6.206737873943011241e-01
9.293000000000000149e-01 -5.861077630462467880e-01
9.300000000000000488e-01 -5.523987689017297864e-01
9.306999999999999718e-01 -5.195228032139462826e-01
9.314999999999999947e-01 -4.875288086819341560e-01
9.323000000000000176e-01 -4.564237876209989997e-01
9.330000000000000515e-01 -4.262107938841867005e-01
9.336999999999999744e-01 -3.968888251781583221e-01
9.344999999999999973e-01 -3.684658308860241371e-01
9.353000000000000203e-01 -3.409708131166014899e-01
9.360000000000000542e-01 -3.143848194571124965e-01
9.366999999999999771e-01 -2.887008477266884143e-01
9.375000000000000000e-01 -2.639438534284035409e-01
9.383000000000000229e-01 -2.401138383802339793e-01
9.389999999999999458e-01 -2.171218463515637853e-01
9.396999999999999797e-01 -1.952638703059721426e-01
9.405000000000000027e-01 -1.741778760999479758e-01
9.413000000000000256e-01 -1.540338649091569367e-01
9.419999999999999485e-01 -1.348158711934328013e-01
9.426999999999999824e-01 -1.164918928975572920e-01
9.435000000000000053e-01 -9.907889837784653042e-02
9.443000000000000282e-01 -8.255689010249556148e-02
9.449999999999999512e-01 -6.692289628133055168e-02
9.456999999999999851e-01 -5.216791457883625943e-02
9.465000000000000080e-01 -3.827991983769966911e-02
9.473000000000000309e-01 -2.524691431874877615e-02
9.479999999999999538e-01 -1.305792014611420991e-02
9.486999999999999877e-01 -1.697935146835361604e-03
9.495000000000000107e-01 8.846059944892124480e-03
9.503000000000000336e-01 1.859206300443471196e-02
9.509999999999999565e-01 2.755505762695032584e-02
9.516999999999999904e-01 3.575304583514633122e-02
9.525000000000000133e-01 4.320504135742403440e-02
9.533000000000000362e-01 4.992904232396534747e-02
9.539999999999999591e-01 5.595003750180287810e-02
9.546999999999999931e-01 6.128502873000114121e-02
9.555000000000000160e-01 6.595602482429556435e-02
9.563000000000000389e-01 6.999202402645965382e-02
9.569999999999999618e-01 7.341001986505997501e-02
9.576999999999999957e-01 7.623601392522427744e-02
9.585000000000000187e-01 7.850001061613828823e-02
9.593000000000000416e-01 8.022600853368111462e-02
9.599999999999999645e-01 8.144000513145568942e-02
9.606999999999999984e-01 8.217000169144729471e-02
9.615000000000000213e-01 8.244499907739238909e-02
9.623000000000000442e-01 8.229499615492291698e-02
9.629999999999999671e-01 8.174799436594283597e-02
9.637999999999999901e-01 8.083199122731958564e-02
9.645000000000000240e-01 7.958399044178510184e-02
9.653000000000000469e-01 7.802998716433139081e-02
9.659999999999999698e-01 7.620398726801490275e-02
9.667999999999999927e-01 7.413398398704650061e-02
9.675000000000000266e-01 7.185598491844084890e-02
9.683000000000000496e-01 6.940398175170003903e-02
9.689999999999999725e-01 6.680798335615863170e-02
9.697999999999999954e-01 6.410198042314507738e-02
9.705000000000000293e-01 6.131698012791064051e-02
9.711999999999999522e-01 5.848998255656535222e-02
9.719999999999999751e-01 5.565398268573042151e-02
9.727999999999999980e-01 5.283898064808559975e-02
9.735000000000000320e-01 5.008598125964264930e-02
9.741999999999999549e-01 4.741998438947914868e-02
9.749999999999999778e-01 4.488198533053891492e-02
9.758000000000000007e-01 4.249698459860354327e-02
9.765000000000000346e-01 4.030598615912842075e-02
9.771999999999999575e-01 3.833698946997175089e-02
9.779999999999999805e-01 3.662499125367980196e-02
9.788000000000000034e-01 3.520299225361072509e-02
9.795000000000000373e-01 3.410099472092709139e-02
9.801999999999999602e-01 3.334999775498813379e-02
9.809999999999999831e-01 3.298500029523443455e-02
9.818000000000000060e-01 3.303300345846054559e-02
9.825000000000000400e-01 3.352500680445082842e-02
9.831999999999999629e-01 3.449300902310248329e-02
9.839999999999999858e-01 3.596001230758558848e-02
9.848000000000000087e-01 3.796101798118308585e-02
9.855000000000000426e-01 4.051902209337703009e-02
9.861999999999999655e-01 4.366202309594396924e-02
9.869999999999999885e-01 4.741702700780026092e-02
9.878000000000000114e-01 5.180803551248512606e-02
9.885000000000000453e-01 5.686004029950064015e-02
9.891999999999999682e-01 6.259303961062027966e-02
9.899999999999999911e-01 6.903304408834257111e-02
9.908000000000000140e-01 7.620105562357379347e-02
9.915000000000000480e-01 8.411406104323451705e-02
9.921999999999999709e-01 9.279805820423910057e-02
9.929999999999999938e-01 1.022610631555666283e-01
9.938000000000000167e-01 1.125290779067443930e-01
9.945000000000000506e-01 1.236120837341098122e-01
9.951999999999999735e-01 1.355240785139080750e-01
9.959999999999999964e-01 1.482890837358671610e-01
9.968000000000000194e-01 1.619031018207337524e-01
9.975000000000000533e-01 1.763881079644218086e-01
9.981999999999999762e-01 1.917470999245554641e-01
9.989999999999999991e-01 2.079931054109954158e-01
9.998000000000000220e-01 2.251311267610142941e-01
1.000499999999999945e+00 2.431641164699853419e-01
1.001300000000000079e+00 2.621001394209481195e-01
1.002000000000000002e+00 2.819341275658796553e-01
1.002799999999999914e+00 3.026741521371170696e-01
1.003500000000000059e+00 3.243171386433217340e-01
1.004299999999999971e+00 3.468581647900215170e-01
1.004999999999999893e+00 3.703011710532091993e-01
1.005700000000000038e+00 3.946351550903401395e-01
1.006499999999999950e+00 4.198501605029714701e-01
1.007300000000000084e+00 4.459451895405084909e-01
1.008000000000000007e+00 4.729091711129591036e-01
1.008799999999999919e+00 5.007292014834443528e-01
1.009500000000000064e+00 5.293921813908079033e-01
1.010299999999999976e+00 5.588832130186756064e-01
1.010999999999999899e+00 5.891872186421887037e-01
1.011700000000000044e+00 6.202911960787211854e-01
1.012499999999999956e+00 6.521702007163621140e-01
1.013300000000000090e+00 6.848032345848483748e-01
1.014000000000000012e+00 7.181752096164502053e-01
1.014799999999999924e+00 7.522552444049079856e-01
1.015500000000000069e+00 7.870242179076172295e-01
1.016299999999999981e+00 8.224522534939110452e-01
1.016999999999999904e+00 8.585142577115458806e-01
1.017700000000000049e+00 8.951762290404158273e-01
1.018499999999999961e+00 9.324142323433510793e-01
1.019300000000000095e+00 9.701892691061891894e-01
1.020000000000000018e+00 1.008472238364903628e+00
1.020799999999999930e+00 1.047226275524023587e+00
1.021500000000000075e+00 1.086422243500752449e+00
1.022299999999999986e+00 1.126011280810125914e+00
1.022999999999999909e+00 1.165959283087648624e+00
1.023700000000000054e+00 1.206231249405441242e+00
1.024499999999999966e+00 1.246780250857010497e+00
1.025300000000000100e+00 1.287565288043369671e+00
1.026000000000000023e+00 1.328542252991309347e+00
1.026799999999999935e+00 1.369674289863981986e+00
1.027500000000000080e+00 1.410910253956972227e+00
1.028299999999999992e+00 1.452199290313862967e+00
1.028999999999999915e+00 1.493499290074863595e+00
1.029700000000000060e+00 1.534765253268091767e+00
1.030499999999999972e+00 1.575942252419292755e+00
1.031300000000000106e+00 1.616981287178754334e+00
1.032000000000000028e+00 1.657835249811388634e+00
1.032799999999999940e+00 1.698450283432088925e+00
1.033500000000000085e+00 1.738771281056154638e+00
1.034200000000000008e+00 1.778754243482300268e+00
1.034999999999999920e+00 1.818340275102260151e+00
1.035700000000000065e+00 1.857476237614515968e+00
1.036499999999999977e+00 1.896108234188566222e+00
1.037300000000000111e+00 1.934183263328029589e+00
1.038000000000000034e+00 1.971644226321798810e+00
1.038799999999999946e+00 2.008440253578263501e+00
1.039500000000000091e+00 2.044514248109397414e+00
1.040200000000000014e+00 2.079810211953723176e+00
1.040999999999999925e+00 2.114270206522639306e+00
1.041800000000000059e+00 2.147847229369039823e+00
1.042499999999999982e+00 2.180477194553343434e+00
1.043299999999999894e+00 2.212108214972846376e+00
1.044000000000000039e+00 2.242690181280095008e+00
1.044799999999999951e+00 2.272163198973951470e+00
1.045500000000000096e+00 2.300469190447300250e+00
1.046200000000000019e+00 2.327562158817674920e+00
1.046999999999999931e+00 2.353383150667974100e+00
1.047800000000000065e+00 2.377879162533587110e+00
1.048499999999999988e+00 2.401001133464417681e+00
1.049299999999999899e+00 2.422700142092116593e+00
1.050000000000000044e+00 2.442914114907702938e+00
1.050799999999999956e+00 2.461596120244768482e+00
1.051500000000000101e+00 2.478702108765772572e+00
1.052200000000000024e+00 2.494175084873749615e+00
1.052999999999999936e+00 2.507974074269912812e+00
1.053800000000000070e+00 2.520049072444907612e+00
1.054499999999999993e+00 2.530355052213440370e+00
1.055299999999999905e+00 2.538844046590805981e+00
1.056000000000000050e+00 2.545472029099044242e+00
1.056799999999999962e+00 2.550203019576855024e+00
1.057500000000000107e+00 2.552988005623513246e+00
1.058200000000000029e+00 2.553787992520727634e+00
1.058999999999999941e+00 2.552571979819496129e+00
1.059800000000000075e+00 2.549290962202962696e+00
1.060499999999999998e+00 2.543913953838865538e+00
1.061299999999999910e+00 2.536408932039844188e+00
1.062000000000000055e+00 2.526740927034039075e+00
1.062799999999999967e+00 2.514877901005081462e+00
1.063499999999999890e+00 2.500794885153803992e+00
1.064200000000000035e+00 2.484456885479791932e+00
1.064999999999999947e+00 2.465837871351594490e+00
1.065800000000000081e+00 2.444921836587739428e+00
1.066500000000000004e+00 2.421674842596990285e+00
1.067299999999999915e+00 2.396083803451188654e+00
1.068000000000000060e+00 2.368122813368781276e+00
1.068799999999999972e+00 2.337779769857727175e+00
1.069499999999999895e+00 2.305039752874717518e+00
1.070200000000000040e+00 2.269883768892942744e+00
1.070999999999999952e+00 2.232309753897494087e+00
1.071800000000000086e+00 2.192297701581249036e+00
1.072500000000000009e+00 2.149844723795882651e+00
1.073299999999999921e+00 2.104938667158319454e+00
1.074000000000000066e+00 2.057588693681970504e+00
1.074799999999999978e+00 2.007786632658066672e+00
1.075499999999999901e+00 1.955528615450116581e+00
1.076200000000000045e+00 1.900822648461895525e+00
1.076999999999999957e+00 1.843668633460295858e+00
1.077800000000000091e+00 1.784075564009030668e+00
1.078500000000000014e+00 1.722051603623165450e+00
1.079299999999999926e+00 1.657607530057070289e+00
1.080000000000000071e+00 1.590753574087420574e+00
1.080799999999999983e+00 1.521507496533903048e+00
1.081499999999999906e+00 1.449884479930480641e+00
1.082200000000000051e+00 1.375899530564943740e+00
1.082999999999999963e+00 1.299577516319882164e+00
1.083800000000000097e+00 1.220939431090269478e+00
1.084500000000000020e+00 1.140006488278761498e+00
1.085299999999999931e+00 1.056809399450979070e+00
1.086000000000000076e+00 9.713754609142196683e-01
1.086799999999999988e+00 8.837293685989803249e-01
1.087499999999999911e+00 7.939063535349947243e-01
1.088200000000000056e+00 7.019404213712573393e-01
1.088999999999999968e+00 6.078654086085185648e-01
1.089800000000000102e+00 5.117153098192097627e-01
1.090500000000000025e+00 4.135303838395794629e-01
1.091299999999999937e+00 3.133532820671727781e-01
1.092000000000000082e+00 2.112203600609058596e-01
1.092799999999999994e+00 1.071772555241910091e-01
1.093499999999999917e+00 1.268242723669357232e-03
1.094200000000000061e+00 -1.064616735097098921e-01
1.094999999999999973e+00 -2.159626841996567792e-01
1.095800000000000107e+00 -3.272017936182839426e-01
1.096500000000000030e+00 -4.401017044601200356e-01
1.097299999999999942e+00 -5.546348162107477275e-01
1.098000000000000087e+00 -6.707488268813638355e-01
1.098700000000000010e+00 -7.883807325073914907e-01
1.099499999999999922e+00 -9.074737412844652296e-01
1.100300000000000056e+00 -1.027993856714100707e+00
1.100999999999999979e+00 -1.149869757663825931e+00
1.101799999999999891e+00 -1.273052874639048815e+00
1.102500000000000036e+00 -1.397478772665425639e+00
1.103299999999999947e+00 -1.523100890989412814e+00
1.104000000000000092e+00 -1.649852898609273311e+00
1.104700000000000015e+00 -1.777688792550695007e+00
1.105499999999999927e+00 -1.906543798467685402e+00
1.106300000000000061e+00 -2.036360918797685216e+00
1.106999999999999984e+00 -2.167068809274495855e+00
1.107799999999999896e+00 -2.298642930290740072e+00
1.108500000000000041e+00 -2.430985818605134519e+00
1.109299999999999953e+00 -2.564076940131887916e+00
1.110000000000000098e+00 -2.697819944602581010e+00
1.110700000000000021e+00 -2.832198829928604944e+00
1.111499999999999932e+00 -2.967130833040867888e+00
1.112300000000000066e+00 -3.102568954999050721e+00
1.112999999999999989e+00 -3.238426838250525908e+00
1.113799999999999901e+00 -3.374711960235947217e+00
1.114500000000000046e+00 -3.511314842082422505e+00
1.115299999999999958e+00 -3.648222963820936915e+00
1.116000000000000103e+00 -3.785335965311167783e+00
1.116700000000000026e+00 -3.922660845496070969e+00
1.117499999999999938e+00 -4.060123845858963243e+00
1.118300000000000072e+00 -4.197645967012280543e+00
1.118999999999999995e+00 -4.335212846166498935e+00
1.119799999999999907e+00 -4.472784966625663827e+00
1.120500000000000052e+00 -4.610296845446865355e+00
1.121299999999999963e+00 -4.747751965037021904e+00
1.122000000000000108e+00 -4.885037963757671520e+00
1.122700000000000031e+00 -5.022141842076272233e+00
1.123499999999999943e+00 -5.159048840895334109e+00
1.124300000000000077e+00 -5.295763958745716593e+00
1.125000000000000000e+00 -5.432154836842011392e+00
1.125799999999999912e+00 -5.568210954408581159e+00
1.126500000000000057e+00 -5.703984832985511844e+00
1.127299999999999969e+00 -5.839413949052185693e+00
1.127999999999999892e+00 -5.974425946500516282e+00
1.128700000000000037e+00 -6.109074825241758155e+00
1.129499999999999948e+00 -6.243244822978294195e+00
1.130300000000000082e+00 -6.377046937109249747e+00
1.131000000000000005e+00 -6.510359817387292303e+00
1.131799999999999917e+00 -6.643252930684385937e+00
1.132500000000000062e+00 -6.775651811870098129e+00
1.133299999999999974e+00 -6.907647924533668160e+00
1.133999999999999897e+00 -7.039171920843237729e+00
1.134700000000000042e+00 -7.170170803437464713e+00
1.135499999999999954e+00 -7.300795800386708834e+00
1.136300000000000088e+00 -7.430924911859675852e+00
1.137000000000000011e+00 -7.560645795127845403e+00
1.137799999999999923e+00 -7.689919906165868291e+00
1.138500000000000068e+00 -7.818830790477903747e+00
1.139299999999999979e+00 -7.947348900746208145e+00
1.139999999999999902e+00 -8.075488899024007239e+00
1.140700000000000047e+00 -8.203383784819243019e+00
1.141499999999999959e+00 -8.330981783263110785e+00
1.142300000000000093e+00 -8.458326893758993492e+00
1.143000000000000016e+00 -8.585472781030400569e+00
1.143799999999999928e+00 -8.712454891973527182e+00
1.144500000000000073e+00 -8.839346780132396830e+00
1.145299999999999985e+00 -8.966182891080794803e+00
1.145999999999999908e+00 -9.092947892254704456e+00
1.146700000000000053e+00 -9.219879781091909976e+00
1.147499999999999964e+00 -9.346871782402011775e+00
1.148300000000000098e+00 -9.474076895642870255e+00
1.149000000000000021e+00 -9.601490785957125240e+00
1.149799999999999933e+00 -9.729273901385882439e+00
1.150500000000000078e+00 -9.857504791486620732e+00
1.151299999999999990e+00 -9.986186909019801661e+00
1.151999999999999913e+00 -1.011550391341317123e+01
1.152700000000000058e+00 -1.024544580423705753e+01
1.153499999999999970e+00 -1.037620080936675748e+01
1.154300000000000104e+00 -1.050778993219570623e+01
1.155000000000000027e+00 -1.064040382203108237e+01
1.155799999999999939e+00 -1.077405194749166029e+01
1.156500000000000083e+00 -1.090884195712895632e+01
1.157200000000000006e+00 -1.104500284592662140e+01
1.157999999999999918e+00 -1.118253597806951305e+01
1.158700000000000063e+00 -1.132167586510455948e+01
1.159499999999999975e+00 -1.146232687654489091e+01
1.160300000000000109e+00 -1.160483801584546271e+01
1.161000000000000032e+00 -1.174935190051423817e+01
1.161799999999999944e+00 -1.189576004509475915e+01
1.162500000000000089e+00 -1.204443506131156560e+01
1.163200000000000012e+00 -1.219541694363691775e+01
1.163999999999999924e+00 -1.234883596024385533e+01
1.164800000000000058e+00 -1.250495511585261355e+01
1.165499999999999980e+00 -1.266369599482933950e+01
1.166299999999999892e+00 -1.282543815838043244e+01
1.167000000000000037e+00 -1.299022903330822842e+01
1.167799999999999949e+00 -1.315822720457056150e+01
1.168500000000000094e+00 -1.332958923029110387e+01
1.169200000000000017e+00 -1.350461009832131154e+01
1.169999999999999929e+00 -1.368317812291803115e+01
1.170800000000000063e+00 -1.386574531169848434e+01
1.171499999999999986e+00 -1.405234717350153062e+01
1.172299999999999898e+00 -1.424313837201066413e+01
1.173000000000000043e+00 -1.443832022839668383e+01
1.173799999999999955e+00 -1.463803643723638537e+01
1.174500000000000099e+00 -1.484249747265748987e+01
1.175200000000000022e+00 -1.505199731899060112e+01
1.175999999999999934e+00 -1.526644235232748947e+01
1.176800000000000068e+00 -1.548630758393978368e+01
1.177499999999999991e+00 -1.571163842057584858e+01
1.178299999999999903e+00 -1.594259966439819642e+01
1.179000000000000048e+00 -1.617937649341879691e+01
1.179799999999999960e+00 -1.642218075020597823e+01
1.180500000000000105e+00 -1.667116479511675919e+01
1.181200000000000028e+00 -1.692653761116812916e+01
1.181999999999999940e+00 -1.718848565372494264e+01
1.182800000000000074e+00 -1.745735293886078310e+01
1.183499999999999996e+00 -1.773317473934908151e+01
1.184299999999999908e+00 -1.801596304049172304e+01
1.185000000000000053e+00 -1.830624283170210376e+01
1.185799999999999965e+00 -1.860404614747202601e+01
1.186500000000000110e+00 -1.890954520428357100e+01
1.187200000000000033e+00 -1.922312597728343420e+01
1.187999999999999945e+00 -1.954459802804530355e+01
1.188800000000000079e+00 -1.987432337852812125e+01
1.189500000000000002e+00 -2.021269213429279787e+01
1.190299999999999914e+00 -2.055969149974997734e+01
1.191000000000000059e+00 -2.091530524379402323e+01
1.191799999999999971e+00 -2.128010763039824482e+01
1.192499999999999893e+00 -2.165430769461173455e+01
1.193200000000000038e+00 -2.203764241635855115e+01
1.193999999999999950e+00 -2.243050047743517439e+01
1.194800000000000084e+00 -2.283328889915999582e+01
1.195500000000000007e+00 -2.324572260001282231e+01
1.196299999999999919e+00 -2.366844004317816541e+01
1.197000000000000064e+00 -2.410136172659458609e+01
1.197799999999999976e+00 -2.454465919196929136e+01
1.198499999999999899e+00 -2.499874826541237027e+01
1.199200000000000044e+00 -2.546328492352825634e+01
1.199999999999999956e+00 -2.593859999325894350e+01
