0.000000000000000000e+00 -7.107658546801920352e+01
8.500000000000000611e-03 -1.026176988798402903e+02
1.689999999999999836e-02 -1.355710000609602446e+02
2.539999999999999897e-02 -1.685843960946228322e+02
3.389999999999999958e-02 -2.006813775747149862e+02
4.229999999999999732e-02 -2.313950110242239191e+02
5.079999999999999793e-02 -2.607519819871898790e+02
5.929999999999999855e-02 -2.891286551831630049e+02
6.769999999999999629e-02 -3.170146143067371440e+02
7.620000000000000384e-02 -3.447701626954502672e+02
8.459999999999999465e-02 -3.724272426104664078e+02
9.310000000000000220e-02 -3.996083371442425687e+02
1.015999999999999959e-01 -4.255676880413042227e+02
1.100000000000000006e-01 -4.493484037691322328e+02
1.184999999999999942e-01 -4.700067702354273820e+02
1.270000000000000018e-01 -4.868294211348030558e+02
1.353999999999999926e-01 -4.994979743465904107e+02
1.439000000000000001e-01 -5.081395064018137759e+02
1.524000000000000077e-01 -5.132676368822969835e+02
1.607999999999999985e-01 -5.156245316239032945e+02
1.693000000000000060e-01 -5.159768064540987780e+02
1.778000000000000136e-01 -5.149232540622876968e+02
1.862000000000000044e-01 -5.127713877184027069e+02
1.947000000000000119e-01 -5.095031984790807087e+02
2.031999999999999917e-01 -5.048500744810583569e+02
2.116000000000000103e-01 -4.984332391926726586e+02
2.200999999999999901e-01 -4.899329812405215989e+02
2.285000000000000087e-01 -4.792336324098318414e+02
2.369999999999999885e-01 -4.664961925071760902e+02
2.454999999999999960e-01 -4.521423023692688616e+02
2.539000000000000146e-01 -4.367537058525120983e+02
2.624000000000000221e-01 -4.209220025616619978e+02
2.708999999999999742e-01 -4.050848506687474355e+02
2.792999999999999927e-01 -3.894062045316474610e+02
2.878000000000000003e-01 -3.737278798309425838e+02
2.963000000000000078e-01 -3.576059398606413993e+02
3.047000000000000264e-01 -3.404254112380392598e+02
3.131999999999999784e-01 -3.215570725133479755e+02
3.216999999999999860e-01 -3.005143840889154490e+02
3.301000000000000045e-01 -2.770765945480198411e+02
3.386000000000000121e-01 -2.513404643254964128e+02
3.471000000000000196e-01 -2.236997835977934983e+02
3.554999999999999827e-01 -1.947571669402230157e+02
3.639999999999999902e-01 -1.651953720749639842e+02
3.724000000000000088e-01 -1.356466518788953692e+02
3.809000000000000163e-01 -1.065813770438400780e+02
3.894000000000000239e-01 -7.825000189682410223e+01
3.977999999999999869e-01 -5.067648436761290753e+01
4.062999999999999945e-01 -2.370390028462678345e+01
4.148000000000000020e-01 2.924862245619758827e+00
4.232000000000000206e-01 2.947368514065768608e+01
4.316999999999999726e-01 5.612715975414602099e+01
4.401999999999999802e-01 8.292224416986141478e+01
4.485999999999999988e-01 1.097147177858803957e+02
4.571000000000000063e-01 1.361722551895884408e+02
4.656000000000000139e-01 1.618020109436861560e+02
4.739999999999999769e-01 1.859958784280877637e+02
4.824999999999999845e-01 2.080999095900530733e+02
4.909000000000000030e-01 2.274896245911432118e+02
4.994000000000000106e-01 2.436508948573872431e+02
5.079000000000000181e-01 2.562467076257544250e+02
5.162999999999999812e-01 2.651719546124225531e+02
5.248000000000000442e-01 2.705710747255079127e+02
5.332999999999999963e-01 2.728177172856588868e+02
5.416999999999999593e-01 2.724585710870136381e+02
5.502000000000000224e-01 2.701172055823422511e+02
5.586999999999999744e-01 2.663906409071581720e+02
5.671000000000000485e-01 2.617468539788222870e+02
5.756000000000000005e-01 2.564544002791072330e+02
5.840999999999999526e-01 2.505690168640685158e+02
5.925000000000000266e-01 2.439658614440173210e+02
6.009999999999999787e-01 2.364282658477909820e+02
6.095000000000000417e-01 2.277590420444329880e+02
6.179000000000000048e-01 2.178855269112132760e+02
6.263999999999999568e-01 2.069278750873542947e+02
6.348000000000000309e-01 1.952082664110882888e+02
6.432999999999999829e-01 1.831909860217569985e+02
6.518000000000000460e-01 1.713747032124140333e+02
6.602000000000000091e-01 1.601602995145765931e+02
6.686999999999999611e-01 1.497413419278897777e+02
6.772000000000000242e-01 1.400497027943809485e+02
6.855999999999999872e-01 1.307766959625067784e+02
6.941000000000000503e-01 1.214789406130365279e+02
7.026000000000000023e-01 1.117290950413383683e+02
7.109999999999999654e-01 1.012785698306256847e+02
7.195000000000000284e-01 9.017854091886964341e+01
7.279999999999999805e-01 7.881302514934553471e+01
7.364000000000000545e-01 6.782854553223600647e+01
7.449000000000000066e-01 5.796324479153397391e+01
7.533999999999999586e-01 4.982232091388713968e+01
7.618000000000000327e-01 4.364975866549922756e+01
7.702999999999999847e-01 3.916913720646525121e+01
7.786999999999999478e-01 3.553972794145786906e+01
7.872000000000000108e-01 3.145269576916134824e+01
7.956999999999999629e-01 2.535360387761143031e+01
8.041000000000000369e-01 1.574332609047694476e+01
8.125999999999999890e-01 1.484118353592858153e+00
8.211000000000000520e-01 -1.796220360029008134e+01
8.295000000000000151e-01 -4.242538607387279370e+01
8.379999999999999671e-01 -7.107658546801903299e+01
