0.000000000000000000e+00 -2.544850442874123075e+01
5.000000000000000104e-04 -2.545866671363589973e+01
1.000000000000000021e-03 -2.546946411190736015e+01
1.500000000000000031e-03 -2.548090480591358187e+01
2.000000000000000042e-03 -2.549306691683916171e+01
2.500000000000000052e-03 -2.550591408835703788e+01
3.000000000000000062e-03 -2.551939128446048244e+01
3.500000000000000073e-03 -2.553368082521599902e+01
3.899999999999999821e-03 -2.554854046191602635e+01
4.400000000000000265e-03 -2.556419995736759532e+01
4.899999999999999842e-03 -2.558050952599478123e+01
5.400000000000000286e-03 -2.559759400944410501e+01
5.899999999999999863e-03 -2.561538750909011242e+01
6.400000000000000307e-03 -2.563389186716039703e+01
6.899999999999999883e-03 -2.565315911185389552e+01
7.400000000000000328e-03 -2.567318240513744598e+01
7.900000000000000772e-03 -2.569396432589724810e+01
8.399999999999999481e-03 -2.571548237623053268e+01
8.899999999999999925e-03 -2.573774172171749797e+01
9.400000000000000369e-03 -2.576058491840201725e+01
9.900000000000000813e-03 -2.578442430886567394e+01
1.039999999999999952e-02 -2.580913206252075298e+01
1.080000000000000057e-02 -2.583442896383287390e+01
1.129999999999999928e-02 -2.586037535907204798e+01
1.179999999999999973e-02 -2.588739074953570451e+01
1.230000000000000017e-02 -2.591516794925250977e+01
1.280000000000000061e-02 -2.594352173321211197e+01
1.329999999999999932e-02 -2.597296425266816655e+01
1.379999999999999977e-02 -2.600294176128413071e+01
1.430000000000000021e-02 -2.603399281942521881e+01
1.480000000000000066e-02 -2.606567179355059594e+01
1.529999999999999936e-02 -2.609839143057788036e+01
1.580000000000000154e-02 -2.613171463565128150e+01
1.629999999999999852e-02 -2.616615319169514819e+01
1.679999999999999896e-02 -2.620119042916191177e+01
1.729999999999999941e-02 -2.623734521195936154e+01
1.779999999999999985e-02 -2.627426611547049973e+01
1.820000000000000090e-02 -2.631201326881138769e+01
1.870000000000000134e-02 -2.635056967966616881e+01
1.919999999999999832e-02 -2.638995647143357814e+01
1.969999999999999876e-02 -2.643032027158985997e+01
2.019999999999999921e-02 -2.647177694939939840e+01
2.069999999999999965e-02 -2.651395742923535792e+01
2.120000000000000009e-02 -2.655703205484147844e+01
2.170000000000000054e-02 -2.660101094378899234e+01
2.220000000000000098e-02 -2.664597428263030210e+01
2.270000000000000143e-02 -2.669212394424316059e+01
2.319999999999999840e-02 -2.673899721771665838e+01
2.369999999999999885e-02 -2.678681444679454771e+01
2.419999999999999929e-02 -2.683563349770890483e+01
2.469999999999999973e-02 -2.688564981340060100e+01
2.510000000000000078e-02 -2.693627566432435572e+01
2.560000000000000123e-02 -2.698807318913700826e+01
2.610000000000000167e-02 -2.704095159637842016e+01
2.659999999999999865e-02 -2.709484429935460170e+01
2.709999999999999909e-02 -2.714982938685676572e+01
2.759999999999999953e-02 -2.720586485830384404e+01
2.809999999999999998e-02 -2.726268016113843018e+01
2.860000000000000042e-02 -2.732086890070241836e+01
2.910000000000000087e-02 -2.738021384662886248e+01
2.960000000000000131e-02 -2.744066727845584452e+01
3.009999999999999828e-02 -2.750225514701223162e+01
3.059999999999999873e-02 -2.756476870899376763e+01
3.109999999999999917e-02 -2.762867316540631180e+01
3.160000000000000309e-02 -2.769383916411725366e+01
3.209999999999999659e-02 -2.776044782952707735e+01
3.250000000000000111e-02 -2.782751376920533914e+01
3.300000000000000155e-02 -2.789636143617478581e+01
3.350000000000000200e-02 -2.796648115115320721e+01
3.400000000000000244e-02 -2.803764204965175111e+01
3.450000000000000289e-02 -2.811039284561359608e+01
3.500000000000000333e-02 -2.818419110463364419e+01
3.549999999999999684e-02 -2.825966249987281742e+01
3.599999999999999728e-02 -2.833621852013703091e+01
3.649999999999999772e-02 -2.841449477380048094e+01
3.699999999999999817e-02 -2.849390810180170774e+01
3.749999999999999861e-02 -2.857506178077339598e+01
3.799999999999999906e-02 -2.865744001578894995e+01
3.849999999999999950e-02 -2.874161468275839937e+01
3.899999999999999994e-02 -2.882742759262626464e+01
3.939999999999999752e-02 -2.891435241077430973e+01
3.989999999999999797e-02 -2.900294184795788155e+01
4.039999999999999841e-02 -2.909322845969162330e+01
4.089999999999999886e-02 -2.918539796108085937e+01
4.139999999999999930e-02 -2.927902364540913993e+01
4.189999999999999974e-02 -2.937442332612405949e+01
4.240000000000000019e-02 -2.947177267393533029e+01
4.290000000000000063e-02 -2.957069097373762290e+01
4.340000000000000108e-02 -2.967142387759276190e+01
4.390000000000000152e-02 -2.977430280848467348e+01
4.440000000000000197e-02 -2.987878857018301559e+01
4.490000000000000241e-02 -2.998523460303055188e+01
4.540000000000000285e-02 -3.009360384340269690e+01
4.590000000000000330e-02 -3.020432413901055213e+01
4.639999999999999680e-02 -3.031726027194681095e+01
4.680000000000000132e-02 -3.043133672777504728e+01
4.730000000000000177e-02 -3.054798440907104151e+01
4.780000000000000221e-02 -3.066683504177697728e+01
4.830000000000000265e-02 -3.078789076024185789e+01
4.880000000000000310e-02 -3.091145283387164611e+01
4.929999999999999660e-02 -3.103706158834325990e+01
4.979999999999999705e-02 -3.116500152097840015e+01
5.029999999999999749e-02 -3.129528447400466717e+01
5.079999999999999793e-02 -3.142797388473254117e+01
5.129999999999999838e-02 -3.156315844123057346e+01
5.179999999999999882e-02 -3.170084753221919627e+01
5.229999999999999927e-02 -3.184107444923872876e+01
5.279999999999999971e-02 -3.198389062959965656e+01
5.330000000000000016e-02 -3.212937245363351479e+01
5.380000000000000060e-02 -3.227811131002889056e+01
5.419999999999999818e-02 -3.242840662057624002e+01
5.469999999999999862e-02 -3.258210127483545193e+01
5.519999999999999907e-02 -3.273855621702163177e+01
5.569999999999999951e-02 -3.289796986347303687e+01
5.619999999999999996e-02 -3.306026532395311790e+01
5.670000000000000040e-02 -3.322555362666079048e+01
5.720000000000000084e-02 -3.339388560543477524e+01
5.770000000000000129e-02 -3.356524375456448439e+01
5.820000000000000173e-02 -3.373976004946435125e+01
5.870000000000000218e-02 -3.391744421898518880e+01
5.920000000000000262e-02 -3.409834457809071750e+01
5.970000000000000306e-02 -3.428218067979252481e+01
6.019999999999999657e-02 -3.446966103586576935e+01
6.069999999999999701e-02 -3.466128577770545149e+01
6.110000000000000153e-02 -3.485480589016905384e+01
6.160000000000000198e-02 -3.505255129121898250e+01
6.210000000000000242e-02 -3.525383492624922610e+01
6.260000000000000286e-02 -3.545831947003703277e+01
6.310000000000000331e-02 -3.566678397665594957e+01
6.360000000000000375e-02 -3.587892360084610743e+01
6.410000000000000420e-02 -3.609480560956225048e+01
6.460000000000000464e-02 -3.631438970287517520e+01
6.510000000000000508e-02 -3.653750990711368019e+01
6.560000000000000553e-02 -3.676483630093688504e+01
6.610000000000000597e-02 -3.699607794190480092e+01
6.660000000000000642e-02 -3.723130483304971250e+01
6.710000000000000686e-02 -3.747018017944500912e+01
6.759999999999999343e-02 -3.771345654145591908e+01
6.809999999999999387e-02 -3.796191052105452712e+01
6.850000000000000533e-02 -3.821248730509783798e+01
6.900000000000000577e-02 -3.846788128374491578e+01
6.950000000000000622e-02 -3.872795926542428191e+01
7.000000000000000666e-02 -3.899229261904631016e+01
7.049999999999999323e-02 -3.926067208359392424e+01
7.099999999999999367e-02 -3.953376214987007842e+01
7.149999999999999412e-02 -3.981094363900324851e+01
7.199999999999999456e-02 -4.009296591280401145e+01
7.249999999999999500e-02 -4.037950748956626512e+01
7.299999999999999545e-02 -4.067029458217120208e+01
7.349999999999999589e-02 -4.096602301432544380e+01
7.399999999999999634e-02 -4.126646359528213992e+01
7.449999999999999678e-02 -4.157121370047039477e+01
7.499999999999999722e-02 -4.188235417481421052e+01
7.539999999999999480e-02 -4.219531354077439289e+01
7.589999999999999525e-02 -4.251474426388787720e+01
7.639999999999999569e-02 -4.283867865700310773e+01
7.689999999999999614e-02 -4.316793328293648102e+01
7.739999999999999658e-02 -4.350168570844507343e+01
7.789999999999999702e-02 -4.384076303922476825e+01
7.839999999999999747e-02 -4.418450384145153720e+01
7.889999999999999791e-02 -4.453365304265776103e+01
7.939999999999999836e-02 -4.488745991806015212e+01
7.989999999999999880e-02 -4.524680150798679534e+01
8.039999999999999925e-02 -4.561082595446759314e+01
8.089999999999999969e-02 -4.598048099790140242e+01
8.140000000000000013e-02 -4.635484702746283148e+01
8.190000000000000058e-02 -4.673488057718830646e+01
8.240000000000000102e-02 -4.712129819679626763e+01
8.279999999999999860e-02 -4.751025611627404288e+01
8.329999999999999905e-02 -4.790568398806307471e+01
8.379999999999999949e-02 -4.830683163916309297e+01
8.429999999999999993e-02 -4.871284348578547707e+01
8.480000000000000038e-02 -4.912422517160317170e+01
8.530000000000000082e-02 -4.954143823181474460e+01
8.580000000000000127e-02 -4.996360844792858558e+01
8.630000000000000171e-02 -5.039158244754786864e+01
8.680000000000000215e-02 -5.082457257487047997e+01
8.730000000000000260e-02 -5.126348116537820232e+01
8.780000000000000304e-02 -5.170731324714305543e+01
8.830000000000000349e-02 -5.215665182377839670e+01
8.880000000000000393e-02 -5.261187703395457049e+01
8.930000000000000437e-02 -5.307400923973216322e+01
8.970000000000000195e-02 -5.353785918244974340e+01
9.020000000000000240e-02 -5.400958909269671437e+01
9.070000000000000284e-02 -5.448621199384682257e+01
9.120000000000000329e-02 -5.496898227661753822e+01
9.170000000000000373e-02 -5.545665729359564722e+01
9.220000000000000417e-02 -5.594983729973367304e+01
9.270000000000000462e-02 -5.644904969588117893e+01
9.320000000000000506e-02 -5.695317389102282135e+01
9.370000000000000551e-02 -5.746281333027688021e+01
9.420000000000000595e-02 -5.797845090458792328e+01
9.470000000000000639e-02 -5.849901019271523950e+01
9.520000000000000684e-02 -5.902502995590297985e+01
9.569999999999999341e-02 -5.955706610490578612e+01
9.619999999999999385e-02 -6.009393731204967537e+01
9.669999999999999429e-02 -6.063848281855787548e+01
9.710000000000000575e-02 -6.118454302568557779e+01
9.760000000000000620e-02 -6.173764470614667488e+01
9.810000000000000664e-02 -6.229604811300736600e+01
9.859999999999999321e-02 -6.286044414024449623e+01
9.909999999999999365e-02 -6.342955360350304517e+01
9.959999999999999409e-02 -6.400453934758873231e+01
1.000999999999999945e-01 -6.458432860635497264e+01
1.005999999999999950e-01 -6.516914940974388060e+01
1.010999999999999954e-01 -6.575986365534572542e+01
1.015999999999999959e-01 -6.635517268793942947e+01
1.020999999999999963e-01 -6.695573816681360313e+01
1.025999999999999968e-01 -6.756193208009285911e+01
1.030999999999999972e-01 -6.817257639164358807e+01
1.035999999999999976e-01 -6.879082953174932413e+01
1.039999999999999952e-01 -6.940977018032523915e+01
1.044999999999999957e-01 -7.003549365500495583e+01
1.049999999999999961e-01 -7.066678032475286386e+01
1.054999999999999966e-01 -7.130225840535557325e+01
1.059999999999999970e-01 -7.194274836535474549e+01
1.064999999999999974e-01 -7.258858557320662896e+01
1.069999999999999979e-01 -7.323846160883262257e+01
1.074999999999999983e-01 -7.389316448784838087e+01
1.079999999999999988e-01 -7.455320590567608008e+01
1.084999999999999992e-01 -7.521706412062776792e+01
1.089999999999999997e-01 -7.588621976101460120e+01
1.095000000000000001e-01 -7.655913302281311417e+01
1.100000000000000006e-01 -7.723663834636609238e+01
1.105000000000000010e-01 -7.791914073121932915e+01
1.110000000000000014e-01 -7.860801246181605961e+01
1.113999999999999990e-01 -7.929649194953059066e+01
1.118999999999999995e-01 -7.999103288436310777e+01
1.123999999999999999e-01 -8.069054297709496382e+01
1.129000000000000004e-01 -8.139334501517218712e+01
1.134000000000000008e-01 -8.210029410300161601e+01
1.139000000000000012e-01 -8.281186642784363983e+01
1.144000000000000017e-01 -8.352727478333579825e+01
1.149000000000000021e-01 -8.424581555923379028e+01
1.154000000000000026e-01 -8.496888527466637697e+01
1.159000000000000030e-01 -8.569490952575171150e+01
1.164000000000000035e-01 -8.642442232565419147e+01
1.169000000000000039e-01 -8.715835210703566815e+01
1.174000000000000044e-01 -8.789571349795349420e+01
1.179000000000000048e-01 -8.863577630508267191e+01
1.184000000000000052e-01 -8.938289628395115471e+01
1.188000000000000028e-01 -9.012632922301055771e+01
1.193000000000000033e-01 -9.087684232961478870e+01
1.198000000000000037e-01 -9.162967045590215776e+01
1.203000000000000042e-01 -9.238624441615515082e+01
1.208000000000000046e-01 -9.314488175299942441e+01
1.213000000000000050e-01 -9.390727478165251796e+01
1.218000000000000055e-01 -9.467154947424278078e+01
1.223000000000000059e-01 -9.543936993775514566e+01
1.228000000000000064e-01 -9.620973674746245763e+01
1.233000000000000068e-01 -9.698184504655677074e+01
1.237999999999999934e-01 -9.775716784961844041e+01
1.242999999999999938e-01 -9.853480675534370903e+01
1.247999999999999943e-01 -9.931370857692635923e+01
1.252999999999999947e-01 -1.000990655295578620e+02
1.257000000000000062e-01 -1.008790424362589704e+02
1.262000000000000066e-01 -1.016651252747463019e+02
1.267000000000000071e-01 -1.024531097647143696e+02
1.272000000000000075e-01 -1.032428387910431695e+02
1.277000000000000079e-01 -1.040334586144959559e+02
1.282000000000000084e-01 -1.048264642460397340e+02
1.287000000000000088e-01 -1.056211554697610353e+02
1.292000000000000093e-01 -1.064163195961753132e+02
1.297000000000000097e-01 -1.072135786560596244e+02
1.302000000000000102e-01 -1.080121952618557088e+02
1.307000000000000106e-01 -1.088118983169645020e+02
1.312000000000000111e-01 -1.096126378352583970e+02
1.317000000000000115e-01 -1.104134371956530032e+02
1.322000000000000119e-01 -1.112159716832967575e+02
1.327000000000000124e-01 -1.120225307771232366e+02
1.330999999999999961e-01 -1.128232428241644953e+02
1.335999999999999965e-01 -1.136278889112124943e+02
1.340999999999999970e-01 -1.144317142386326367e+02
1.345999999999999974e-01 -1.152370221300313631e+02
1.350999999999999979e-01 -1.160426319404466682e+02
1.355999999999999983e-01 -1.168485325151384302e+02
1.360999999999999988e-01 -1.176543454299605713e+02
1.365999999999999992e-01 -1.184600911828158587e+02
1.370999999999999996e-01 -1.192657397707989304e+02
1.376000000000000001e-01 -1.200700987845443990e+02
1.381000000000000005e-01 -1.208751202572805425e+02
1.386000000000000010e-01 -1.216797390377536772e+02
1.391000000000000014e-01 -1.224839662543751615e+02
1.396000000000000019e-01 -1.232905953280826878e+02
1.400000000000000133e-01 -1.240900303924644277e+02
1.405000000000000138e-01 -1.248918695359102884e+02
1.409999999999999865e-01 -1.256927313638113191e+02
1.414999999999999869e-01 -1.264927120045788911e+02
1.419999999999999873e-01 -1.272914355967564006e+02
1.424999999999999878e-01 -1.280889003550951770e+02
1.429999999999999882e-01 -1.288851699706960972e+02
1.434999999999999887e-01 -1.296798118982284791e+02
1.439999999999999891e-01 -1.304729041575023132e+02
1.444999999999999896e-01 -1.312643444125817496e+02
1.449999999999999900e-01 -1.320540711817606336e+02
1.454999999999999905e-01 -1.328420702244130212e+02
1.459999999999999909e-01 -1.336292282570602197e+02
1.464999999999999913e-01 -1.344130732074349055e+02
1.469999999999999918e-01 -1.351979131875022517e+02
1.474000000000000032e-01 -1.359743900428165091e+02
1.479000000000000037e-01 -1.367514868264488541e+02
1.484000000000000041e-01 -1.375260994115265305e+02
1.489000000000000046e-01 -1.382981569402063542e+02
1.494000000000000050e-01 -1.390677917543619344e+02
1.499000000000000055e-01 -1.398358277888792429e+02
1.504000000000000059e-01 -1.405996280290510470e+02
1.509000000000000064e-01 -1.413605415769598608e+02
1.514000000000000068e-01 -1.421185797715738772e+02
1.519000000000000072e-01 -1.428733186415462058e+02
1.524000000000000077e-01 -1.436260946958735758e+02
1.529000000000000081e-01 -1.443744406709607802e+02
1.534000000000000086e-01 -1.451190862501007928e+02
1.539000000000000090e-01 -1.458633810922408998e+02
1.542999999999999927e-01 -1.465993258277513860e+02
1.547999999999999932e-01 -1.473331719204098249e+02
1.552999999999999936e-01 -1.480633975822764796e+02
1.557999999999999940e-01 -1.487909634561160317e+02
1.562999999999999945e-01 -1.495131124306221011e+02
1.567999999999999949e-01 -1.502313260919077038e+02
1.572999999999999954e-01 -1.509466322363153665e+02
1.577999999999999958e-01 -1.516562269547067956e+02
1.582999999999999963e-01 -1.523614449357316403e+02
1.587999999999999967e-01 -1.530637107922123619e+02
1.592999999999999972e-01 -1.537600593720603399e+02
1.597999999999999976e-01 -1.544516536236533000e+02
1.602999999999999980e-01 -1.551400018232966715e+02
1.607999999999999985e-01 -1.558220536537758392e+02
1.612999999999999989e-01 -1.565035505881001825e+02
1.617000000000000104e-01 -1.571729866377595215e+02
1.622000000000000108e-01 -1.578415118488240694e+02
1.627000000000000113e-01 -1.585034066626523668e+02
1.632000000000000117e-01 -1.591601853984026320e+02
1.637000000000000122e-01 -1.598130093335424533e+02
1.642000000000000126e-01 -1.604589615791977621e+02
1.647000000000000131e-01 -1.611008673481763083e+02
1.652000000000000135e-01 -1.617358264474803491e+02
1.656999999999999862e-01 -1.623664817257828190e+02
1.661999999999999866e-01 -1.629898606637011085e+02
1.666999999999999871e-01 -1.636091623175596226e+02
1.671999999999999875e-01 -1.642207795380482764e+02
1.676999999999999880e-01 -1.648280012001687851e+02
1.681999999999999884e-01 -1.654316463889347801e+02
1.685999999999999999e-01 -1.660226470823237435e+02
1.691000000000000003e-01 -1.666116535652454331e+02
1.696000000000000008e-01 -1.671925949711243504e+02
1.701000000000000012e-01 -1.677687796482793772e+02
1.706000000000000016e-01 -1.683384978318529761e+02
1.711000000000000021e-01 -1.689002490223994641e+02
1.716000000000000025e-01 -1.694568956181169028e+02
1.721000000000000030e-01 -1.700052365375141790e+02
1.726000000000000034e-01 -1.705485433718605464e+02
1.731000000000000039e-01 -1.710850808092244790e+02
1.736000000000000043e-01 -1.716131153513225343e+02
1.741000000000000048e-01 -1.721357852984645831e+02
1.746000000000000052e-01 -1.726514480837667236e+02
1.751000000000000056e-01 -1.731585059414095724e+02
1.756000000000000061e-01 -1.736620932473444725e+02
1.759999999999999898e-01 -1.741543603324343223e+02
1.764999999999999902e-01 -1.746414346150581594e+02
1.769999999999999907e-01 -1.751196254355321287e+02
1.774999999999999911e-01 -1.755920349280048640e+02
1.779999999999999916e-01 -1.760569146755570102e+02
1.784999999999999920e-01 -1.765126374558298323e+02
1.789999999999999925e-01 -1.769626932512640280e+02
1.794999999999999929e-01 -1.774049607071490016e+02
1.799999999999999933e-01 -1.778396601222516722e+02
1.804999999999999938e-01 -1.782666365207034858e+02
1.809999999999999942e-01 -1.786840628990914865e+02
1.814999999999999947e-01 -1.790953727917058131e+02
1.819999999999999951e-01 -1.794988925703622726e+02
1.824999999999999956e-01 -1.798959482256848048e+02
1.829000000000000070e-01 -1.802821079172452414e+02
1.834000000000000075e-01 -1.806598580808818895e+02
1.839000000000000079e-01 -1.810314117377726575e+02
1.844000000000000083e-01 -1.813947971157064671e+02
1.849000000000000088e-01 -1.817501746670282898e+02
1.854000000000000092e-01 -1.820972512021533873e+02
1.859000000000000097e-01 -1.824360275351105258e+02
1.864000000000000101e-01 -1.827666112969892538e+02
1.869000000000000106e-01 -1.830888768196579690e+02
1.874000000000000110e-01 -1.834010441602959531e+02
1.879000000000000115e-01 -1.837065363672929550e+02
1.884000000000000119e-01 -1.840036439264225692e+02
1.889000000000000123e-01 -1.842923271454218366e+02
1.894000000000000128e-01 -1.845725624976079189e+02
1.899000000000000132e-01 -1.848452427699440932e+02
1.902999999999999969e-01 -1.851072426518738610e+02
1.907999999999999974e-01 -1.853618244533726909e+02
1.912999999999999978e-01 -1.856077507893620862e+02
1.917999999999999983e-01 -1.858450542711216542e+02
1.922999999999999987e-01 -1.860737427648834341e+02
1.927999999999999992e-01 -1.862937550600906036e+02
1.932999999999999996e-01 -1.865050201693264000e+02
1.938000000000000000e-01 -1.867076457194860666e+02
1.943000000000000005e-01 -1.869014771604634007e+02
1.948000000000000009e-01 -1.870865674028860326e+02
1.953000000000000014e-01 -1.872628447142898835e+02
1.958000000000000018e-01 -1.874303733292362608e+02
1.963000000000000023e-01 -1.875891108146091995e+02
1.968000000000000027e-01 -1.877390485387379329e+02
1.973000000000000032e-01 -1.878806758021911207e+02
1.976999999999999869e-01 -1.880123913923667089e+02
1.981999999999999873e-01 -1.881376988568943602e+02
1.986999999999999877e-01 -1.882522626823976566e+02
1.991999999999999882e-01 -1.883580464023319507e+02
1.996999999999999886e-01 -1.884549228025270224e+02
2.001999999999999891e-01 -1.885429335914425337e+02
2.006999999999999895e-01 -1.886221032063889140e+02
2.011999999999999900e-01 -1.886925101007464889e+02
2.016999999999999904e-01 -1.887558114195039423e+02
2.021999999999999909e-01 -1.888083598400901337e+02
2.026999999999999913e-01 -1.888521053416597510e+02
2.031999999999999917e-01 -1.888870514665111671e+02
2.036999999999999922e-01 -1.889131156603437773e+02
2.041999999999999926e-01 -1.889304360348461955e+02
2.046000000000000041e-01 -1.889406921571913358e+02
2.051000000000000045e-01 -1.889402516143653088e+02
2.056000000000000050e-01 -1.889310727518000874e+02
2.061000000000000054e-01 -1.889132242130415875e+02
2.066000000000000059e-01 -1.888883076577591851e+02
2.071000000000000063e-01 -1.888528297951939123e+02
2.076000000000000068e-01 -1.888086539446308905e+02
2.081000000000000072e-01 -1.887557511755055089e+02
2.086000000000000076e-01 -1.886959512440859896e+02
2.091000000000000081e-01 -1.886257494948974909e+02
2.096000000000000085e-01 -1.885468890215068427e+02
2.101000000000000090e-01 -1.884612083084520009e+02
2.106000000000000094e-01 -1.883650209767639865e+02
2.111000000000000099e-01 -1.882603825033733074e+02
2.116000000000000103e-01 -1.881484356100995967e+02
2.119999999999999940e-01 -1.880272148113441801e+02
2.124999999999999944e-01 -1.878970078484396140e+02
2.129999999999999949e-01 -1.877601378162266030e+02
2.134999999999999953e-01 -1.876130768251231302e+02
2.139999999999999958e-01 -1.874594118900902231e+02
2.144999999999999962e-01 -1.872955350934738590e+02
2.149999999999999967e-01 -1.871234866692543335e+02
2.154999999999999971e-01 -1.869448715848379265e+02
2.159999999999999976e-01 -1.867562475091376371e+02
2.164999999999999980e-01 -1.865612010443896907e+02
2.169999999999999984e-01 -1.863562449242938044e+02
2.174999999999999989e-01 -1.861449257876739694e+02
2.179999999999999993e-01 -1.859237803238343361e+02
2.184999999999999998e-01 -1.856954729303303111e+02
2.189000000000000112e-01 -1.854592459219295506e+02
2.194000000000000117e-01 -1.852159473119924940e+02
2.199000000000000121e-01 -1.849629769009373490e+02
2.204000000000000126e-01 -1.847038755669250349e+02
2.209000000000000130e-01 -1.844353630628842211e+02
2.214000000000000135e-01 -1.841607754415259990e+02
2.218999999999999861e-01 -1.838768208768929071e+02
2.223999999999999866e-01 -1.835868787862849842e+02
2.228999999999999870e-01 -1.832893709345598552e+02
2.233999999999999875e-01 -1.829826684029011972e+02
2.238999999999999879e-01 -1.826702231827198091e+02
2.243999999999999884e-01 -1.823502072625945516e+02
2.248999999999999888e-01 -1.820211782780097849e+02
2.253999999999999893e-01 -1.816866267872603089e+02
2.258999999999999897e-01 -1.813433716649022358e+02
2.263000000000000012e-01 -1.809939514134275385e+02
2.268000000000000016e-01 -1.806378015951309806e+02
2.273000000000000020e-01 -1.802745345298166342e+02
2.278000000000000025e-01 -1.799024925944030144e+02
2.283000000000000029e-01 -1.795251812301947041e+02
2.288000000000000034e-01 -1.791410561413300400e+02
2.293000000000000038e-01 -1.787501337123349856e+02
2.298000000000000043e-01 -1.783523654088458841e+02
2.303000000000000047e-01 -1.779461191344640554e+02
2.308000000000000052e-01 -1.775350708434313560e+02
2.313000000000000056e-01 -1.771173391762615665e+02
2.318000000000000060e-01 -1.766930853393171219e+02
2.323000000000000065e-01 -1.762624203727991983e+02
2.328000000000000069e-01 -1.758235432753874079e+02
2.331999999999999906e-01 -1.753819230073552831e+02
2.336999999999999911e-01 -1.749306453568363509e+02
2.341999999999999915e-01 -1.744747346218475172e+02
2.346999999999999920e-01 -1.740127291825934606e+02
2.351999999999999924e-01 -1.735447068039316889e+02
2.356999999999999929e-01 -1.730706118505781603e+02
2.361999999999999933e-01 -1.725905354808863592e+02
2.366999999999999937e-01 -1.721047541028056855e+02
2.371999999999999942e-01 -1.716131461134454241e+02
2.376999999999999946e-01 -1.711157372782442110e+02
2.381999999999999951e-01 -1.706126607429721957e+02
2.386999999999999955e-01 -1.701040553492758818e+02
2.391999999999999960e-01 -1.695898716766225789e+02
2.396999999999999964e-01 -1.690703000926336017e+02
2.401999999999999968e-01 -1.685446693031559562e+02
2.406000000000000083e-01 -1.680165134000968123e+02
2.411000000000000087e-01 -1.674809125336643660e+02
2.416000000000000092e-01 -1.669401328573977139e+02
2.421000000000000096e-01 -1.663941299753496708e+02
2.426000000000000101e-01 -1.658431937975668689e+02
2.431000000000000105e-01 -1.652872731217543958e+02
2.436000000000000110e-01 -1.647279853532100162e+02
2.441000000000000114e-01 -1.641621371520038224e+02
2.446000000000000119e-01 -1.635916453515202420e+02
2.451000000000000123e-01 -1.630164973601629868e+02
2.456000000000000127e-01 -1.624380916371763703e+02
2.461000000000000132e-01 -1.618535571450109103e+02
2.466000000000000136e-01 -1.612646331098390533e+02
2.470999999999999863e-01 -1.606703346753610617e+02
2.474999999999999978e-01 -1.600749148868792133e+02
2.479999999999999982e-01 -1.594726455895281561e+02
2.484999999999999987e-01 -1.588678347135446813e+02
2.489999999999999991e-01 -1.582572793430179843e+02
2.494999999999999996e-01 -1.576440576331957857e+02
2.500000000000000000e-01 -1.570251664090203292e+02
2.505000000000000004e-01 -1.564038652504665379e+02
2.510000000000000009e-01 -1.557771719495021046e+02
2.515000000000000013e-01 -1.551481228149527567e+02
2.520000000000000018e-01 -1.545135654173892590e+02
2.525000000000000022e-01 -1.538768952918098876e+02
2.530000000000000027e-01 -1.532350793837603078e+02
2.535000000000000031e-01 -1.525910013355509989e+02
2.540000000000000036e-01 -1.519419675534615237e+02
2.545000000000000040e-01 -1.512882386789480336e+02
2.549000000000000155e-01 -1.506364369956009739e+02
2.554000000000000159e-01 -1.499771342177059523e+02
2.559000000000000163e-01 -1.493158485460879206e+02
2.564000000000000168e-01 -1.486512892033059643e+02
2.569000000000000172e-01 -1.479821875273665626e+02
2.574000000000000177e-01 -1.473114127747650741e+02
2.579000000000000181e-01 -1.466373643557752189e+02
2.584000000000000186e-01 -1.459590726312457889e+02
2.589000000000000190e-01 -1.452791115678749918e+02
2.594000000000000195e-01 -1.445963043017551684e+02
2.599000000000000199e-01 -1.439105208742494995e+02
2.604000000000000203e-01 -1.432219953699548967e+02
2.609000000000000208e-01 -1.425307608663682686e+02
2.614000000000000212e-01 -1.418326435626960915e+02
2.617999999999999772e-01 -1.411387672541803511e+02
2.622999999999999776e-01 -1.404396473857508738e+02
2.627999999999999781e-01 -1.397379423553545337e+02
2.632999999999999785e-01 -1.390336477022574968e+02
2.637999999999999790e-01 -1.383270886886389235e+02
2.642999999999999794e-01 -1.376181817194159862e+02
2.647999999999999798e-01 -1.369068727507741130e+02
2.652999999999999803e-01 -1.361934004252240697e+02
2.657999999999999807e-01 -1.354775076797224358e+02
2.662999999999999812e-01 -1.347596726857869953e+02
2.667999999999999816e-01 -1.340409328762065968e+02
2.672999999999999821e-01 -1.333188303652663080e+02
2.677999999999999825e-01 -1.325946627415303567e+02
2.682999999999999829e-01 -1.318686645629126417e+02
2.687999999999999834e-01 -1.311378121653097537e+02
2.691999999999999948e-01 -1.304121744972175634e+02
2.696999999999999953e-01 -1.296804244691455779e+02
2.701999999999999957e-01 -1.289470660319619810e+02
2.706999999999999962e-01 -1.282120319942120261e+02
2.711999999999999966e-01 -1.274764031899882042e+02
2.716999999999999971e-01 -1.267379693526630149e+02
2.721999999999999975e-01 -1.259981421007428111e+02
2.726999999999999980e-01 -1.252578891993388766e+02
2.731999999999999984e-01 -1.245148476324549165e+02
2.736999999999999988e-01 -1.237717288084210452e+02
2.741999999999999993e-01 -1.230260077556365701e+02
2.746999999999999997e-01 -1.222801823611053749e+02
2.752000000000000002e-01 -1.215318999759983001e+02
2.757000000000000006e-01 -1.207833748208040276e+02
2.762000000000000011e-01 -1.200295555699331089e+02
2.766000000000000125e-01 -1.192819322677924561e+02
2.771000000000000130e-01 -1.185300903027639379e+02
2.776000000000000134e-01 -1.177759468702289638e+02
2.781000000000000139e-01 -1.170220642200372794e+02
2.786000000000000143e-01 -1.162671390414195969e+02
2.791000000000000147e-01 -1.155103200900096425e+02
2.796000000000000152e-01 -1.147534942748188200e+02
2.801000000000000156e-01 -1.139960594794380597e+02
2.806000000000000161e-01 -1.132378323031446570e+02
2.811000000000000165e-01 -1.124786761766034715e+02
2.816000000000000170e-01 -1.117190757093508324e+02
2.821000000000000174e-01 -1.109587686836031111e+02
2.826000000000000179e-01 -1.101978445204741206e+02
2.831000000000000183e-01 -1.094333285849660200e+02
2.834999999999999742e-01 -1.086743559392636200e+02
2.839999999999999747e-01 -1.079119674119997541e+02
2.844999999999999751e-01 -1.071491782656485157e+02
2.849999999999999756e-01 -1.063861266406234591e+02
2.854999999999999760e-01 -1.056224460964549365e+02
2.859999999999999765e-01 -1.048597455794500917e+02
2.864999999999999769e-01 -1.040958563077198278e+02
2.869999999999999774e-01 -1.033317794510387699e+02
2.874999999999999778e-01 -1.025683647930392794e+02
2.879999999999999782e-01 -1.018040596958591806e+02
2.884999999999999787e-01 -1.010397655080177088e+02
2.889999999999999791e-01 -1.002764908883492581e+02
2.894999999999999796e-01 -9.951310656686676737e+01
2.899999999999999800e-01 -9.874905290151365023e+01
2.904999999999999805e-01 -9.798300469701703719e+01
2.908999999999999919e-01 -9.722224541677526588e+01
2.913999999999999924e-01 -9.645977503702479794e+01
2.918999999999999928e-01 -9.569765147911080305e+01
2.923999999999999932e-01 -9.493585091525912389e+01
2.928999999999999937e-01 -9.417361069141091434e+01
2.933999999999999941e-01 -9.341258244600943783e+01
2.938999999999999946e-01 -9.265221617602239235e+01
2.943999999999999950e-01 -9.189239081724412017e+01
2.948999999999999955e-01 -9.113323373135828831e+01
2.953999999999999959e-01 -9.037540996650074021e+01
2.958999999999999964e-01 -8.961773264011583251e+01
2.963999999999999968e-01 -8.886071805516505151e+01
2.968999999999999972e-01 -8.810460412763269744e+01
2.973999999999999977e-01 -8.734696393575612205e+01
2.978000000000000091e-01 -8.659576578434312921e+01
2.983000000000000096e-01 -8.584325667154740813e+01
2.988000000000000100e-01 -8.509101238826904989e+01
2.993000000000000105e-01 -8.434053362212245020e+01
2.998000000000000109e-01 -8.359135200781059893e+01
3.003000000000000114e-01 -8.284264926321728240e+01
3.008000000000000118e-01 -8.209580875260428456e+01
3.013000000000000123e-01 -8.135047755334163355e+01
3.018000000000000127e-01 -8.060649416810765899e+01
3.023000000000000131e-01 -7.986396878287369816e+01
3.028000000000000136e-01 -7.912291331839951170e+01
3.033000000000000140e-01 -7.838403243410061805e+01
3.038000000000000145e-01 -7.764617048850142567e+01
3.043000000000000149e-01 -7.691075580637054543e+01
3.048000000000000154e-01 -7.617328570539240218e+01
3.052000000000000268e-01 -7.544416639152169068e+01
3.057000000000000273e-01 -7.471399874655968176e+01
3.062000000000000277e-01 -7.398505012128082114e+01
3.066999999999999726e-01 -7.325876632809743683e+01
3.071999999999999731e-01 -7.253435354388403766e+01
3.076999999999999735e-01 -7.181218563545371580e+01
3.081999999999999740e-01 -7.109277906786178391e+01
3.086999999999999744e-01 -7.037478438676613735e+01
3.091999999999999749e-01 -6.965981177116522360e+01
3.096999999999999753e-01 -6.894649078233256034e+01
3.101999999999999758e-01 -6.823618680434002215e+01
3.106999999999999762e-01 -6.752835086235418771e+01
3.111999999999999766e-01 -6.682281033844988372e+01
3.116999999999999771e-01 -6.611717642237272230e+01
3.120999999999999885e-01 -6.541973591753642836e+01
3.125999999999999890e-01 -6.472217009905951102e+01
3.130999999999999894e-01 -6.402776092786889706e+01
3.135999999999999899e-01 -6.333629265775493877e+01
3.140999999999999903e-01 -6.264705179965792325e+01
3.145999999999999908e-01 -6.196133652825491112e+01
3.150999999999999912e-01 -6.127898757484791759e+01
3.155999999999999917e-01 -6.059924093814789359e+01
3.160999999999999921e-01 -5.992249321020542396e+01
3.165999999999999925e-01 -5.924951625376614572e+01
3.170999999999999930e-01 -5.857957199436538076e+01
3.175999999999999934e-01 -5.791294602650493317e+01
3.180999999999999939e-01 -5.724966321757904097e+01
3.185999999999999943e-01 -5.659014585622264804e+01
3.190999999999999948e-01 -5.593100479755451460e+01
3.195000000000000062e-01 -5.528111565109578862e+01
3.200000000000000067e-01 -5.463206920211032269e+01
3.205000000000000071e-01 -5.398663619824313997e+01
3.210000000000000075e-01 -5.334473469821640634e+01
3.215000000000000080e-01 -5.270711597027393935e+01
3.220000000000000084e-01 -5.207327961066077648e+01
3.225000000000000089e-01 -5.144318738062109020e+01
3.230000000000000093e-01 -5.081685843967051142e+01
3.235000000000000098e-01 -5.019496343580333075e+01
3.240000000000000102e-01 -4.957661012349116447e+01
3.245000000000000107e-01 -4.896315321260964026e+01
3.250000000000000111e-01 -4.835317894830645002e+01
3.255000000000000115e-01 -4.774786453590879631e+01
3.260000000000000120e-01 -4.714383658571664171e+01
3.264000000000000234e-01 -4.654972522869940121e+01
3.269000000000000239e-01 -4.595691738970444362e+01
3.274000000000000243e-01 -4.536886703964231060e+01
3.279000000000000248e-01 -4.478517634106092515e+01
3.284000000000000252e-01 -4.420571602094095454e+01
3.289000000000000257e-01 -4.363128873985999689e+01
3.294000000000000261e-01 -4.306129120802097532e+01
3.299000000000000266e-01 -4.249583526403810652e+01
3.304000000000000270e-01 -4.193525484557587646e+01
3.309000000000000274e-01 -4.137922575220948573e+01
3.313999999999999724e-01 -4.082824096064243236e+01
3.318999999999999728e-01 -4.028154245035668168e+01
3.323999999999999733e-01 -3.973993570912290352e+01
3.328999999999999737e-01 -3.920334365176324809e+01
3.333999999999999742e-01 -3.866949069726972965e+01
3.337999999999999856e-01 -3.814472088975763597e+01
3.342999999999999861e-01 -3.762295762184107417e+01
3.347999999999999865e-01 -3.710606202695853995e+01
3.352999999999999869e-01 -3.659443442730049156e+01
3.357999999999999874e-01 -3.608777077905237718e+01
3.362999999999999878e-01 -3.558607737911113844e+01
3.367999999999999883e-01 -3.508990418798356359e+01
3.372999999999999887e-01 -3.459854346772198852e+01
3.377999999999999892e-01 -3.411250569828929002e+01
3.382999999999999896e-01 -3.363154845973381413e+01
3.387999999999999901e-01 -3.315588947671192699e+01
3.392999999999999905e-01 -3.268572053331013905e+01
3.397999999999999909e-01 -3.222067962230171645e+01
3.402999999999999914e-01 -3.175893237574349470e+01
3.407000000000000028e-01 -3.130627008937398159e+01
3.412000000000000033e-01 -3.085731661567604078e+01
3.417000000000000037e-01 -3.041352563265415299e+01
3.422000000000000042e-01 -2.997522472164573060e+01
3.427000000000000046e-01 -2.954206147166908991e+01
3.432000000000000051e-01 -2.911449482400206179e+01
3.437000000000000055e-01 -2.869214139166744459e+01
3.442000000000000060e-01 -2.827531682556491432e+01
3.447000000000000064e-01 -2.786395415447447377e+01
3.452000000000000068e-01 -2.745816321946156435e+01
3.457000000000000073e-01 -2.705762684352480818e+01
3.462000000000000077e-01 -2.666249954437703451e+01
3.467000000000000082e-01 -2.627272867892637720e+01
3.472000000000000086e-01 -2.588851761433998888e+01
3.477000000000000091e-01 -2.550804722208667386e+01
3.481000000000000205e-01 -2.513634241734819241e+01
3.486000000000000210e-01 -2.476829297243025962e+01
3.491000000000000214e-01 -2.440559340690880319e+01
3.496000000000000218e-01 -2.404859402258316692e+01
3.501000000000000223e-01 -2.369688170723870968e+01
3.506000000000000227e-01 -2.335052472841125848e+01
3.511000000000000232e-01 -2.300971925471332113e+01
3.516000000000000236e-01 -2.267407599634779558e+01
3.521000000000000241e-01 -2.234390903313595800e+01
3.526000000000000245e-01 -2.201905311431973189e+01
3.531000000000000250e-01 -2.169945626926020310e+01
3.536000000000000254e-01 -2.138547903431808805e+01
3.541000000000000258e-01 -2.107661447182892189e+01
3.546000000000000263e-01 -2.077181440963057213e+01
3.549999999999999822e-01 -2.047459947222962739e+01
3.554999999999999827e-01 -2.018150767517907340e+01
3.559999999999999831e-01 -1.989379490574637188e+01
3.564999999999999836e-01 -1.961115992995121360e+01
3.569999999999999840e-01 -1.933365109992621100e+01
3.574999999999999845e-01 -1.906127816071886372e+01
3.579999999999999849e-01 -1.879409356944968934e+01
3.584999999999999853e-01 -1.853199859784897185e+01
3.589999999999999858e-01 -1.827508749609370042e+01
3.594999999999999862e-01 -1.802310774227660772e+01
3.599999999999999867e-01 -1.777596457631567617e+01
3.604999999999999871e-01 -1.753399238938254001e+01
3.609999999999999876e-01 -1.729688846998523744e+01
3.614999999999999880e-01 -1.706478906049296285e+01
3.619999999999999885e-01 -1.683669890015432102e+01
3.623999999999999999e-01 -1.661511101836818582e+01
3.629000000000000004e-01 -1.639755086744178669e+01
3.634000000000000008e-01 -1.618467536857720646e+01
3.639000000000000012e-01 -1.597658386551818666e+01
3.644000000000000017e-01 -1.577321356462718427e+01
3.649000000000000021e-01 -1.557445487501575343e+01
3.654000000000000026e-01 -1.538028512481202448e+01
3.659000000000000030e-01 -1.519075737402722126e+01
3.664000000000000035e-01 -1.500563270480691536e+01
3.669000000000000039e-01 -1.482515490543205772e+01
3.674000000000000044e-01 -1.464907265255003210e+01
3.679000000000000048e-01 -1.447735984117293029e+01
3.684000000000000052e-01 -1.431010137353956857e+01
3.689000000000000057e-01 -1.414713606787304911e+01
3.694000000000000061e-01 -1.398784833128303262e+01
3.698000000000000176e-01 -1.383410486087605129e+01
3.703000000000000180e-01 -1.368382522708140314e+01
3.708000000000000185e-01 -1.353776385604707144e+01
3.713000000000000189e-01 -1.339575582933755271e+01
3.718000000000000194e-01 -1.325788074564910168e+01
3.723000000000000198e-01 -1.312401191271872314e+01
3.728000000000000203e-01 -1.299404400299936313e+01
3.733000000000000207e-01 -1.286803221865903701e+01
3.738000000000000211e-01 -1.274592283504138557e+01
3.743000000000000216e-01 -1.262767810709891769e+01
3.748000000000000220e-01 -1.251321590945259921e+01
3.753000000000000225e-01 -1.240250644846488903e+01
3.758000000000000229e-01 -1.229547250157664173e+01
3.763000000000000234e-01 -1.219168003844338166e+01
3.766999999999999793e-01 -1.209232230006314346e+01
3.771999999999999797e-01 -1.199620306105349954e+01
3.776999999999999802e-01 -1.190346929232878281e+01
3.781999999999999806e-01 -1.181438620689710284e+01
3.786999999999999811e-01 -1.172857355516254252e+01
3.791999999999999815e-01 -1.164623598383032643e+01
3.796999999999999820e-01 -1.156713800396763681e+01
3.801999999999999824e-01 -1.149143535584643949e+01
3.806999999999999829e-01 -1.141902450497614829e+01
3.811999999999999833e-01 -1.134977183226938457e+01
3.816999999999999837e-01 -1.128368705818807705e+01
3.821999999999999842e-01 -1.122070368902388182e+01
3.826999999999999846e-01 -1.116084559100888107e+01
3.831999999999999851e-01 -1.110406646840831790e+01
3.836999999999999855e-01 -1.105003661537573478e+01
3.840999999999999970e-01 -1.099934746196301738e+01
3.845999999999999974e-01 -1.095139005201657234e+01
3.850999999999999979e-01 -1.090642797742498615e+01
3.855999999999999983e-01 -1.086418132033383266e+01
3.860999999999999988e-01 -1.082485406757871615e+01
3.865999999999999992e-01 -1.078822757187333181e+01
3.870999999999999996e-01 -1.075428945708057249e+01
3.876000000000000001e-01 -1.072318095718074638e+01
3.881000000000000005e-01 -1.069469511295610964e+01
3.886000000000000010e-01 -1.066875213135018896e+01
3.891000000000000014e-01 -1.064546304417528155e+01
3.896000000000000019e-01 -1.062470029713074915e+01
3.901000000000000023e-01 -1.060648521415028256e+01
3.906000000000000028e-01 -1.059080034544862770e+01
3.910000000000000142e-01 -1.057757439135201238e+01
3.915000000000000147e-01 -1.056671057532630265e+01
3.920000000000000151e-01 -1.055832651215588491e+01
3.925000000000000155e-01 -1.055234487790706766e+01
3.930000000000000160e-01 -1.054866899651354473e+01
3.935000000000000164e-01 -1.054722585235970378e+01
3.940000000000000169e-01 -1.054817973221035210e+01
3.945000000000000173e-01 -1.055140850649201312e+01
3.950000000000000178e-01 -1.055678688843988056e+01
3.955000000000000182e-01 -1.056447118101544369e+01
3.960000000000000187e-01 -1.057433458696780271e+01
3.965000000000000191e-01 -1.058638284295555820e+01
3.970000000000000195e-01 -1.060054527291240234e+01
3.975000000000000200e-01 -1.061677476404262421e+01
3.980000000000000204e-01 -1.063533627069826437e+01
3.983999999999999764e-01 -1.065574805287791627e+01
3.988999999999999768e-01 -1.067825904971872042e+01
3.993999999999999773e-01 -1.070286823672529763e+01
3.998999999999999777e-01 -1.072952671527219870e+01
4.003999999999999782e-01 -1.075824979670978898e+01
4.008999999999999786e-01 -1.078889353020920083e+01
4.013999999999999790e-01 -1.082155756725117612e+01
4.018999999999999795e-01 -1.085619806560812250e+01
4.023999999999999799e-01 -1.089272501385887360e+01
4.028999999999999804e-01 -1.093134302212084563e+01
4.033999999999999808e-01 -1.097175562604678234e+01
4.038999999999999813e-01 -1.101417902722362285e+01
4.043999999999999817e-01 -1.105847997908773728e+01
4.048999999999999821e-01 -1.110488858704610138e+01
4.052999999999999936e-01 -1.115290758288676543e+01
4.057999999999999940e-01 -1.120280220720382403e+01
4.062999999999999945e-01 -1.125476764858183820e+01
4.067999999999999949e-01 -1.130849082300509600e+01
4.072999999999999954e-01 -1.136407701362503708e+01
4.077999999999999958e-01 -1.142152811125931322e+01
4.082999999999999963e-01 -1.148089611532684451e+01
4.087999999999999967e-01 -1.154199588902742946e+01
4.092999999999999972e-01 -1.160499635918544747e+01
4.097999999999999976e-01 -1.166993576397565313e+01
4.102999999999999980e-01 -1.173657065105303055e+01
4.107999999999999985e-01 -1.180511051354484131e+01
4.112999999999999989e-01 -1.187543260279023549e+01
4.117999999999999994e-01 -1.194755208495049814e+01
4.122999999999999998e-01 -1.202185831987748621e+01
4.127000000000000113e-01 -1.209731736481583475e+01
4.132000000000000117e-01 -1.217497719491427866e+01
4.137000000000000122e-01 -1.225441610180170393e+01
4.142000000000000126e-01 -1.233558089169897265e+01
4.147000000000000131e-01 -1.241864496474768131e+01
4.152000000000000135e-01 -1.250350484763061765e+01
4.157000000000000139e-01 -1.259020919602296473e+01
4.162000000000000144e-01 -1.267872463740097899e+01
4.167000000000000148e-01 -1.276899734212038595e+01
4.172000000000000153e-01 -1.286110441936353688e+01
4.177000000000000157e-01 -1.295506805929620420e+01
4.182000000000000162e-01 -1.305086066264106570e+01
4.187000000000000166e-01 -1.314842005962346505e+01
4.192000000000000171e-01 -1.324820239035131308e+01
4.195999999999999730e-01 -1.334889997896730129e+01
4.200999999999999734e-01 -1.345185220617505273e+01
4.205999999999999739e-01 -1.355672789831113789e+01
4.210999999999999743e-01 -1.366325559102830134e+01
4.215999999999999748e-01 -1.377167755489466039e+01
4.220999999999999752e-01 -1.388194893568037713e+01
4.225999999999999757e-01 -1.399403209752031430e+01
4.230999999999999761e-01 -1.410779540151704836e+01
4.235999999999999766e-01 -1.422343054774137627e+01
4.240999999999999770e-01 -1.434098383496034934e+01
4.245999999999999774e-01 -1.446016430092392824e+01
4.250999999999999779e-01 -1.458122426059584598e+01
4.255999999999999783e-01 -1.470407207449760456e+01
4.260999999999999788e-01 -1.482869867784246232e+01
4.265999999999999792e-01 -1.495561117451450173e+01
4.269999999999999907e-01 -1.508330620485250861e+01
4.274999999999999911e-01 -1.521343350826816554e+01
4.279999999999999916e-01 -1.534518701443291810e+01
4.284999999999999920e-01 -1.547870003469713396e+01
4.289999999999999925e-01 -1.561394465843311785e+01
4.294999999999999929e-01 -1.575101847652931575e+01
4.299999999999999933e-01 -1.588993136722005595e+01
4.304999999999999938e-01 -1.603056395798159528e+01
4.309999999999999942e-01 -1.617278135915843507e+01
4.314999999999999947e-01 -1.631687261817848267e+01
4.319999999999999951e-01 -1.646264736309906240e+01
4.324999999999999956e-01 -1.661013360172798059e+01
4.329999999999999960e-01 -1.675924171917230510e+01
4.334999999999999964e-01 -1.691008612815694789e+01
4.339999999999999969e-01 -1.706330472438848034e+01
4.344000000000000083e-01 -1.721680092934847650e+01
4.349000000000000088e-01 -1.737265817217183894e+01
4.354000000000000092e-01 -1.753019540660631748e+01
4.359000000000000097e-01 -1.768929354024732703e+01
4.364000000000000101e-01 -1.785012551553485238e+01
4.369000000000000106e-01 -1.801249720708986146e+01
4.374000000000000110e-01 -1.817627393161931693e+01
4.379000000000000115e-01 -1.834170196808021913e+01
4.384000000000000119e-01 -1.850885357026292510e+01
4.389000000000000123e-01 -1.867728391026639301e+01
4.394000000000000128e-01 -1.884739743985455718e+01
4.399000000000000132e-01 -1.901890206662282878e+01
4.404000000000000137e-01 -1.919180438984853510e+01
4.409000000000000141e-01 -1.936686057789520987e+01
4.413000000000000256e-01 -1.954203679334968058e+01
4.418000000000000260e-01 -1.971924230254672139e+01
4.423000000000000265e-01 -1.989777608708739720e+01
4.428000000000000269e-01 -2.007765315477951518e+01
4.433000000000000274e-01 -2.025877212167816310e+01
4.437999999999999723e-01 -2.044130537953605398e+01
4.442999999999999727e-01 -2.062503139502475236e+01
4.447999999999999732e-01 -2.081017105721868532e+01
4.452999999999999736e-01 -2.099628290235165906e+01
4.457999999999999741e-01 -2.118367867011457761e+01
4.462999999999999745e-01 -2.137217378639674692e+01
4.467999999999999750e-01 -2.156190609226361588e+01
4.472999999999999754e-01 -2.175258509878236168e+01
4.477999999999999758e-01 -2.194431370038399365e+01
4.482999999999999763e-01 -2.213785402354272591e+01
4.486999999999999877e-01 -2.233094864805366697e+01
4.491999999999999882e-01 -2.252555102290171618e+01
4.496999999999999886e-01 -2.272116556391105036e+01
4.501999999999999891e-01 -2.291785413195716004e+01
4.506999999999999895e-01 -2.311507936103504335e+01
4.511999999999999900e-01 -2.331330111563356411e+01
4.516999999999999904e-01 -2.351218753429615305e+01
4.521999999999999909e-01 -2.371177738188033857e+01
4.526999999999999913e-01 -2.391197884132517260e+01
4.531999999999999917e-01 -2.411300687907513307e+01
4.536999999999999922e-01 -2.431459188023728757e+01
4.541999999999999926e-01 -2.451667441227666444e+01
4.546999999999999931e-01 -2.471946442544106048e+01
4.551999999999999935e-01 -2.492351150161871587e+01
4.556000000000000050e-01 -2.512631371453016982e+01
4.561000000000000054e-01 -2.533023620578729762e+01
4.566000000000000059e-01 -2.553473544873756396e+01
4.571000000000000063e-01 -2.573925638091853685e+01
4.576000000000000068e-01 -2.594420246248303386e+01
4.581000000000000072e-01 -2.614940083558785844e+01
4.586000000000000076e-01 -2.635486797774465373e+01
4.591000000000000081e-01 -2.656052521650047993e+01
4.596000000000000085e-01 -2.676613736646508102e+01
4.601000000000000090e-01 -2.697181787637010686e+01
4.606000000000000094e-01 -2.717741145583738671e+01
4.611000000000000099e-01 -2.738321869820657639e+01
4.616000000000000103e-01 -2.758879628909502202e+01
4.621000000000000107e-01 -2.779428391599020287e+01
4.626000000000000112e-01 -2.800033707720045584e+01
4.630000000000000226e-01 -2.820472782965018865e+01
4.635000000000000231e-01 -2.840939166406997884e+01
4.640000000000000235e-01 -2.861421656934108526e+01
4.645000000000000240e-01 -2.881836126883080595e+01
4.650000000000000244e-01 -2.902211897670941099e+01
4.655000000000000249e-01 -2.922560734387656112e+01
4.660000000000000253e-01 -2.942856201458628007e+01
4.665000000000000258e-01 -2.963094036136230613e+01
4.670000000000000262e-01 -2.983272585029513024e+01
4.675000000000000266e-01 -3.003409954023382156e+01
4.680000000000000271e-01 -3.023447473343188108e+01
4.685000000000000275e-01 -3.043436378027870859e+01
4.689999999999999725e-01 -3.063351354758745515e+01
4.694999999999999729e-01 -3.083264826943509718e+01
4.698999999999999844e-01 -3.102946847511982043e+01
4.703999999999999848e-01 -3.122624702290171328e+01
4.708999999999999853e-01 -3.142183615131304109e+01
4.713999999999999857e-01 -3.161692578788615648e+01
4.718999999999999861e-01 -3.181069993913981975e+01
4.723999999999999866e-01 -3.200337750008610982e+01
4.728999999999999870e-01 -3.219527956196746743e+01
4.733999999999999875e-01 -3.238595193578027676e+01
4.738999999999999879e-01 -3.257547286808815556e+01
4.743999999999999884e-01 -3.276375458983913802e+01
4.748999999999999888e-01 -3.295078803682756075e+01
4.753999999999999893e-01 -3.313678874541414388e+01
4.758999999999999897e-01 -3.332111525718930523e+01
4.763999999999999901e-01 -3.350441735507740049e+01
4.768999999999999906e-01 -3.368703473703012463e+01
4.773000000000000020e-01 -3.386670527609102521e+01
4.778000000000000025e-01 -3.404598816645450654e+01
4.783000000000000029e-01 -3.422342279521981823e+01
4.788000000000000034e-01 -3.439965497770469227e+01
4.793000000000000038e-01 -3.457429256091224090e+01
4.798000000000000043e-01 -3.474729948425017056e+01
4.803000000000000047e-01 -3.491869643998146699e+01
4.808000000000000052e-01 -3.508848824632923424e+01
4.813000000000000056e-01 -3.525683791355249497e+01
4.818000000000000060e-01 -3.542314132337202892e+01
4.823000000000000065e-01 -3.558810436370011843e+01
4.828000000000000069e-01 -3.575127917727461835e+01
4.833000000000000074e-01 -3.591265139157178510e+01
4.838000000000000078e-01 -3.607282382422015132e+01
4.842000000000000193e-01 -3.622991316926645311e+01
4.847000000000000197e-01 -3.638615905543549900e+01
4.852000000000000202e-01 -3.654047906640249721e+01
4.857000000000000206e-01 -3.669258720029731791e+01
4.862000000000000210e-01 -3.684309389630058718e+01
4.867000000000000215e-01 -3.699172794024202915e+01
4.872000000000000219e-01 -3.713839494456338741e+01
4.877000000000000224e-01 -3.728344472038791935e+01
4.882000000000000228e-01 -3.742614103967300565e+01
4.887000000000000233e-01 -3.756688532714579054e+01
4.892000000000000237e-01 -3.770591490557782777e+01
4.897000000000000242e-01 -3.784300278335798851e+01
4.902000000000000246e-01 -3.797804535340113574e+01
4.907000000000000250e-01 -3.811102525157242127e+01
4.912000000000000255e-01 -3.824254267054714518e+01
4.915999999999999814e-01 -3.837089317387510334e+01
4.920999999999999819e-01 -3.849811260537482838e+01
4.925999999999999823e-01 -3.862290089284761763e+01
4.930999999999999828e-01 -3.874597238190735027e+01
4.935999999999999832e-01 -3.886697407732954446e+01
4.940999999999999837e-01 -3.898585924665002267e+01
4.945999999999999841e-01 -3.910271707584012546e+01
4.950999999999999845e-01 -3.921752499382146340e+01
4.955999999999999850e-01 -3.933016893638836109e+01
4.960999999999999854e-01 -3.944077711048436186e+01
4.965999999999999859e-01 -3.954965536382054836e+01
4.970999999999999863e-01 -3.965609166749002412e+01
4.975999999999999868e-01 -3.976081212415638788e+01
4.980999999999999872e-01 -3.986386233538778612e+01
4.984999999999999987e-01 -3.996371169735873963e+01
4.989999999999999991e-01 -4.006219896385933055e+01
4.994999999999999996e-01 -4.015866461488590033e+01
5.000000000000000000e-01 -4.025307850583045877e+01
5.004999999999999449e-01 -4.034586703451029166e+01
5.010000000000000009e-01 -4.043623087267035032e+01
5.014999999999999458e-01 -4.052490614639766875e+01
5.020000000000000018e-01 -4.061120347465270441e+01
5.024999999999999467e-01 -4.069590208431596068e+01
5.030000000000000027e-01 -4.077818325479859141e+01
5.034999999999999476e-01 -4.085892387762623912e+01
5.040000000000000036e-01 -4.093766563002736802e+01
5.044999999999999485e-01 -4.101441771055662144e+01
5.050000000000000044e-01 -4.108926676766245834e+01
5.054999999999999494e-01 -4.116285104288080987e+01
5.059000000000000163e-01 -4.123356183876759218e+01
5.063999999999999613e-01 -4.130267755993750001e+01
5.069000000000000172e-01 -4.137028138854653037e+01
5.073999999999999622e-01 -4.143560495613847650e+01
5.079000000000000181e-01 -4.149952871996076453e+01
5.083999999999999631e-01 -4.156116838473281661e+01
5.089000000000000190e-01 -4.162142265181447698e+01
5.093999999999999639e-01 -4.167990220624202635e+01
5.099000000000000199e-01 -4.173656482965074588e+01
5.103999999999999648e-01 -4.179147564741968068e+01
5.109000000000000208e-01 -4.184464706446594562e+01
5.113999999999999657e-01 -4.189612191159596932e+01
5.119000000000000217e-01 -4.194627799573859050e+01
5.123999999999999666e-01 -4.199434693107875916e+01
5.129000000000000226e-01 -4.204093482923330072e+01
5.132999999999999785e-01 -4.208591198108477727e+01
5.138000000000000345e-01 -4.212946721519200111e+01
5.142999999999999794e-01 -4.217101328126779691e+01
5.148000000000000353e-01 -4.221138448414379951e+01
5.152999999999999803e-01 -4.225022436308611162e+01
5.158000000000000362e-01 -4.228751377651902033e+01
5.162999999999999812e-01 -4.232328548149223479e+01
5.168000000000000371e-01 -4.235755820685658080e+01
5.172999999999999821e-01 -4.239039312238670476e+01
5.178000000000000380e-01 -4.242174179916099774e+01
5.182999999999999829e-01 -4.245165133435957472e+01
5.188000000000000389e-01 -4.248018049400211282e+01
5.192999999999999838e-01 -4.250771940895116074e+01
5.198000000000000398e-01 -4.253362941608769887e+01
5.201999999999999957e-01 -4.255798458969280773e+01
5.207000000000000517e-01 -4.258146292691780843e+01
5.211999999999999966e-01 -4.260371833976962819e+01
5.217000000000000526e-01 -4.262422470635570448e+01
5.221999999999999975e-01 -4.264394232673214447e+01
5.227000000000000535e-01 -4.266234253857810188e+01
5.231999999999999984e-01 -4.267957542952265726e+01
5.237000000000000544e-01 -4.269520999046894616e+01
5.241999999999999993e-01 -4.271007067201875884e+01
5.247000000000000552e-01 -4.272379973809455578e+01
5.252000000000000002e-01 -4.273636740041539639e+01
5.256999999999999451e-01 -4.274822161948808485e+01
5.262000000000000011e-01 -4.275855359677265000e+01
5.266999999999999460e-01 -4.276783376422299909e+01
5.272000000000000020e-01 -4.277605286054984646e+01
5.275999999999999579e-01 -4.278364643144625745e+01
5.281000000000000139e-01 -4.278976946151532701e+01
5.285999999999999588e-01 -4.279491332658525948e+01
5.291000000000000147e-01 -4.279947932729323412e+01
5.295999999999999597e-01 -4.280264009937749847e+01
5.301000000000000156e-01 -4.280528566393716261e+01
5.305999999999999606e-01 -4.280697136110257617e+01
5.311000000000000165e-01 -4.280729444092384739e+01
5.315999999999999615e-01 -4.280712286810221912e+01
5.321000000000000174e-01 -4.280610493779138181e+01
5.325999999999999623e-01 -4.280374884783800127e+01
5.331000000000000183e-01 -4.280100796308493472e+01
5.335999999999999632e-01 -4.279734960082019768e+01
5.341000000000000192e-01 -4.279284516261974858e+01
5.344999999999999751e-01 -4.278757623261780907e+01
5.350000000000000311e-01 -4.278146524287681984e+01
5.354999999999999760e-01 -4.277455170244856220e+01
5.360000000000000320e-01 -4.276680371690202520e+01
5.364999999999999769e-01 -4.275831582853558643e+01
5.370000000000000329e-01 -4.274909952802530455e+01
5.374999999999999778e-01 -4.273948185324805848e+01
5.380000000000000338e-01 -4.272871798107830443e+01
5.384999999999999787e-01 -4.271722783053262873e+01
5.390000000000000346e-01 -4.270540704657302911e+01
5.394999999999999796e-01 -4.269249401243643405e+01
5.400000000000000355e-01 -4.267884512103771044e+01
5.404999999999999805e-01 -4.266488170960185755e+01
5.410000000000000364e-01 -4.264985580200644222e+01
5.414999999999999813e-01 -4.263444774526296044e+01
5.419000000000000483e-01 -4.261809877451550221e+01
5.423999999999999932e-01 -4.260139783278349768e+01
5.429000000000000492e-01 -4.258366300617150557e+01
5.433999999999999941e-01 -4.256561846935661464e+01
5.439000000000000501e-01 -4.254656524202195556e+01
5.443999999999999950e-01 -4.252724456840685718e+01
5.449000000000000510e-01 -4.250725891821517166e+01
5.453999999999999959e-01 -4.248625743173355573e+01
5.459000000000000519e-01 -4.246497355175600319e+01
5.463999999999999968e-01 -4.244307894292764161e+01
5.469000000000000528e-01 -4.242053040308046263e+01
5.473999999999999977e-01 -4.239738515361144522e+01
5.479000000000000536e-01 -4.237318914102812784e+01
5.483999999999999986e-01 -4.234869867139610022e+01
5.487999999999999545e-01 -4.232378002055151711e+01
5.493000000000000105e-01 -4.229808796660487502e+01
5.497999999999999554e-01 -4.227183467751576984e+01
5.503000000000000114e-01 -4.224488667215916848e+01
5.507999999999999563e-01 -4.221738184077167233e+01
5.513000000000000123e-01 -4.218926966925378963e+01
5.517999999999999572e-01 -4.216052943294917554e+01
5.523000000000000131e-01 -4.213115781211856614e+01
5.527999999999999581e-01 -4.210119164060068897e+01
5.533000000000000140e-01 -4.207059789019661622e+01
5.537999999999999590e-01 -4.203940840790944833e+01
5.543000000000000149e-01 -4.200799075771775648e+01
5.547999999999999599e-01 -4.197555255800094898e+01
5.553000000000000158e-01 -4.194254491677921948e+01
5.557999999999999607e-01 -4.190874213403523640e+01
5.562000000000000277e-01 -4.187460610520176374e+01
5.566999999999999726e-01 -4.184014325645542698e+01
5.572000000000000286e-01 -4.180458687857509403e+01
5.576999999999999735e-01 -4.176845182462844974e+01
5.582000000000000295e-01 -4.173176277545731949e+01
5.586999999999999744e-01 -4.169481067175846789e+01
5.592000000000000304e-01 -4.165681699930551929e+01
5.596999999999999753e-01 -4.161864392800003998e+01
5.602000000000000313e-01 -4.157942424238270007e+01
5.606999999999999762e-01 -4.153961276009552961e+01
5.612000000000000322e-01 -4.149957296413368368e+01
5.616999999999999771e-01 -4.145850953043656517e+01
5.622000000000000330e-01 -4.141722071827803831e+01
5.626999999999999780e-01 -4.137473575359352651e+01
5.631000000000000449e-01 -4.133240112028976654e+01
5.635999999999999899e-01 -4.128887700633190150e+01
5.641000000000000458e-01 -4.124508682584406216e+01
5.645999999999999908e-01 -4.120031018159004788e+01
5.651000000000000467e-01 -4.115529661657622995e+01
5.655999999999999917e-01 -4.110933356740509481e+01
5.661000000000000476e-01 -4.106311408815021480e+01
5.665999999999999925e-01 -4.101624219920270065e+01
5.671000000000000485e-01 -4.096840119862162766e+01
5.675999999999999934e-01 -4.092030791792139155e+01
5.681000000000000494e-01 -4.087163431631976351e+01
5.685999999999999943e-01 -4.082194894740938906e+01
5.691000000000000503e-01 -4.077204911602188275e+01
5.695999999999999952e-01 -4.072154296489512859e+01
5.701000000000000512e-01 -4.067025327190417272e+01
5.705000000000000071e-01 -4.061836518874333279e+01
5.709999999999999520e-01 -4.056607255171604720e+01
5.715000000000000080e-01 -4.051318473652522556e+01
5.719999999999999529e-01 -4.045969190933216453e+01
5.725000000000000089e-01 -4.040565306174797655e+01
5.729999999999999538e-01 -4.035100670006432466e+01
5.735000000000000098e-01 -4.029578309962484894e+01
5.739999999999999547e-01 -4.024002072477679803e+01
5.745000000000000107e-01 -4.018326234805861219e+01
5.749999999999999556e-01 -4.012641012795068463e+01
5.755000000000000115e-01 -4.006892881905152137e+01
5.759999999999999565e-01 -4.001093371651482755e+01
5.765000000000000124e-01 -3.995238348137235818e+01
5.769999999999999574e-01 -3.989344132675753229e+01
5.774000000000000243e-01 -3.983407275322954888e+01
5.778999999999999693e-01 -3.977391380065744642e+01
5.784000000000000252e-01 -3.971326368611849489e+01
5.788999999999999702e-01 -3.965211294410330112e+01
5.794000000000000261e-01 -3.959048350563066521e+01
5.798999999999999710e-01 -3.952833402276242225e+01
5.804000000000000270e-01 -3.946572905096135031e+01
5.808999999999999719e-01 -3.940305036056849275e+01
5.814000000000000279e-01 -3.933947228261735063e+01
5.818999999999999728e-01 -3.927545746381317571e+01
5.824000000000000288e-01 -3.921102702230825088e+01
5.828999999999999737e-01 -3.914649604876395017e+01
5.834000000000000297e-01 -3.908117113697409906e+01
5.838999999999999746e-01 -3.901548691022051685e+01
5.844000000000000306e-01 -3.894950661010771142e+01
5.847999999999999865e-01 -3.888327296487515383e+01
5.853000000000000425e-01 -3.881670351801363239e+01
5.857999999999999874e-01 -3.874949917788325848e+01
5.863000000000000433e-01 -3.868226238669693373e+01
5.867999999999999883e-01 -3.861430972682730101e+01
5.873000000000000442e-01 -3.854636739334258522e+01
5.877999999999999892e-01 -3.847779770107958797e+01
5.883000000000000451e-01 -3.840923657815176284e+01
5.887999999999999901e-01 -3.834006077251198263e+01
5.893000000000000460e-01 -3.827088716787805822e+01
5.897999999999999909e-01 -3.820113196571004721e+01
5.903000000000000469e-01 -3.813148199752232870e+01
5.907999999999999918e-01 -3.806158720749815672e+01
5.913000000000000478e-01 -3.799145341269846909e+01
5.917999999999999927e-01 -3.792050151316306028e+01
5.921999999999999487e-01 -3.785022787820787471e+01
5.927000000000000046e-01 -3.777951735455738458e+01
5.931999999999999496e-01 -3.770823143192743743e+01
5.937000000000000055e-01 -3.763713050452197706e+01
5.941999999999999504e-01 -3.756591013980603577e+01
5.947000000000000064e-01 -3.749454422859727032e+01
5.951999999999999513e-01 -3.742306059273212782e+01
5.957000000000000073e-01 -3.735147048238762579e+01
5.961999999999999522e-01 -3.727945274211565163e+01
5.967000000000000082e-01 -3.720769251116762888e+01
5.971999999999999531e-01 -3.713585731680741731e+01
5.977000000000000091e-01 -3.706400887530249122e+01
5.981999999999999540e-01 -3.699207261615553932e+01
5.987000000000000099e-01 -3.691982983707838883e+01
5.990999999999999659e-01 -3.684819640559864240e+01
5.996000000000000218e-01 -3.677623736597854531e+01
6.000999999999999668e-01 -3.670463542598977114e+01
6.006000000000000227e-01 -3.663273405766046409e+01
6.010999999999999677e-01 -3.656087194847811617e+01
6.016000000000000236e-01 -3.648906530899961353e+01
6.020999999999999686e-01 -3.641734203785041757e+01
6.026000000000000245e-01 -3.634566457653544091e+01
6.030999999999999694e-01 -3.627408890163128774e+01
6.036000000000000254e-01 -3.620301436655962135e+01
6.040999999999999703e-01 -3.613166684465235790e+01
6.046000000000000263e-01 -3.606047123756722073e+01
6.050999999999999712e-01 -3.598936386562456136e+01
6.056000000000000272e-01 -3.591848454285302239e+01
6.060999999999999721e-01 -3.584778260209955647e+01
6.065000000000000391e-01 -3.577746975340991753e+01
6.069999999999999840e-01 -3.570707942283057434e+01
6.075000000000000400e-01 -3.563727331306714774e+01
6.079999999999999849e-01 -3.556728221646811505e+01
6.085000000000000409e-01 -3.549753673592417158e+01
6.089999999999999858e-01 -3.542830782890984409e+01
6.095000000000000417e-01 -3.535903317439680649e+01
6.099999999999999867e-01 -3.529032406882781459e+01
6.105000000000000426e-01 -3.522149249471713262e+01
6.109999999999999876e-01 -3.515299915994334867e+01
6.115000000000000435e-01 -3.508503188459970801e+01
6.119999999999999885e-01 -3.501705839624796823e+01
6.125000000000000444e-01 -3.494972190615298757e+01
6.129999999999999893e-01 -3.488203534618524060e+01
6.133999999999999453e-01 -3.481554301288412745e+01
6.139000000000000012e-01 -3.474875083226938699e+01
6.143999999999999462e-01 -3.468261534636884846e+01
6.149000000000000021e-01 -3.461646123054084967e+01
6.153999999999999471e-01 -3.455096803618062751e+01
6.159000000000000030e-01 -3.448547411471284363e+01
6.163999999999999480e-01 -3.442065261261562625e+01
6.169000000000000039e-01 -3.435581173973788793e+01
6.173999999999999488e-01 -3.429164780871906970e+01
6.179000000000000048e-01 -3.422755896404025577e+01
6.183999999999999497e-01 -3.416408693164689225e+01
6.189000000000000057e-01 -3.410062546788070392e+01
6.193999999999999506e-01 -3.403792467424316470e+01
6.199000000000000066e-01 -3.397518804851013385e+01
6.203999999999999515e-01 -3.391295799267337685e+01
6.208000000000000185e-01 -3.385151650679281943e+01
6.212999999999999634e-01 -3.378988050853604364e+01
6.218000000000000194e-01 -3.372897358951946956e+01
6.222999999999999643e-01 -3.366808216595445913e+01
6.228000000000000203e-01 -3.360783468844280719e+01
6.232999999999999652e-01 -3.354769058881148425e+01
6.238000000000000211e-01 -3.348820946343245453e+01
6.242999999999999661e-01 -3.342879218563759736e+01
6.248000000000000220e-01 -3.337002668773482128e+01
6.252999999999999670e-01 -3.331130265289024095e+01
6.258000000000000229e-01 -3.325325072664693238e+01
6.262999999999999678e-01 -3.319556858507121433e+01
6.268000000000000238e-01 -3.313794856222887830e+01
6.272999999999999687e-01 -3.308070511999599006e+01
6.277000000000000357e-01 -3.302400204567820197e+01
6.281999999999999806e-01 -3.296769756397210926e+01
6.287000000000000366e-01 -3.291143494604688158e+01
6.291999999999999815e-01 -3.285580377207779179e+01
6.297000000000000375e-01 -3.280023287880892724e+01
6.301999999999999824e-01 -3.274527549008850258e+01
6.307000000000000384e-01 -3.269030550383396871e+01
6.311999999999999833e-01 -3.263600385596659947e+01
6.317000000000000393e-01 -3.258167374013859074e+01
6.321999999999999842e-01 -3.252800368735410075e+01
6.327000000000000401e-01 -3.247428019900235086e+01
6.331999999999999851e-01 -3.242119403284106482e+01
6.337000000000000410e-01 -3.236804276646738288e+01
6.341999999999999860e-01 -3.231524872323392117e+01
6.347000000000000419e-01 -3.226278632396232382e+01
6.350999999999999979e-01 -3.221071642085350817e+01
6.356000000000000538e-01 -3.215900304832976531e+01
6.360999999999999988e-01 -3.210727048202688394e+01
6.366000000000000547e-01 -3.205575608666080001e+01
6.370999999999999996e-01 -3.200482333741887686e+01
6.375999999999999446e-01 -3.195379366670915644e+01
6.381000000000000005e-01 -3.190332886887717478e+01
6.385999999999999455e-01 -3.185275883706487932e+01
6.391000000000000014e-01 -3.180243774104692633e+01
6.395999999999999464e-01 -3.175259570445911805e+01
6.401000000000000023e-01 -3.170269363605901702e+01
6.405999999999999472e-01 -3.165297708653389464e+01
6.411000000000000032e-01 -3.160371224430629766e+01
6.415999999999999481e-01 -3.155419945054023145e+01
6.420000000000000151e-01 -3.150522904271935687e+01
6.424999999999999600e-01 -3.145627705168931243e+01
6.430000000000000160e-01 -3.140768916087166573e+01
6.434999999999999609e-01 -3.135904856998321577e+01
6.440000000000000169e-01 -3.131049632341958500e+01
6.444999999999999618e-01 -3.126211853094419624e+01
6.450000000000000178e-01 -3.121417542118076938e+01
6.454999999999999627e-01 -3.116604560773317800e+01
6.460000000000000187e-01 -3.111805061612205492e+01
6.464999999999999636e-01 -3.107018401381244388e+01
6.470000000000000195e-01 -3.102270347093297431e+01
6.474999999999999645e-01 -3.097506970188099729e+01
6.480000000000000204e-01 -3.092751215958260147e+01
6.484999999999999654e-01 -3.088004487643116036e+01
6.490000000000000213e-01 -3.083249173545326371e+01
6.493999999999999773e-01 -3.078540677621876753e+01
6.499000000000000332e-01 -3.073846674743876051e+01
6.503999999999999782e-01 -3.069134414035362823e+01
6.509000000000000341e-01 -3.064430648048400485e+01
6.513999999999999790e-01 -3.059729124592261940e+01
6.519000000000000350e-01 -3.055038405575684379e+01
6.523999999999999799e-01 -3.050352625011705854e+01
6.529000000000000359e-01 -3.045668164303192782e+01
6.533999999999999808e-01 -3.040992744144498161e+01
6.539000000000000368e-01 -3.036352137607716983e+01
6.543999999999999817e-01 -3.031686912112465748e+01
6.549000000000000377e-01 -3.027026226689481803e+01
6.553999999999999826e-01 -3.022366506053236179e+01
6.559000000000000385e-01 -3.017692844623724113e+01
6.562999999999999945e-01 -3.013061184216766009e+01
6.568000000000000504e-01 -3.008417302033118546e+01
6.572999999999999954e-01 -3.003774599213225827e+01
6.578000000000000513e-01 -2.999137757101845736e+01
6.582999999999999963e-01 -2.994498536885044260e+01
6.588000000000000522e-01 -2.989870254701397201e+01
6.592999999999999972e-01 -2.985243101671782284e+01
6.598000000000000531e-01 -2.980619295670660307e+01
6.602999999999999980e-01 -2.976025168497632833e+01
6.608000000000000540e-01 -2.971411210609012699e+01
6.612999999999999989e-01 -2.966799864058071634e+01
6.618000000000000549e-01 -2.962191846661162486e+01
6.622999999999999998e-01 -2.957588870956189098e+01
6.627999999999999448e-01 -2.952987562077066741e+01
6.633000000000000007e-01 -2.948379206735838665e+01
6.636999999999999567e-01 -2.943804786791537609e+01
6.642000000000000126e-01 -2.939222854817612074e+01
6.646999999999999575e-01 -2.934645207066446915e+01
6.652000000000000135e-01 -2.930076892908874697e+01
6.656999999999999584e-01 -2.925513852836607853e+01
6.662000000000000144e-01 -2.920954618042789619e+01
6.666999999999999593e-01 -2.916405518462233815e+01
6.672000000000000153e-01 -2.911862733878137988e+01
6.676999999999999602e-01 -2.907333587804748376e+01
6.682000000000000162e-01 -2.902837804362768992e+01
6.686999999999999611e-01 -2.898324943654256103e+01
6.692000000000000171e-01 -2.893820734775133374e+01
6.696999999999999620e-01 -2.889328353430374463e+01
6.702000000000000179e-01 -2.884831341516965608e+01
6.705999999999999739e-01 -2.880381669685166557e+01
6.711000000000000298e-01 -2.875928475383059535e+01
6.715999999999999748e-01 -2.871487998897305971e+01
6.721000000000000307e-01 -2.867061353185253125e+01
6.725999999999999757e-01 -2.862650435007563843e+01
6.731000000000000316e-01 -2.858256918449542638e+01
6.735999999999999766e-01 -2.853881326244656336e+01
6.741000000000000325e-01 -2.849548544841789877e+01
6.745999999999999774e-01 -2.845205115745865143e+01
6.751000000000000334e-01 -2.840884448978122023e+01
6.755999999999999783e-01 -2.836578371711588176e+01
6.761000000000000343e-01 -2.832298310222294546e+01
6.765999999999999792e-01 -2.828039166549353922e+01
6.771000000000000352e-01 -2.823802076325472399e+01
6.775999999999999801e-01 -2.819573275938592261e+01
6.780000000000000471e-01 -2.815401371640789563e+01
6.784999999999999920e-01 -2.811263057483217409e+01
6.790000000000000480e-01 -2.807130312190608379e+01
6.794999999999999929e-01 -2.803019575415785880e+01
6.800000000000000488e-01 -2.798937466175326705e+01
6.804999999999999938e-01 -2.794885614823488140e+01
6.810000000000000497e-01 -2.790861591425456467e+01
6.814999999999999947e-01 -2.786872983385221758e+01
6.820000000000000506e-01 -2.782908789141222883e+01
6.824999999999999956e-01 -2.778982356083288607e+01
6.830000000000000515e-01 -2.775114798614112388e+01
6.834999999999999964e-01 -2.771256405570337833e+01
6.840000000000000524e-01 -2.767429422664017835e+01
6.844999999999999973e-01 -2.763640538138029612e+01
6.850000000000000533e-01 -2.759874598793781786e+01
6.854000000000000092e-01 -2.756175854509037038e+01
6.858999999999999542e-01 -2.752500091038738717e+01
6.864000000000000101e-01 -2.748863661581477658e+01
6.868999999999999551e-01 -2.745268567337478771e+01
6.874000000000000110e-01 -2.741711065834025618e+01
6.878999999999999559e-01 -2.738203023058080632e+01
6.884000000000000119e-01 -2.734753523116188134e+01
6.888999999999999568e-01 -2.731328970983568993e+01
6.894000000000000128e-01 -2.727944465821334674e+01
6.898999999999999577e-01 -2.724602962698212849e+01
6.904000000000000137e-01 -2.721310622322716810e+01
6.908999999999999586e-01 -2.718065105822803673e+01
6.914000000000000146e-01 -2.714861841152280775e+01
6.918999999999999595e-01 -2.711691504224844351e+01
6.923000000000000265e-01 -2.708598281876422220e+01
6.927999999999999714e-01 -2.705541647560156093e+01
6.933000000000000274e-01 -2.702526336758135983e+01
6.937999999999999723e-01 -2.699565853071035804e+01
6.943000000000000282e-01 -2.696655761285593300e+01
6.947999999999999732e-01 -2.693795527388770950e+01
6.953000000000000291e-01 -2.690982674475371539e+01
6.957999999999999741e-01 -2.688221731221874933e+01
6.963000000000000300e-01 -2.685489682806143819e+01
6.967999999999999750e-01 -2.682828484961471815e+01
6.973000000000000309e-01 -2.680222894795697641e+01
6.977999999999999758e-01 -2.677667351600308621e+01
6.983000000000000318e-01 -2.675164682490224521e+01
6.987999999999999767e-01 -2.672712884168000613e+01
6.993000000000000327e-01 -2.670277333591433688e+01
6.996999999999999886e-01 -2.667943112412346096e+01
7.002000000000000446e-01 -2.665647933584251206e+01
7.006999999999999895e-01 -2.663403124343792072e+01
7.012000000000000455e-01 -2.661189342334467867e+01
7.016999999999999904e-01 -2.659050410476757875e+01
7.022000000000000464e-01 -2.656964623492213207e+01
7.026999999999999913e-01 -2.654905159299242001e+01
7.032000000000000473e-01 -2.652921654975896004e+01
7.036999999999999922e-01 -2.650992929119308172e+01
7.042000000000000481e-01 -2.649088184362358689e+01
7.046999999999999931e-01 -2.647260037450080716e+01
7.052000000000000490e-01 -2.645454618607826447e+01
7.056999999999999940e-01 -2.643727374934885788e+01
7.062000000000000499e-01 -2.642016407353636609e+01
7.066000000000000059e-01 -2.640393835095049013e+01
7.070999999999999508e-01 -2.638791862384291065e+01
7.076000000000000068e-01 -2.637258734908035152e+01
7.080999999999999517e-01 -2.635749428603684308e+01
7.086000000000000076e-01 -2.634313022183117781e+01
7.090999999999999526e-01 -2.632901223499557730e+01
7.096000000000000085e-01 -2.631532753970029503e+01
7.100999999999999535e-01 -2.630209795836287867e+01
7.106000000000000094e-01 -2.628956505192962112e+01
7.110999999999999543e-01 -2.627722675735701330e+01
7.116000000000000103e-01 -2.626530307825841248e+01
7.120999999999999552e-01 -2.625383044355543305e+01
7.126000000000000112e-01 -2.624275558687437737e+01
7.130999999999999561e-01 -2.623235936850967676e+01
7.136000000000000121e-01 -2.622203736357053216e+01
7.139999999999999680e-01 -2.621217443923408297e+01
7.145000000000000240e-01 -2.620269941581066675e+01
7.149999999999999689e-01 -2.619359255015966070e+01
7.155000000000000249e-01 -2.618480396404673272e+01
7.159999999999999698e-01 -2.617641037373936186e+01
7.165000000000000258e-01 -2.616835011936792199e+01
7.169999999999999707e-01 -2.616057960946289995e+01
7.175000000000000266e-01 -2.615290889016312903e+01
7.179999999999999716e-01 -2.614580636044805573e+01
7.185000000000000275e-01 -2.613898017086335557e+01
7.189999999999999725e-01 -2.613245090029523610e+01
7.195000000000000284e-01 -2.612620898127865843e+01
7.199999999999999734e-01 -2.611998020919439512e+01
7.205000000000000293e-01 -2.611423287049834840e+01
7.208999999999999853e-01 -2.610876583725172395e+01
7.214000000000000412e-01 -2.610326822293986737e+01
7.218999999999999861e-01 -2.609822291578393560e+01
7.224000000000000421e-01 -2.609340092778618114e+01
7.228999999999999870e-01 -2.608852560082020489e+01
7.234000000000000430e-01 -2.608405482337934700e+01
7.238999999999999879e-01 -2.607954352880673454e+01
7.244000000000000439e-01 -2.607543750422117412e+01
7.248999999999999888e-01 -2.607121493430492620e+01
7.254000000000000448e-01 -2.606738124984973481e+01
7.258999999999999897e-01 -2.606345074052578781e+01
7.264000000000000457e-01 -2.605985123003968695e+01
7.268999999999999906e-01 -2.605610122223188085e+01
7.274000000000000465e-01 -2.605247719461402767e+01
7.278999999999999915e-01 -2.604913901007702748e+01
7.282999999999999474e-01 -2.604569665592900307e+01
7.288000000000000034e-01 -2.604228354313328708e+01
7.292999999999999483e-01 -2.603910388687702593e+01
7.298000000000000043e-01 -2.603576321081071754e+01
7.302999999999999492e-01 -2.603244240517092578e+01
7.308000000000000052e-01 -2.602913785925917267e+01
7.312999999999999501e-01 -2.602609950235103753e+01
7.318000000000000060e-01 -2.602279601645049922e+01
7.322999999999999510e-01 -2.601946274110686375e+01
7.328000000000000069e-01 -2.601611185028921369e+01
7.332999999999999519e-01 -2.601270686648589958e+01
7.338000000000000078e-01 -2.600930547415210725e+01
7.342999999999999527e-01 -2.600605836019424189e+01
7.348000000000000087e-01 -2.600254471000255307e+01
7.351999999999999647e-01 -2.599893815325070534e+01
7.357000000000000206e-01 -2.599524235961316521e+01
7.361999999999999655e-01 -2.599149636742096803e+01
7.367000000000000215e-01 -2.598762786112930812e+01
7.371999999999999664e-01 -2.598366633864096187e+01
7.377000000000000224e-01 -2.597961000631839212e+01
7.381999999999999673e-01 -2.597541043523999349e+01
7.387000000000000233e-01 -2.597111298954062875e+01
7.391999999999999682e-01 -2.596666627688651374e+01
7.397000000000000242e-01 -2.596217271361591727e+01
7.401999999999999691e-01 -2.595746080240714804e+01
7.407000000000000250e-01 -2.595263092359174095e+01
7.411999999999999700e-01 -2.594768355468136178e+01
7.417000000000000259e-01 -2.594252967586595915e+01
7.421999999999999709e-01 -2.593723714598725394e+01
7.426000000000000378e-01 -2.593183023377995866e+01
7.430999999999999828e-01 -2.592622414440765866e+01
7.436000000000000387e-01 -2.592048782408733132e+01
7.440999999999999837e-01 -2.591454762133823664e+01
7.446000000000000396e-01 -2.590847083550849916e+01
7.450999999999999845e-01 -2.590222211446549849e+01
7.456000000000000405e-01 -2.589580544201255208e+01
7.460999999999999854e-01 -2.588922372096955726e+01
7.466000000000000414e-01 -2.588247443723703967e+01
7.470999999999999863e-01 -2.587558305212997567e+01
7.476000000000000423e-01 -2.586848394656098904e+01
7.480999999999999872e-01 -2.586125351286387186e+01
7.486000000000000432e-01 -2.585381261785177998e+01
7.490999999999999881e-01 -2.584625352428503575e+01
7.496000000000000441e-01 -2.583847290806631847e+01
7.500000000000000000e-01 -2.583064376245978977e+01
7.504999999999999449e-01 -2.582260033295711210e+01
7.510000000000000009e-01 -2.581440679007764061e+01
7.514999999999999458e-01 -2.580605694365560865e+01
7.520000000000000018e-01 -2.579759219021923755e+01
7.524999999999999467e-01 -2.578895813324030684e+01
7.530000000000000027e-01 -2.578019775652212076e+01
7.534999999999999476e-01 -2.577135126223270589e+01
7.540000000000000036e-01 -2.576235146440072299e+01
7.544999999999999485e-01 -2.575324029404499626e+01
7.550000000000000044e-01 -2.574399611168702862e+01
7.554999999999999494e-01 -2.573467870257547574e+01
7.560000000000000053e-01 -2.572527456880755992e+01
7.564999999999999503e-01 -2.571576059929407165e+01
7.569000000000000172e-01 -2.570619749563194034e+01
7.573999999999999622e-01 -2.569659422809610660e+01
7.579000000000000181e-01 -2.568685688854680649e+01
7.583999999999999631e-01 -2.567733738586851544e+01
7.589000000000000190e-01 -2.566754364082102313e+01
7.593999999999999639e-01 -2.565770433308401977e+01
7.599000000000000199e-01 -2.564784600915032797e+01
7.603999999999999648e-01 -2.563796817111717274e+01
7.609000000000000208e-01 -2.562809994436359062e+01
7.613999999999999657e-01 -2.561821828449396676e+01
7.619000000000000217e-01 -2.560836149563193942e+01
7.623999999999999666e-01 -2.559875730488509049e+01
7.629000000000000226e-01 -2.558896017950605284e+01
7.633999999999999675e-01 -2.557921739425739460e+01
7.639000000000000234e-01 -2.556951068027749230e+01
7.642999999999999794e-01 -2.555995638703066319e+01
7.648000000000000353e-01 -2.555065550821526088e+01
7.652999999999999803e-01 -2.554124233844061109e+01
7.658000000000000362e-01 -2.553194200669911851e+01
7.662999999999999812e-01 -2.552274869173538008e+01
7.668000000000000371e-01 -2.551389973613099471e+01
7.672999999999999821e-01 -2.550499557055078625e+01
7.678000000000000380e-01 -2.549626551415292752e+01
7.682999999999999829e-01 -2.548766064069411641e+01
7.688000000000000389e-01 -2.547948786325326154e+01
7.692999999999999838e-01 -2.547127087583658067e+01
7.698000000000000398e-01 -2.546324583260312124e+01
7.702999999999999847e-01 -2.545576327772140601e+01
7.708000000000000407e-01 -2.544816071935323265e+01
7.711999999999999966e-01 -2.544087517028228262e+01
7.717000000000000526e-01 -2.543409494772313906e+01
7.721999999999999975e-01 -2.542736557578047041e+01
7.727000000000000535e-01 -2.542086203406315192e+01
7.731999999999999984e-01 -2.541469839155236343e+01
7.737000000000000544e-01 -2.540904404361418756e+01
7.741999999999999993e-01 -2.540349914615088522e+01
7.747000000000000552e-01 -2.539850907355634391e+01
7.752000000000000002e-01 -2.539364261701688719e+01
7.756999999999999451e-01 -2.538918286532374680e+01
7.762000000000000011e-01 -2.538528748918664135e+01
7.766999999999999460e-01 -2.538155782209028644e+01
7.772000000000000020e-01 -2.537822383583575814e+01
7.776999999999999469e-01 -2.537556118435501418e+01
7.782000000000000028e-01 -2.537303962542413061e+01
7.785999999999999588e-01 -2.537096643801846696e+01
7.791000000000000147e-01 -2.536957696889569291e+01
7.795999999999999597e-01 -2.536840938697720205e+01
7.801000000000000156e-01 -2.536770427534363748e+01
7.805999999999999606e-01 -2.536772542169487465e+01
7.811000000000000165e-01 -2.536800647144707810e+01
7.815999999999999615e-01 -2.536878484513297494e+01
7.821000000000000174e-01 -2.537008431658005492e+01
7.825999999999999623e-01 -2.537214526857107799e+01
7.831000000000000183e-01 -2.537445548448456734e+01
7.835999999999999632e-01 -2.537733908969956431e+01
7.841000000000000192e-01 -2.538105386772149430e+01
7.845999999999999641e-01 -2.538506730619412721e+01
7.851000000000000201e-01 -2.538962525820351246e+01
7.854999999999999760e-01 -2.539481580758336321e+01
7.860000000000000320e-01 -2.540079951301075667e+01
7.864999999999999769e-01 -2.540719869233643990e+01
7.870000000000000329e-01 -2.541410575467196509e+01
7.874999999999999778e-01 -2.542169508815668877e+01
7.880000000000000338e-01 -2.542992617927221843e+01
7.884999999999999787e-01 -2.543901944738912846e+01
7.890000000000000346e-01 -2.544850442874123075e+01
