0.000000000000000000e+00 -2.160430337910233334e+01
2.200000000000000133e-03 -2.164648128344483879e+01
4.400000000000000265e-03 -2.169778212699168662e+01
6.599999999999999964e-03 -2.175868753960458335e+01
8.800000000000000530e-03 -2.182939077966508634e+01
1.110000000000000049e-02 -2.190991113561983283e+01
1.329999999999999932e-02 -2.200065386014403757e+01
1.549999999999999989e-02 -2.210159174794733161e+01
1.770000000000000046e-02 -2.221317323163829371e+01
1.990000000000000102e-02 -2.233543268493142264e+01
2.210000000000000159e-02 -2.246889267063439632e+01
2.429999999999999868e-02 -2.261368154189847601e+01
2.649999999999999925e-02 -2.277048380073568268e+01
2.869999999999999982e-02 -2.293963476006485180e+01
3.090000000000000038e-02 -2.312200494067312562e+01
3.320000000000000034e-02 -2.331814725862979998e+01
3.540000000000000091e-02 -2.352920128758638896e+01
3.760000000000000148e-02 -2.375628496216176089e+01
3.980000000000000204e-02 -2.400037175967031899e+01
4.200000000000000261e-02 -2.426307111775220093e+01
4.420000000000000318e-02 -2.454601201942037747e+01
4.639999999999999680e-02 -2.485087941460784577e+01
4.859999999999999737e-02 -2.517937528811568271e+01
5.079999999999999793e-02 -2.553406286926947644e+01
5.310000000000000137e-02 -2.591670676121341543e+01
5.530000000000000193e-02 -2.633014132930170348e+01
5.750000000000000250e-02 -2.677645594443425026e+01
5.970000000000000306e-02 -2.725852797306904307e+01
6.189999999999999669e-02 -2.777940427752179531e+01
6.410000000000000420e-02 -2.834136554353180060e+01
6.629999999999999782e-02 -2.894763492711223662e+01
6.850000000000000533e-02 -2.960108674118194116e+01
7.069999999999999896e-02 -3.030442613683602104e+01
7.290000000000000646e-02 -3.106087165453079990e+01
7.520000000000000295e-02 -3.187334117494332730e+01
7.739999999999999658e-02 -3.274394355984101423e+01
7.960000000000000409e-02 -3.367607057910625912e+01
8.179999999999999771e-02 -3.467193759032659273e+01
8.400000000000000522e-02 -3.573360276158413029e+01
8.619999999999999885e-02 -3.686359367267355935e+01
8.840000000000000635e-02 -3.806351914612442755e+01
9.059999999999999998e-02 -3.933548773401575005e+01
9.279999999999999361e-02 -4.068013275686504926e+01
9.510000000000000397e-02 -4.209946320436783651e+01
9.729999999999999760e-02 -4.359335327283910289e+01
9.950000000000000511e-02 -4.516331331044264630e+01
1.016999999999999987e-01 -4.680861794885035465e+01
1.039000000000000062e-01 -4.852895886262665215e+01
1.060999999999999999e-01 -5.032487829093172138e+01
1.082999999999999935e-01 -5.219401183546222001e+01
1.105000000000000010e-01 -5.413652123336788691e+01
1.126999999999999946e-01 -5.614983293435623324e+01
1.149000000000000021e-01 -5.823209229292039879e+01
1.171999999999999986e-01 -6.038145292583418922e+01
1.194000000000000061e-01 -6.259518467835005850e+01
1.215999999999999998e-01 -6.487014201679252778e+01
1.237999999999999934e-01 -6.720339789703004385e+01
1.260000000000000009e-01 -6.959164973032740420e+01
1.282000000000000084e-01 -7.203044554484648643e+01
1.303999999999999881e-01 -7.451736252386992021e+01
1.325999999999999956e-01 -7.704658870181640395e+01
1.348000000000000032e-01 -7.961453808405182997e+01
1.370999999999999996e-01 -8.221698549421221003e+01
1.393000000000000071e-01 -8.484868700318462231e+01
1.414999999999999869e-01 -8.750524787177593566e+01
1.436999999999999944e-01 -9.018260328350261545e+01
1.459000000000000019e-01 -9.287408266125055434e+01
1.481000000000000094e-01 -9.557626409576856474e+01
1.502999999999999892e-01 -9.828324281146257135e+01
1.524999999999999967e-01 -1.009900729482528021e+02
1.547000000000000042e-01 -1.036923440278204680e+02
1.569000000000000117e-01 -1.063841004332668234e+02
1.592000000000000082e-01 -1.090615304102990422e+02
1.613999999999999879e-01 -1.117179689245251240e+02
1.635999999999999954e-01 -1.143499229110970816e+02
1.658000000000000029e-01 -1.169513342226536849e+02
1.680000000000000104e-01 -1.195181971140018646e+02
1.701999999999999902e-01 -1.220457552583641387e+02
1.723999999999999977e-01 -1.245280866982072752e+02
1.746000000000000052e-01 -1.269605632748375257e+02
1.768000000000000127e-01 -1.293408389471299529e+02
1.791000000000000092e-01 -1.316620460680067310e+02
1.812999999999999889e-01 -1.339209184155295418e+02
1.834999999999999964e-01 -1.361117653193709884e+02
1.857000000000000040e-01 -1.382316967238809866e+02
1.879000000000000115e-01 -1.402767206983479582e+02
1.900999999999999912e-01 -1.422426294349934608e+02
1.922999999999999987e-01 -1.441242228216129888e+02
1.945000000000000062e-01 -1.459205180835112401e+02
1.967000000000000137e-01 -1.476251860083464749e+02
1.988999999999999935e-01 -1.492344553028706002e+02
2.011999999999999900e-01 -1.507482135846568383e+02
2.033999999999999975e-01 -1.521601496818115606e+02
2.056000000000000050e-01 -1.534688710152215378e+02
2.078000000000000125e-01 -1.546716777107217808e+02
2.099999999999999922e-01 -1.557644420977703135e+02
2.121999999999999997e-01 -1.567463542063202908e+02
2.144000000000000072e-01 -1.576153331762903349e+02
2.165999999999999870e-01 -1.583695437868491922e+02
2.187999999999999945e-01 -1.590074607608401607e+02
2.210999999999999910e-01 -1.595261575283061006e+02
2.232999999999999985e-01 -1.599261884276382375e+02
2.255000000000000060e-01 -1.602068241919712079e+02
2.277000000000000135e-01 -1.603660927023913132e+02
2.298999999999999932e-01 -1.604054658940820275e+02
2.321000000000000008e-01 -1.603251039436181884e+02
2.343000000000000083e-01 -1.601256004620863678e+02
2.364999999999999880e-01 -1.598077202966033497e+02
2.386999999999999955e-01 -1.593710604923180938e+02
2.409000000000000030e-01 -1.588186140094475434e+02
2.431999999999999995e-01 -1.581521370240815827e+02
2.454000000000000070e-01 -1.573722184031192057e+02
2.475999999999999868e-01 -1.564826144414867599e+02
2.497999999999999943e-01 -1.554859631454797295e+02
2.520000000000000018e-01 -1.543851053094657289e+02
2.541999999999999815e-01 -1.531815671100196425e+02
2.564000000000000168e-01 -1.518815673468765226e+02
2.585999999999999965e-01 -1.504841704259321489e+02
2.607999999999999763e-01 -1.489974702613635316e+02
2.631000000000000005e-01 -1.474220442912419458e+02
2.652999999999999803e-01 -1.457636188428257071e+02
2.675000000000000155e-01 -1.440258437278841654e+02
2.696999999999999953e-01 -1.422126711341791179e+02
2.718999999999999750e-01 -1.403269569879503820e+02
2.741000000000000103e-01 -1.383740290764147289e+02
2.762999999999999901e-01 -1.363566207232180147e+02
2.785000000000000253e-01 -1.342799626914375892e+02
2.807000000000000051e-01 -1.321482069484396504e+02
2.828999999999999848e-01 -1.299650898652566013e+02
2.852000000000000091e-01 -1.277329698319187656e+02
2.873999999999999888e-01 -1.254560468052891906e+02
2.896000000000000241e-01 -1.231387498204599069e+02
2.918000000000000038e-01 -1.207845588029999959e+02
2.939999999999999836e-01 -1.183958196889838348e+02
2.962000000000000188e-01 -1.159767847716626648e+02
2.983999999999999986e-01 -1.135294021145127346e+02
3.005999999999999783e-01 -1.110577168391269254e+02
3.028000000000000136e-01 -1.085625418395574826e+02
3.050999999999999823e-01 -1.060486927289720711e+02
3.073000000000000176e-01 -1.035189118605434686e+02
3.094999999999999973e-01 -1.009736855815877021e+02
3.116999999999999771e-01 -9.841656421367592600e+01
3.139000000000000123e-01 -9.585085389002217937e+01
3.160999999999999921e-01 -9.327727991996749779e+01
3.183000000000000274e-01 -9.070000222796669220e+01
3.205000000000000071e-01 -8.811945814794651710e+01
3.226999999999999869e-01 -8.553924784665036896e+01
3.249000000000000221e-01 -8.296060844119774913e+01
3.271999999999999909e-01 -8.038700580898880332e+01
3.294000000000000261e-01 -7.782063955341010342e+01
3.316000000000000059e-01 -7.526389585873656074e+01
3.337999999999999856e-01 -7.271932497363108894e+01
3.360000000000000209e-01 -7.018967563077163163e+01
3.382000000000000006e-01 -6.767762789184789085e+01
3.403999999999999804e-01 -6.518600962453987790e+01
3.426000000000000156e-01 -6.271773075553523569e+01
3.447999999999999954e-01 -6.027584016056042060e+01
3.471000000000000196e-01 -5.786318615548447752e+01
3.492999999999999994e-01 -5.548313195452410440e+01
3.514999999999999791e-01 -5.313868103680212585e+01
3.537000000000000144e-01 -5.083286449324403833e+01
3.558999999999999941e-01 -4.856904494298288455e+01
3.580999999999999739e-01 -4.635024768820888141e+01
3.603000000000000091e-01 -4.417960463325826481e+01
3.624999999999999889e-01 -4.206016784965532906e+01
3.647000000000000242e-01 -3.999488343216980013e+01
3.669000000000000039e-01 -3.798657449077028048e+01
3.691999999999999726e-01 -3.603790935277890384e+01
3.714000000000000079e-01 -3.415166342335461280e+01
3.735999999999999877e-01 -3.232989770502701532e+01
3.758000000000000229e-01 -3.057488002693340690e+01
3.780000000000000027e-01 -2.888851364745534411e+01
3.801999999999999824e-01 -2.727240083570303852e+01
3.824000000000000177e-01 -2.572801071058564304e+01
3.845999999999999974e-01 -2.425641262972469647e+01
3.867999999999999772e-01 -2.285839584345527697e+01
3.891000000000000014e-01 -2.153447409326085094e+01
3.912999999999999812e-01 -2.028500607824861035e+01
3.935000000000000164e-01 -1.910972470547987001e+01
3.956999999999999962e-01 -1.800830566887537643e+01
3.978999999999999759e-01 -1.698008322771073253e+01
4.001000000000000112e-01 -1.602404768954046332e+01
4.022999999999999909e-01 -1.513901720814183349e+01
4.045000000000000262e-01 -1.432351005173098990e+01
4.067000000000000060e-01 -1.357580443488085109e+01
4.088999999999999857e-01 -1.289398153372002476e+01
4.112000000000000099e-01 -1.227593347421229097e+01
4.133999999999999897e-01 -1.171948846407157596e+01
4.156000000000000250e-01 -1.122219855664767252e+01
4.178000000000000047e-01 -1.078163484233783009e+01
4.199999999999999845e-01 -1.039526339356041262e+01
4.222000000000000197e-01 -1.006053722193811595e+01
4.243999999999999995e-01 -9.774871361444988693e+00
4.265999999999999792e-01 -9.535773728934021420e+00
4.288000000000000145e-01 -9.340745330663594359e+00
4.310999999999999832e-01 -9.187392107941825259e+00
4.333000000000000185e-01 -9.073423867600116210e+00
4.354999999999999982e-01 -8.996685578399555183e+00
4.376999999999999780e-01 -8.955155102340176754e+00
4.399000000000000132e-01 -8.946953306207955592e+00
4.420999999999999930e-01 -8.970406006721857395e+00
4.442999999999999727e-01 -9.023990068879751192e+00
4.465000000000000080e-01 -9.106396301354120482e+00
4.486999999999999877e-01 -9.216458576295263327e+00
4.509000000000000230e-01 -9.353218707739980431e+00
4.531999999999999917e-01 -9.515887873872388880e+00
4.554000000000000270e-01 -9.703804966157578704e+00
4.576000000000000068e-01 -9.916510809715394004e+00
4.597999999999999865e-01 -1.015366195456935294e+01
4.620000000000000218e-01 -1.041502630684380115e+01
4.642000000000000015e-01 -1.070043780753118590e+01
4.663999999999999813e-01 -1.100986833325207925e+01
4.686000000000000165e-01 -1.134326890278161137e+01
4.707999999999999963e-01 -1.170064746515871157e+01
4.731000000000000205e-01 -1.208201085926701346e+01
4.753000000000000003e-01 -1.248732059885344903e+01
4.774999999999999800e-01 -1.291651525778836351e+01
4.797000000000000153e-01 -1.336943904278486883e+01
4.818999999999999950e-01 -1.384586403162564849e+01
4.840999999999999748e-01 -1.434539037808796280e+01
4.863000000000000100e-01 -1.486758011614586117e+01
4.884999999999999898e-01 -1.541174147288901075e+01
4.907000000000000250e-01 -1.597710651626550771e+01
4.929000000000000048e-01 -1.656270942329800988e+01
4.951999999999999735e-01 -1.716742386464493109e+01
4.974000000000000088e-01 -1.778988744880440009e+01
4.995999999999999885e-01 -1.842869585784578135e+01
5.018000000000000238e-01 -1.908213777605006101e+01
5.040000000000000036e-01 -1.974845027047123125e+01
5.061999999999999833e-01 -2.042565653243684309e+01
5.083999999999999631e-01 -2.111166566386902588e+01
5.106000000000000538e-01 -2.180422181228666290e+01
5.128000000000000336e-01 -2.250110194818597975e+01
5.151000000000000023e-01 -2.319990941425998088e+01
5.172999999999999821e-01 -2.389816969382844647e+01
5.194999999999999618e-01 -2.459339643231534822e+01
5.217000000000000526e-01 -2.528337612520393662e+01
5.239000000000000323e-01 -2.596526935720542539e+01
5.261000000000000121e-01 -2.663696147923672086e+01
5.282999999999999918e-01 -2.729607372822209399e+01
5.304999999999999716e-01 -2.794028405320048236e+01
5.326999999999999513e-01 -2.856773603754278668e+01
5.349000000000000421e-01 -2.917589828562940824e+01
5.372000000000000108e-01 -2.976373332919212444e+01
5.393999999999999906e-01 -3.032924739735636166e+01
5.415999999999999703e-01 -3.087072990471545708e+01
5.437999999999999501e-01 -3.138747801913711299e+01
5.460000000000000409e-01 -3.187809238523413669e+01
5.482000000000000206e-01 -3.234203423233213215e+01
5.504000000000000004e-01 -3.277834793414558590e+01
5.525999999999999801e-01 -3.318694771195362136e+01
5.547999999999999599e-01 -3.356723602440585097e+01
5.571000000000000396e-01 -3.391991642693353270e+01
5.593000000000000194e-01 -3.424444286611913668e+01
5.614999999999999991e-01 -3.454188609140190636e+01
5.636999999999999789e-01 -3.481245511820471705e+01
5.658999999999999586e-01 -3.505715624469531377e+01
5.681000000000000494e-01 -3.527643397422600202e+01
5.703000000000000291e-01 -3.547120788122717272e+01
5.725000000000000089e-01 -3.564286354906971610e+01
5.746999999999999886e-01 -3.579248824507574511e+01
5.768999999999999684e-01 -3.592121392901282206e+01
5.792000000000000481e-01 -3.602984012382157886e+01
5.814000000000000279e-01 -3.611990648687577732e+01
5.836000000000000076e-01 -3.619293672065910528e+01
5.857999999999999874e-01 -3.624934358251603328e+01
5.879999999999999671e-01 -3.629061011759706901e+01
5.901999999999999469e-01 -3.631777072822643504e+01
5.924000000000000377e-01 -3.633176749665709337e+01
5.946000000000000174e-01 -3.633388711444045782e+01
5.967999999999999972e-01 -3.632417868930924243e+01
5.990999999999999659e-01 -3.630373748847048176e+01
6.012999999999999456e-01 -3.627356298612100716e+01
6.035000000000000364e-01 -3.623378856814379390e+01
6.057000000000000162e-01 -3.618446810278171455e+01
6.078999999999999959e-01 -3.612668366915934115e+01
6.100999999999999757e-01 -3.606030435355206976e+01
6.122999999999999554e-01 -3.598516218814583567e+01
6.145000000000000462e-01 -3.590206829676789368e+01
6.167000000000000259e-01 -3.581033701960493687e+01
6.189000000000000057e-01 -3.571070807994808405e+01
6.211999999999999744e-01 -3.560244258969247255e+01
6.233999999999999542e-01 -3.548580628959196304e+01
6.256000000000000449e-01 -3.536075281126688452e+01
6.278000000000000247e-01 -3.522722438837315906e+01
6.300000000000000044e-01 -3.508518100124157257e+01
6.321999999999999842e-01 -3.493457265881268370e+01
6.343999999999999639e-01 -3.477510757744752112e+01
6.366000000000000547e-01 -3.460718413935487092e+01
6.388000000000000345e-01 -3.443090560917467968e+01
6.411000000000000032e-01 -3.424617098203399479e+01
6.432999999999999829e-01 -3.405387593459931139e+01
6.454999999999999627e-01 -3.385364102712838985e+01
6.477000000000000535e-01 -3.364621545537548286e+01
6.499000000000000332e-01 -3.343205747414590689e+01
6.521000000000000130e-01 -3.321167204141914908e+01
6.542999999999999927e-01 -3.298569304186226248e+01
6.564999999999999725e-01 -3.275435882952055522e+01
6.586999999999999522e-01 -3.251905138070240042e+01
6.609000000000000430e-01 -3.228017157426270245e+01
6.632000000000000117e-01 -3.203811599593118586e+01
6.653999999999999915e-01 -3.179438092204651056e+01
6.675999999999999712e-01 -3.154934907269380062e+01
6.697999999999999510e-01 -3.130415122021268104e+01
6.720000000000000417e-01 -3.105888628011428665e+01
6.742000000000000215e-01 -3.081494509549295557e+01
6.764000000000000012e-01 -3.057269758096575529e+01
6.785999999999999810e-01 -3.033281846295221484e+01
6.807999999999999607e-01 -3.009617456979400174e+01
6.831000000000000405e-01 -2.986295443526773497e+01
6.853000000000000203e-01 -2.963371295915992931e+01
6.875000000000000000e-01 -2.940900789479118771e+01
6.896999999999999797e-01 -2.918889279108407564e+01
6.918999999999999595e-01 -2.897387323498572442e+01
6.941000000000000503e-01 -2.876372687826138019e+01
6.963000000000000300e-01 -2.855864435077274877e+01
6.985000000000000098e-01 -2.835852591268950107e+01
7.006999999999999895e-01 -2.816332251841489409e+01
7.028999999999999693e-01 -2.797276436553482171e+01
7.052000000000000490e-01 -2.778661218441979486e+01
7.074000000000000288e-01 -2.760459373746748923e+01
7.096000000000000085e-01 -2.742629240801099755e+01
7.117999999999999883e-01 -2.725136539147335313e+01
7.139999999999999680e-01 -2.707939774596804838e+01
7.161999999999999478e-01 -2.690996048401184026e+01
7.184000000000000385e-01 -2.674258564047283215e+01
7.206000000000000183e-01 -2.657694708839537157e+01
7.227999999999999980e-01 -2.641263590198592937e+01
7.250999999999999668e-01 -2.624928868541658744e+01
7.272999999999999465e-01 -2.608664241964466868e+01
7.295000000000000373e-01 -2.592444401374422469e+01
7.317000000000000171e-01 -2.576251677145563335e+01
7.338999999999999968e-01 -2.560071366059295883e+01
7.360999999999999766e-01 -2.543906052648488370e+01
7.382999999999999563e-01 -2.527752142456274953e+01
7.405000000000000471e-01 -2.511625018495631778e+01
7.427000000000000268e-01 -2.495538881839424761e+01
7.449000000000000066e-01 -2.479522419523872045e+01
7.471999999999999753e-01 -2.463605411332166284e+01
7.493999999999999551e-01 -2.447832402358195125e+01
7.516000000000000458e-01 -2.432237442590774279e+01
7.538000000000000256e-01 -2.416874135438500204e+01
7.560000000000000053e-01 -2.401795081258994813e+01
7.581999999999999851e-01 -2.387048883628472140e+01
7.603999999999999648e-01 -2.372694133606395184e+01
7.625999999999999446e-01 -2.358784435663032752e+01
7.648000000000000353e-01 -2.345376287205628074e+01
7.671000000000000041e-01 -2.332519893705794090e+01
7.692999999999999838e-01 -2.320262458775499326e+01
7.714999999999999636e-01 -2.308646085150557781e+01
7.737000000000000544e-01 -2.297712474690597872e+01
7.759000000000000341e-01 -2.287489739107725484e+01
7.781000000000000139e-01 -2.278003380726479676e+01
7.802999999999999936e-01 -2.269266510633129386e+01
7.824999999999999734e-01 -2.261287632940321046e+01
7.846999999999999531e-01 -2.254066755247512788e+01
7.869000000000000439e-01 -2.247589790160863643e+01
7.892000000000000126e-01 -2.241840316098847907e+01
7.913999999999999924e-01 -2.236788716044740610e+01
7.935999999999999721e-01 -2.232402720783695926e+01
7.957999999999999519e-01 -2.228630272281667146e+01
7.980000000000000426e-01 -2.225424365800168403e+01
8.002000000000000224e-01 -2.222730807776387962e+01
8.024000000000000021e-01 -2.220484108313133476e+01
8.045999999999999819e-01 -2.218620765622297952e+01
8.067999999999999616e-01 -2.217070086141068685e+01
8.091000000000000414e-01 -2.215762617893820163e+01
8.113000000000000211e-01 -2.214630611979537989e+01
8.135000000000000009e-01 -2.213604017746263253e+01
8.156999999999999806e-01 -2.212616183146379711e+01
8.178999999999999604e-01 -2.211605903262591610e+01
8.201000000000000512e-01 -2.210515774697492830e+01
8.223000000000000309e-01 -2.209294392086761505e+01
8.245000000000000107e-01 -2.207900046758075518e+01
8.266999999999999904e-01 -2.206296333972948887e+01
8.288999999999999702e-01 -2.204454047294194297e+01
8.312000000000000499e-01 -2.202357992632363448e+01
8.334000000000000297e-01 -2.199997810414081556e+01
8.356000000000000094e-01 -2.197375944298565287e+01
8.377999999999999892e-01 -2.194501769868348617e+01
8.399999999999999689e-01 -2.191399973355001762e+01
8.421999999999999487e-01 -2.188096253864471308e+01
8.444000000000000394e-01 -2.184630898343571559e+01
8.466000000000000192e-01 -2.181047403931329498e+01
8.487999999999999989e-01 -2.177403158200397471e+01
8.510999999999999677e-01 -2.173755519276092940e+01
8.532999999999999474e-01 -2.170167907596950485e+01
8.555000000000000382e-01 -2.166707893336869972e+01
8.577000000000000179e-01 -2.163448813632048839e+01
8.598999999999999977e-01 -2.160460271701080615e+01
8.620999999999999774e-01 -2.157817562447858251e+01
8.642999999999999572e-01 -2.155590191057894600e+01
8.665000000000000480e-01 -2.153850554938432893e+01
8.687000000000000277e-01 -2.152666358291526549e+01
8.709000000000000075e-01 -2.152097208359011660e+01
8.731999999999999762e-01 -2.152208903963068920e+01
8.753999999999999559e-01 -2.153040455968396927e+01
8.776000000000000467e-01 -2.154674038847814543e+01
8.798000000000000265e-01 -2.157118014306585252e+01
8.820000000000000062e-01 -2.160430337910233334e+01
