0.000000000000000000e+00 -2.920689144437325879e+01
5.999999999999999474e-04 -2.922003283149976127e+01
1.100000000000000066e-03 -2.923391716720418643e+01
1.699999999999999905e-03 -2.924857127388104772e+01
2.200000000000000133e-03 -2.926364999496299646e+01
2.799999999999999972e-03 -2.927985136417323275e+01
3.299999999999999982e-03 -2.929677578336651678e+01
3.899999999999999821e-03 -2.931453541605569413e+01
4.400000000000000265e-03 -2.933303466894075839e+01
5.000000000000000104e-03 -2.935233755115921994e+01
5.499999999999999681e-03 -2.937241552378722531e+01
6.100000000000000387e-03 -2.939333719973962289e+01
6.599999999999999964e-03 -2.941500430181425330e+01
7.199999999999999803e-03 -2.943753789313135982e+01
7.700000000000000247e-03 -2.946080598765795244e+01
8.300000000000000086e-03 -2.948499232405668380e+01
8.800000000000000530e-03 -2.951018119991566735e+01
9.400000000000000369e-03 -2.953601878058848129e+01
9.900000000000000813e-03 -2.956257569101621385e+01
1.050000000000000065e-02 -2.959005427553000089e+01
1.099999999999999936e-02 -2.961859739626562416e+01
1.159999999999999920e-02 -2.964775654641482205e+01
1.209999999999999964e-02 -2.967797054437323823e+01
1.269999999999999948e-02 -2.970883265725913702e+01
1.319999999999999993e-02 -2.974076333911142811e+01
1.379999999999999977e-02 -2.977333572329211719e+01
1.430000000000000021e-02 -2.980696229517043960e+01
1.490000000000000005e-02 -2.984127062288297338e+01
1.540000000000000049e-02 -2.987665874422114953e+01
1.600000000000000033e-02 -2.991298570441374238e+01
1.650000000000000078e-02 -2.994983552858284526e+01
1.710000000000000062e-02 -2.998795621990739591e+01
1.760000000000000106e-02 -3.002686666536839866e+01
1.820000000000000090e-02 -3.006648467509192102e+01
1.870000000000000134e-02 -3.010716801455383163e+01
1.930000000000000118e-02 -3.014890113566554319e+01
1.980000000000000163e-02 -3.019143082600318095e+01
2.040000000000000147e-02 -3.023500337588954068e+01
2.089999999999999844e-02 -3.027938756063309356e+01
2.149999999999999828e-02 -3.032481253289246936e+01
2.210000000000000159e-02 -3.037084330142162614e+01
2.259999999999999856e-02 -3.041833860064962280e+01
2.319999999999999840e-02 -3.046662823066078829e+01
2.369999999999999885e-02 -3.051578484862250562e+01
2.429999999999999868e-02 -3.056603468348551544e+01
2.479999999999999913e-02 -3.061713986114968122e+01
2.539999999999999897e-02 -3.066937002108108246e+01
2.589999999999999941e-02 -3.072250425143938202e+01
2.649999999999999925e-02 -3.077678987855514947e+01
2.699999999999999969e-02 -3.083195264941102920e+01
2.759999999999999953e-02 -3.088862261709298451e+01
2.809999999999999998e-02 -3.094587856342020160e+01
2.869999999999999982e-02 -3.100441867166999188e+01
2.920000000000000026e-02 -3.106415445842536371e+01
2.980000000000000010e-02 -3.112486679935937417e+01
3.030000000000000054e-02 -3.118651575518446961e+01
3.090000000000000038e-02 -3.124979435999912170e+01
3.139999999999999736e-02 -3.131373910975899832e+01
3.200000000000000067e-02 -3.137936832899527673e+01
3.250000000000000111e-02 -3.144566998037105421e+01
3.309999999999999748e-02 -3.151368209313958957e+01
3.359999999999999792e-02 -3.158243909047065401e+01
3.420000000000000123e-02 -3.165292825553162004e+01
3.470000000000000168e-02 -3.172454011242874117e+01
3.529999999999999805e-02 -3.179729976866547503e+01
3.579999999999999849e-02 -3.187152201646312477e+01
3.640000000000000180e-02 -3.194725772384587259e+01
3.690000000000000224e-02 -3.202418522144059665e+01
3.749999999999999861e-02 -3.210239789904114360e+01
3.799999999999999906e-02 -3.218214154299450769e+01
3.860000000000000236e-02 -3.226352560590562746e+01
3.910000000000000281e-02 -3.234619901953457344e+01
3.969999999999999918e-02 -3.243060229861959698e+01
4.019999999999999962e-02 -3.251630868947051312e+01
4.080000000000000293e-02 -3.260414433466124962e+01
4.130000000000000338e-02 -3.269303123784261800e+01
4.189999999999999974e-02 -3.278378568674208537e+01
4.240000000000000019e-02 -3.287598374915229016e+01
4.299999999999999656e-02 -3.297045391112526858e+01
4.349999999999999700e-02 -3.306607443849392780e+01
4.410000000000000031e-02 -3.316374843874439193e+01
4.469999999999999668e-02 -3.326343376488399173e+01
4.519999999999999712e-02 -3.336449458726278294e+01
4.580000000000000043e-02 -3.346807068198941693e+01
4.630000000000000088e-02 -3.357328859196584148e+01
4.689999999999999725e-02 -3.368045177699292481e+01
4.739999999999999769e-02 -3.378966285650772505e+01
4.800000000000000100e-02 -3.390121966747934579e+01
4.850000000000000144e-02 -3.401460972293578777e+01
4.909999999999999781e-02 -3.413008562434175985e+01
4.959999999999999826e-02 -3.424780440634447842e+01
5.020000000000000157e-02 -3.436807792857369748e+01
5.070000000000000201e-02 -3.449064411818808651e+01
5.129999999999999838e-02 -3.461554535308912506e+01
5.179999999999999882e-02 -3.474250334836206378e+01
5.240000000000000213e-02 -3.487222948447730886e+01
5.290000000000000258e-02 -3.500443099511000611e+01
5.349999999999999895e-02 -3.513918435474634094e+01
5.399999999999999939e-02 -3.527616722932581439e+01
5.460000000000000270e-02 -3.541648474253408807e+01
5.510000000000000314e-02 -3.555879923079045568e+01
5.569999999999999951e-02 -3.570456788571299001e+01
5.619999999999999996e-02 -3.585278083818310080e+01
5.680000000000000326e-02 -3.600420275496949785e+01
5.729999999999999677e-02 -3.615781730191165622e+01
5.790000000000000008e-02 -3.631515888298536510e+01
5.840000000000000052e-02 -3.647512343706559790e+01
5.899999999999999689e-02 -3.663857582670151913e+01
5.949999999999999734e-02 -3.680474173219307943e+01
6.010000000000000064e-02 -3.697452633645479381e+01
6.060000000000000109e-02 -3.714750927219721177e+01
6.119999999999999746e-02 -3.732389911777065095e+01
6.169999999999999790e-02 -3.750320266853724860e+01
6.230000000000000121e-02 -3.768678210932745287e+01
6.279999999999999472e-02 -3.787301140961918833e+01
6.339999999999999802e-02 -3.806327141052180707e+01
6.389999999999999847e-02 -3.825703541094166837e+01
6.450000000000000178e-02 -3.845460767229392474e+01
6.500000000000000222e-02 -3.865580324191408579e+01
6.560000000000000553e-02 -3.886129700347133564e+01
6.619999999999999496e-02 -3.907041912037426101e+01
6.669999999999999540e-02 -3.928280916573108072e+01
6.729999999999999871e-02 -3.950010750276462801e+01
6.779999999999999916e-02 -3.972088760667333673e+01
6.840000000000000246e-02 -3.994638012470949207e+01
6.890000000000000291e-02 -4.017545678508222551e+01
6.950000000000000622e-02 -4.040934643432224505e+01
7.000000000000000666e-02 -4.064692041942035416e+01
7.059999999999999609e-02 -4.088950483625222887e+01
7.109999999999999654e-02 -4.113586483367666347e+01
7.169999999999999984e-02 -4.138734197706306617e+01
7.220000000000000029e-02 -4.164272541963028118e+01
7.280000000000000360e-02 -4.190374096962412409e+01
7.330000000000000404e-02 -4.216837130787426702e+01
7.389999999999999347e-02 -4.243840631663407947e+01
7.439999999999999392e-02 -4.271249354450029045e+01
7.499999999999999722e-02 -4.299257704436890748e+01
7.549999999999999767e-02 -4.327641059177225458e+01
7.610000000000000098e-02 -4.356593867709196388e+01
7.660000000000000142e-02 -4.386014575332780652e+01
7.720000000000000473e-02 -4.415974728959763951e+01
7.770000000000000517e-02 -4.446372560855117939e+01
7.829999999999999460e-02 -4.477407154900168962e+01
7.879999999999999505e-02 -4.508844566255951491e+01
7.939999999999999836e-02 -4.540889894385227876e+01
7.989999999999999880e-02 -4.573432758502923434e+01
8.050000000000000211e-02 -4.606551831208387426e+01
8.100000000000000255e-02 -4.640131882340422464e+01
8.160000000000000586e-02 -4.674389844884461809e+01
8.210000000000000631e-02 -4.709072304546975829e+01
8.269999999999999574e-02 -4.744403186828917285e+01
8.319999999999999618e-02 -4.780206381564786966e+01
8.379999999999999949e-02 -4.816716246360675768e+01
8.429999999999999993e-02 -4.853657132598716117e+01
8.490000000000000324e-02 -4.891270294336043634e+01
8.540000000000000369e-02 -4.929370016166264179e+01
8.599999999999999312e-02 -4.968151226206109783e+01
8.649999999999999356e-02 -5.007424191418402160e+01
8.709999999999999687e-02 -5.047390846687986254e+01
8.759999999999999731e-02 -5.087850265268877337e+01
8.820000000000000062e-02 -5.129020451300540628e+01
8.880000000000000393e-02 -5.170734637215323204e+01
8.930000000000000437e-02 -5.213006721772244134e+01
8.989999999999999380e-02 -5.255997014435639159e+01
9.039999999999999425e-02 -5.299493702172458143e+01
9.099999999999999756e-02 -5.343715937882345912e+01
9.149999999999999800e-02 -5.388393719810015625e+01
9.210000000000000131e-02 -5.433858788990747257e+01
9.260000000000000175e-02 -5.479833342501091664e+01
9.320000000000000506e-02 -5.526498223050753467e+01
9.370000000000000551e-02 -5.573729870165345801e+01
9.429999999999999494e-02 -5.621653972373395192e+01
9.479999999999999538e-02 -5.670090604204440154e+01
9.539999999999999869e-02 -5.719338701749763487e+01
9.589999999999999913e-02 -5.769040872717726387e+01
9.650000000000000244e-02 -5.819509600095425128e+01
9.700000000000000289e-02 -5.870486465179765645e+01
9.760000000000000620e-02 -5.922229850833118547e+01
9.810000000000000664e-02 -5.974482948423472095e+01
9.869999999999999607e-02 -6.027510937554612269e+01
9.919999999999999651e-02 -6.080982281060905592e+01
9.979999999999999982e-02 -6.135291244761290130e+01
1.003000000000000003e-01 -6.190103166514638389e+01
1.009000000000000036e-01 -6.245641689333343294e+01
1.014000000000000040e-01 -6.301727465890427027e+01
1.019999999999999934e-01 -6.358547396540020458e+01
1.024999999999999939e-01 -6.415848719269109779e+01
1.030999999999999972e-01 -6.473943542796580175e+01
1.035999999999999976e-01 -6.532582824695896306e+01
1.042000000000000010e-01 -6.591943652429178258e+01
1.047000000000000014e-01 -6.651798378074578011e+01
1.053000000000000047e-01 -6.712372594946018012e+01
1.058000000000000052e-01 -6.773473987167440669e+01
1.063999999999999946e-01 -6.835365370414051256e+01
1.068999999999999950e-01 -6.897669640411393743e+01
1.074999999999999983e-01 -6.960823396690861387e+01
1.079999999999999988e-01 -7.024355894692999414e+01
1.086000000000000021e-01 -7.088745197091735406e+01
1.091000000000000025e-01 -7.153522221454331032e+01
1.097000000000000058e-01 -7.219080527041315065e+01
1.102999999999999953e-01 -7.285152706554477220e+01
1.107999999999999957e-01 -7.351749124184090078e+01
1.113999999999999990e-01 -7.419126000419004185e+01
1.118999999999999995e-01 -7.486932715204298461e+01
1.125000000000000028e-01 -7.555417224068216342e+01
1.130000000000000032e-01 -7.624407904418661985e+01
1.136000000000000065e-01 -7.694146800917825146e+01
1.140999999999999931e-01 -7.764213040183260262e+01
1.146999999999999964e-01 -7.835048588583237006e+01
1.151999999999999968e-01 -7.906351421486395736e+01
1.158000000000000002e-01 -7.978316671396808601e+01
1.163000000000000006e-01 -8.050655556846810157e+01
1.169000000000000039e-01 -8.123749152930055573e+01
1.174000000000000044e-01 -8.197206454605871784e+01
1.179999999999999938e-01 -8.271387899490372320e+01
1.184999999999999942e-01 -8.345917308807133850e+01
1.190999999999999975e-01 -8.421098411953899188e+01
1.195999999999999980e-01 -8.496697179908674968e+01
1.202000000000000013e-01 -8.572912700360726035e+01
1.207000000000000017e-01 -8.649536297465891721e+01
1.213000000000000050e-01 -8.726787677244637109e+01
1.218000000000000055e-01 -8.804341447880570115e+01
1.223999999999999949e-01 -8.882659351837354222e+01
1.228999999999999954e-01 -8.961178725586235316e+01
1.234999999999999987e-01 -9.040397992299807584e+01
1.239999999999999991e-01 -9.119881109437456246e+01
1.246000000000000024e-01 -9.200015543779741733e+01
1.250999999999999890e-01 -9.280406427318511930e+01
1.257000000000000062e-01 -9.361372331715433859e+01
1.262000000000000066e-01 -9.442648217275116451e+01
1.267999999999999960e-01 -9.524583728545619010e+01
1.272999999999999965e-01 -9.606639924590568569e+01
1.279000000000000137e-01 -9.689310829116350021e+01
1.283999999999999864e-01 -9.772281878711491743e+01
1.290000000000000036e-01 -9.855762358527846345e+01
1.295000000000000040e-01 -9.939413751916764284e+01
1.300999999999999934e-01 -1.002378018413184577e+02
1.305999999999999939e-01 -1.010818982593040261e+02
1.312000000000000111e-01 -1.019319550309907214e+02
1.317000000000000115e-01 -1.027834264820555887e+02
1.323000000000000009e-01 -1.036403243207291212e+02
1.328999999999999904e-01 -1.044987008941721029e+02
1.333999999999999908e-01 -1.053601338316179294e+02
1.340000000000000080e-01 -1.062269230855264084e+02
1.345000000000000084e-01 -1.070947764904913271e+02
1.350999999999999979e-01 -1.079666556101079493e+02
1.355999999999999983e-01 -1.088404289135173286e+02
1.361999999999999877e-01 -1.097181542374501788e+02
1.366999999999999882e-01 -1.105962001269801362e+02
1.373000000000000054e-01 -1.114803351518527990e+02
1.378000000000000058e-01 -1.123635276033780457e+02
1.383999999999999952e-01 -1.132515076336480604e+02
1.388999999999999957e-01 -1.141404750865123106e+02
1.395000000000000129e-01 -1.150328655049296174e+02
1.400000000000000133e-01 -1.159252101599511633e+02
1.406000000000000028e-01 -1.168217370214275235e+02
1.411000000000000032e-01 -1.177180089622291206e+02
1.416999999999999926e-01 -1.186183943559855152e+02
1.421999999999999931e-01 -1.195180370587138157e+02
1.428000000000000103e-01 -1.204205508101575219e+02
1.433000000000000107e-01 -1.213232693522344903e+02
1.439000000000000001e-01 -1.222297335109551426e+02
1.444000000000000006e-01 -1.231352826353786725e+02
1.449999999999999900e-01 -1.240430134897252401e+02
1.454999999999999905e-01 -1.249508410590907062e+02
1.461000000000000076e-01 -1.258607545405951811e+02
1.466000000000000081e-01 -1.267702462840177589e+02
1.471999999999999975e-01 -1.276818467538654147e+02
1.476999999999999980e-01 -1.285927702834738682e+02
1.482999999999999874e-01 -1.295055263791991251e+02
1.487999999999999878e-01 -1.304174982251145707e+02
1.494000000000000050e-01 -1.313308794037930909e+02
1.499000000000000055e-01 -1.322423124271379891e+02
1.504999999999999949e-01 -1.331573546746779186e+02
1.509999999999999953e-01 -1.340689304054394313e+02
1.516000000000000125e-01 -1.349827177663256350e+02
1.521000000000000130e-01 -1.358938150466809134e+02
1.527000000000000024e-01 -1.368071446918660001e+02
1.532000000000000028e-01 -1.377175801474917307e+02
1.537999999999999923e-01 -1.386297859000901553e+02
1.542999999999999927e-01 -1.395391940445302339e+02
1.549000000000000099e-01 -1.404500882990156470e+02
1.554999999999999993e-01 -1.413591465816994628e+02
1.559999999999999998e-01 -1.422661118576111789e+02
1.565999999999999892e-01 -1.431741505756408515e+02
1.570999999999999897e-01 -1.440775394357902996e+02
1.577000000000000068e-01 -1.449831748819143513e+02
1.582000000000000073e-01 -1.458851214824258307e+02
1.587999999999999967e-01 -1.467881168206009761e+02
1.592999999999999972e-01 -1.476855909743545965e+02
1.598999999999999866e-01 -1.485853037474968801e+02
1.603999999999999870e-01 -1.494808160002371551e+02
1.610000000000000042e-01 -1.503753798246675899e+02
1.615000000000000047e-01 -1.512671546769342399e+02
1.620999999999999941e-01 -1.521574511339786682e+02
1.625999999999999945e-01 -1.530448940012074956e+02
1.632000000000000117e-01 -1.539307048196380379e+02
1.637000000000000122e-01 -1.548132953431375256e+02
1.643000000000000016e-01 -1.556942935858239423e+02
1.648000000000000020e-01 -1.565718292368202071e+02
1.653999999999999915e-01 -1.574474132185883377e+02
1.658999999999999919e-01 -1.583195527423638680e+02
1.665000000000000091e-01 -1.591892777000736601e+02
1.670000000000000095e-01 -1.600538976642219779e+02
1.675999999999999990e-01 -1.609190090515015470e+02
1.680999999999999994e-01 -1.617771495968582371e+02
1.686999999999999889e-01 -1.626342652452569553e+02
1.691999999999999893e-01 -1.634872074431019939e+02
1.698000000000000065e-01 -1.643373598517453615e+02
1.703000000000000069e-01 -1.651815657292498827e+02
1.708999999999999964e-01 -1.660243717500137564e+02
1.713999999999999968e-01 -1.668611707062288474e+02
1.719999999999999862e-01 -1.676976133810961187e+02
1.724999999999999867e-01 -1.685264768237756527e+02
1.731000000000000039e-01 -1.693531986176461146e+02
1.736000000000000043e-01 -1.701735690895722541e+02
1.741999999999999937e-01 -1.709918625000819645e+02
1.746999999999999942e-01 -1.718034645524048472e+02
1.753000000000000114e-01 -1.726128564168857054e+02
1.758000000000000118e-01 -1.734155123672595948e+02
1.764000000000000012e-01 -1.742154220658339341e+02
1.769999999999999907e-01 -1.750096279870059846e+02
1.774999999999999911e-01 -1.757978027708121260e+02
1.781000000000000083e-01 -1.765829991440419917e+02
1.786000000000000087e-01 -1.773612689526511872e+02
1.791999999999999982e-01 -1.781362176774263162e+02
1.796999999999999986e-01 -1.789040800138720329e+02
1.802999999999999881e-01 -1.796685675615524360e+02
1.807999999999999885e-01 -1.804254772847981769e+02
1.814000000000000057e-01 -1.811772062206176201e+02
1.819000000000000061e-01 -1.819229629922478750e+02
1.824999999999999956e-01 -1.826650656889732431e+02
1.829999999999999960e-01 -1.833993592577849370e+02
1.836000000000000132e-01 -1.841296492280896473e+02
1.841000000000000136e-01 -1.848522333208968860e+02
1.847000000000000031e-01 -1.855686261850016763e+02
1.852000000000000035e-01 -1.862789654247114299e+02
1.857999999999999929e-01 -1.869849377170387186e+02
1.862999999999999934e-01 -1.876826010391743864e+02
1.869000000000000106e-01 -1.883739691806912333e+02
1.874000000000000110e-01 -1.890587212668455948e+02
1.880000000000000004e-01 -1.897387128390786586e+02
1.885000000000000009e-01 -1.904085749736340745e+02
1.890999999999999903e-01 -1.910751286784017111e+02
1.895999999999999908e-01 -1.917332611135654759e+02
1.902000000000000079e-01 -1.923843020443479190e+02
1.907000000000000084e-01 -1.930284505993265327e+02
1.912999999999999978e-01 -1.936673406383843883e+02
1.917999999999999983e-01 -1.942953350545019759e+02
1.923999999999999877e-01 -1.949197173082360450e+02
1.928999999999999881e-01 -1.955333524978115065e+02
1.935000000000000053e-01 -1.961429737001234628e+02
1.940000000000000058e-01 -1.967437532876119235e+02
1.945999999999999952e-01 -1.973364838875020837e+02
1.950999999999999956e-01 -1.979221315922447388e+02
1.957000000000000128e-01 -1.984996173585687700e+02
1.962000000000000133e-01 -1.990697261309759938e+02
1.968000000000000027e-01 -1.996315892430461645e+02
1.973000000000000032e-01 -2.001860038527266283e+02
1.978999999999999926e-01 -2.007319470352063888e+02
1.983999999999999930e-01 -2.012704313874160960e+02
1.990000000000000102e-01 -2.018001309014914852e+02
1.995999999999999996e-01 -2.023211181656647284e+02
2.001000000000000001e-01 -2.028350810175520564e+02
2.006999999999999895e-01 -2.033400907590399527e+02
2.011999999999999900e-01 -2.038374814840495901e+02
2.018000000000000071e-01 -2.043255808888039837e+02
2.023000000000000076e-01 -2.048039131861349915e+02
2.028999999999999970e-01 -2.052770145738186613e+02
2.033999999999999975e-01 -2.057382081235239468e+02
2.039999999999999869e-01 -2.061919623747485559e+02
2.044999999999999873e-01 -2.066377385176455448e+02
2.051000000000000045e-01 -2.070739158576142245e+02
2.056000000000000050e-01 -2.075001171836140657e+02
2.061999999999999944e-01 -2.079204221504480472e+02
2.066999999999999948e-01 -2.083288132755874642e+02
2.073000000000000120e-01 -2.087290535413395105e+02
2.078000000000000125e-01 -2.091191558628454175e+02
2.084000000000000019e-01 -2.095033371016941146e+02
2.089000000000000024e-01 -2.098752042350089084e+02
2.094999999999999918e-01 -2.102388564629372638e+02
2.099999999999999922e-01 -2.105922393125640042e+02
2.106000000000000094e-01 -2.109392795761909554e+02
2.111000000000000099e-01 -2.112740505731384815e+02
2.116999999999999993e-01 -2.116001744148610726e+02
2.121999999999999997e-01 -2.119159942458433648e+02
2.127999999999999892e-01 -2.122231914182829939e+02
2.132999999999999896e-01 -2.125200074255565994e+02
2.139000000000000068e-01 -2.128101513482495477e+02
2.144000000000000072e-01 -2.130878098881544531e+02
2.149999999999999967e-01 -2.133565363877296477e+02
2.154999999999999971e-01 -2.136149021804022539e+02
2.160999999999999865e-01 -2.138641489376491052e+02
2.165999999999999870e-01 -2.141029923470444203e+02
2.172000000000000042e-01 -2.143327296668138615e+02
2.177000000000000046e-01 -2.145519889899671284e+02
2.182999999999999940e-01 -2.147620007851301978e+02
2.187999999999999945e-01 -2.149615654779036618e+02
2.194000000000000117e-01 -2.151517883067486139e+02
2.199000000000000121e-01 -2.153315894958943773e+02
2.205000000000000016e-01 -2.155018330510764315e+02
2.210999999999999910e-01 -2.156619861646483969e+02
2.215999999999999914e-01 -2.158118984011156840e+02
2.222000000000000086e-01 -2.159521935235317187e+02
2.227000000000000091e-01 -2.160821518786757167e+02
2.232999999999999985e-01 -2.162024086391535320e+02
2.237999999999999989e-01 -2.163122764163440479e+02
2.243999999999999884e-01 -2.164123993629291931e+02
2.248999999999999888e-01 -2.165021928234193354e+02
2.255000000000000060e-01 -2.165800011382608830e+02
2.260000000000000064e-01 -2.166496784455890463e+02
2.265999999999999959e-01 -2.167094046426911973e+02
2.270999999999999963e-01 -2.167588928436351239e+02
2.277000000000000135e-01 -2.167984635009009082e+02
2.281999999999999862e-01 -2.168277909190395007e+02
2.288000000000000034e-01 -2.168449677819605768e+02
2.293000000000000038e-01 -2.168541388484869969e+02
2.298999999999999932e-01 -2.168533435758110670e+02
2.303999999999999937e-01 -2.168423808240261224e+02
2.310000000000000109e-01 -2.168213797605033903e+02
2.315000000000000113e-01 -2.167882256166880666e+02
2.321000000000000008e-01 -2.167470168555730652e+02
2.326000000000000012e-01 -2.166959790620308866e+02
2.331999999999999906e-01 -2.166347390288094061e+02
2.336999999999999911e-01 -2.165615187932372692e+02
2.343000000000000083e-01 -2.164802926963177754e+02
2.348000000000000087e-01 -2.163892765702509564e+02
2.353999999999999981e-01 -2.162859919352606823e+02
2.358999999999999986e-01 -2.161751519416110341e+02
2.364999999999999880e-01 -2.160541183079515122e+02
2.369999999999999885e-01 -2.159213805833286415e+02
2.376000000000000056e-01 -2.157807057669009794e+02
2.381000000000000061e-01 -2.156283901724777365e+02
2.386999999999999955e-01 -2.154679869044221618e+02
2.391999999999999960e-01 -2.152983046385735406e+02
2.398000000000000131e-01 -2.151162952498327741e+02
2.403000000000000136e-01 -2.149272236682880077e+02
2.409000000000000030e-01 -2.147259891545358528e+02
2.414000000000000035e-01 -2.145176647608052747e+02
2.419999999999999929e-01 -2.142971901616648722e+02
2.424999999999999933e-01 -2.140698232247503938e+02
2.431000000000000105e-01 -2.138303665171758894e+02
2.437000000000000000e-01 -2.135837987355252778e+02
2.442000000000000004e-01 -2.133260669863076657e+02
2.447999999999999898e-01 -2.130604734074102282e+02
2.452999999999999903e-01 -2.127841519703321467e+02
2.459000000000000075e-01 -2.125000288693890127e+02
2.464000000000000079e-01 -2.122053481798275527e+02
2.469999999999999973e-01 -2.119028463711247809e+02
2.474999999999999978e-01 -2.115900068452522191e+02
2.480999999999999872e-01 -2.112693603748814724e+02
2.485999999999999877e-01 -2.109385629666060993e+02
2.492000000000000048e-01 -2.105979541000044151e+02
2.497000000000000053e-01 -2.102514446115373232e+02
2.503000000000000225e-01 -2.098932188261316298e+02
2.508000000000000229e-01 -2.095272156475864449e+02
2.514000000000000123e-01 -2.091536139245570780e+02
2.519000000000000128e-01 -2.087703723378058953e+02
2.525000000000000022e-01 -2.083775787204326093e+02
2.530000000000000027e-01 -2.079794407065888322e+02
2.535999999999999921e-01 -2.075697110998598305e+02
2.540999999999999925e-01 -2.071527614958701520e+02
2.546999999999999820e-01 -2.067285912063689182e+02
2.551999999999999824e-01 -2.062952457102107928e+02
2.558000000000000274e-01 -2.058526918361370974e+02
2.562999999999999723e-01 -2.054031789579737506e+02
2.569000000000000172e-01 -2.049466858442620776e+02
2.574000000000000177e-01 -2.044813328934715742e+02
2.580000000000000071e-01 -2.040070218571148928e+02
2.585000000000000075e-01 -2.035261809098306287e+02
2.590999999999999970e-01 -2.030384257092412099e+02
2.595999999999999974e-01 -2.025424027752453640e+02
2.601999999999999869e-01 -2.020374785738442824e+02
2.606999999999999873e-01 -2.015265066510365841e+02
2.612999999999999767e-01 -2.010068070297479039e+02
2.617999999999999772e-01 -2.004813103618668890e+02
2.624000000000000221e-01 -1.999490601716291849e+02
2.629000000000000226e-01 -1.994092326822652979e+02
2.635000000000000120e-01 -1.988609070328599273e+02
2.640000000000000124e-01 -1.983070276673527133e+02
2.646000000000000019e-01 -1.977449429847175963e+02
2.651999999999999913e-01 -1.971766860470683014e+02
2.656999999999999917e-01 -1.966026149578515572e+02
2.662999999999999812e-01 -1.960203201950163816e+02
2.667999999999999816e-01 -1.954331020752809991e+02
2.674000000000000266e-01 -1.948378192240282658e+02
2.679000000000000270e-01 -1.942378362505258735e+02
2.685000000000000164e-01 -1.936300024555321784e+02
2.690000000000000169e-01 -1.930174023042069109e+02
2.696000000000000063e-01 -1.923972899393938292e+02
2.701000000000000068e-01 -1.917725814324145688e+02
2.706999999999999962e-01 -1.911404865411792002e+02
2.711999999999999966e-01 -1.905039960486265045e+02
2.717999999999999861e-01 -1.898602371072493611e+02
2.722999999999999865e-01 -1.892122961144330304e+02
2.728999999999999759e-01 -1.885572502599088125e+02
2.733999999999999764e-01 -1.878982511612355211e+02
2.740000000000000213e-01 -1.872321022474733923e+02
2.745000000000000218e-01 -1.865624471045326516e+02
2.751000000000000112e-01 -1.858856682070716886e+02
2.756000000000000116e-01 -1.852056061427076372e+02
2.762000000000000011e-01 -1.845185588492835222e+02
2.767000000000000015e-01 -1.838265650033945064e+02
2.772999999999999909e-01 -1.831295256350255727e+02
2.777999999999999914e-01 -1.824296098367094032e+02
2.783999999999999808e-01 -1.817231350343106158e+02
2.788999999999999813e-01 -1.810136484604611269e+02
2.795000000000000262e-01 -1.802978049214660814e+02
2.800000000000000266e-01 -1.795774263165622813e+02
2.806000000000000161e-01 -1.788526638446714401e+02
2.811000000000000165e-01 -1.781253227752108899e+02
2.817000000000000060e-01 -1.773919221546685492e+02
2.822000000000000064e-01 -1.766543277225498230e+02
2.827999999999999958e-01 -1.759126002945164657e+02
2.832999999999999963e-01 -1.751685989100375309e+02
2.838999999999999857e-01 -1.744187423524906251e+02
2.843999999999999861e-01 -1.736653065428184846e+02
2.849999999999999756e-01 -1.729078101072287836e+02
2.854999999999999760e-01 -1.721468633110376629e+02
2.861000000000000210e-01 -1.713819326328559498e+02
2.867000000000000104e-01 -1.706145128720839637e+02
2.872000000000000108e-01 -1.698429043081084160e+02
2.878000000000000003e-01 -1.690674568626695873e+02
2.883000000000000007e-01 -1.682890476067834413e+02
2.888999999999999901e-01 -1.675069046639011390e+02
2.893999999999999906e-01 -1.667220759709558706e+02
2.899999999999999800e-01 -1.659336080965332769e+02
2.904999999999999805e-01 -1.651425905682811504e+02
2.911000000000000254e-01 -1.643480101720219864e+02
2.916000000000000258e-01 -1.635511177457940732e+02
2.922000000000000153e-01 -1.627507481797874220e+02
2.927000000000000157e-01 -1.619482151257320766e+02
2.933000000000000052e-01 -1.611423224847219160e+02
2.938000000000000056e-01 -1.603342943917882337e+02
2.943999999999999950e-01 -1.595216964139858931e+02
2.948999999999999955e-01 -1.587101175474604418e+02
2.954999999999999849e-01 -1.578925860251856363e+02
2.959999999999999853e-01 -1.570745790652717346e+02
2.965999999999999748e-01 -1.562523420231771070e+02
2.970999999999999752e-01 -1.554314293275455725e+02
2.977000000000000202e-01 -1.546045835730552085e+02
2.982000000000000206e-01 -1.537778372592362928e+02
2.988000000000000100e-01 -1.529467476263014589e+02
2.993000000000000105e-01 -1.521159315554763225e+02
2.998999999999999999e-01 -1.512808421943718997e+02
3.004000000000000004e-01 -1.504461731847344765e+02
3.009999999999999898e-01 -1.496088364827878365e+02
3.014999999999999902e-01 -1.487705530548274737e+02
3.020999999999999797e-01 -1.479282105549041830e+02
3.025999999999999801e-01 -1.470863693487746673e+02
3.032000000000000250e-01 -1.462409064831473700e+02
3.037000000000000255e-01 -1.453959076390817415e+02
3.043000000000000149e-01 -1.445459900279711292e+02
3.048000000000000154e-01 -1.436980293469083279e+02
3.054000000000000048e-01 -1.428467307789857159e+02
3.059000000000000052e-01 -1.419960701803405811e+02
3.064999999999999947e-01 -1.411407585006950285e+02
3.069999999999999951e-01 -1.402877838949035549e+02
3.075999999999999845e-01 -1.394312284002941453e+02
3.080999999999999850e-01 -1.385745772950506876e+02
3.086999999999999744e-01 -1.377158780293432017e+02
3.093000000000000194e-01 -1.368573798164077289e+02
3.098000000000000198e-01 -1.359975825008563390e+02
3.104000000000000092e-01 -1.351361047746339352e+02
3.109000000000000097e-01 -1.342745271900806188e+02
3.114999999999999991e-01 -1.334100092739685692e+02
3.119999999999999996e-01 -1.325481770107013801e+02
3.125999999999999890e-01 -1.316820863949298541e+02
3.130999999999999894e-01 -1.308177235228392306e+02
3.136999999999999789e-01 -1.299516879148083319e+02
3.141999999999999793e-01 -1.290861734415762783e+02
3.148000000000000242e-01 -1.282177641506640384e+02
3.153000000000000247e-01 -1.273512857855147899e+02
3.159000000000000141e-01 -1.264819888224993889e+02
3.164000000000000146e-01 -1.256147674931992100e+02
3.170000000000000040e-01 -1.247449779592932089e+02
3.175000000000000044e-01 -1.238769824620697335e+02
3.180999999999999939e-01 -1.230066961216934942e+02
3.185999999999999943e-01 -1.221371147147704761e+02
3.191999999999999837e-01 -1.212665925620580083e+02
3.196999999999999842e-01 -1.203980863798611978e+02
3.202999999999999736e-01 -1.195262938009429945e+02
3.207999999999999741e-01 -1.186577595335000694e+02
3.214000000000000190e-01 -1.177861138535032239e+02
3.219000000000000195e-01 -1.169177770124751419e+02
3.225000000000000089e-01 -1.160462898420472584e+02
3.230000000000000093e-01 -1.151785295569475949e+02
3.235999999999999988e-01 -1.143075883531643484e+02
3.240999999999999992e-01 -1.134393482980543553e+02
3.246999999999999886e-01 -1.125690829744562365e+02
3.251999999999999891e-01 -1.117016738989949687e+02
3.257999999999999785e-01 -1.108324393743859844e+02
3.262999999999999790e-01 -1.099660619635467640e+02
3.269000000000000239e-01 -1.090980286860403226e+02
3.274000000000000243e-01 -1.082327832599041670e+02
3.280000000000000138e-01 -1.073661298518046721e+02
3.285000000000000142e-01 -1.065012604175848736e+02
3.291000000000000036e-01 -1.056361539036871307e+02
3.296000000000000041e-01 -1.047729376962855383e+02
3.301999999999999935e-01 -1.039095926368358676e+02
3.306999999999999940e-01 -1.030482681390015642e+02
3.312999999999999834e-01 -1.021859302416174557e+02
3.318999999999999728e-01 -1.013256223265205449e+02
3.323999999999999733e-01 -1.004685314600116044e+02
3.330000000000000182e-01 -9.960956572577251222e+01
3.335000000000000187e-01 -9.875395313682608389e+01
3.341000000000000081e-01 -9.789659245757397343e+01
3.346000000000000085e-01 -9.704358107927019716e+01
3.351999999999999980e-01 -9.619003004179515415e+01
3.356999999999999984e-01 -9.533992179395052347e+01
3.362999999999999878e-01 -9.448839911692429894e+01
3.367999999999999883e-01 -9.364063871833619146e+01
3.373999999999999777e-01 -9.279312540161660650e+01
3.378999999999999782e-01 -9.194872193005004135e+01
3.385000000000000231e-01 -9.110383067418345604e+01
3.390000000000000235e-01 -9.026302520591397638e+01
3.396000000000000130e-01 -8.942183898178770107e+01
3.401000000000000134e-01 -8.858489549215441627e+01
3.407000000000000028e-01 -8.774678734161743421e+01
3.412000000000000033e-01 -8.691396375036161714e+01
3.417999999999999927e-01 -8.608095966134713706e+01
3.422999999999999932e-01 -8.525142553822128377e+01
3.428999999999999826e-01 -8.442219252723961631e+01
3.433999999999999830e-01 -8.359813532593875607e+01
3.439999999999999725e-01 -8.277363431159302820e+01
3.444999999999999729e-01 -8.195357262889035610e+01
3.451000000000000179e-01 -8.113327641838726834e+01
3.456000000000000183e-01 -8.031847015272718693e+01
3.462000000000000077e-01 -7.950406075125496841e+01
3.467000000000000082e-01 -7.869381513842624543e+01
3.472999999999999976e-01 -7.788496217745242234e+01
3.477999999999999980e-01 -7.708030316563124984e+01
3.483999999999999875e-01 -7.627642142541704118e+01
3.488999999999999879e-01 -7.547777288191839773e+01
3.494999999999999774e-01 -7.467983939979403374e+01
3.499999999999999778e-01 -7.388701707313879297e+01
3.506000000000000227e-01 -7.309528374175791043e+01
3.511000000000000232e-01 -7.230872389966769731e+01
3.517000000000000126e-01 -7.152335007866743410e+01
3.522000000000000131e-01 -7.074329485948419460e+01
3.528000000000000025e-01 -6.996454571914766518e+01
3.533999999999999919e-01 -6.919022476799254662e+01
3.538999999999999924e-01 -6.842036840378966644e+01
3.544999999999999818e-01 -6.765209473259558592e+01
3.549999999999999822e-01 -6.688943206306478828e+01
3.556000000000000272e-01 -6.612840042967788179e+01
3.561000000000000276e-01 -6.537314210144970161e+01
3.567000000000000171e-01 -6.461977342527649171e+01
3.572000000000000175e-01 -6.387215334994165516e+01
3.578000000000000069e-01 -6.312664913414948131e+01
3.583000000000000074e-01 -6.238697720934901270e+01
3.588999999999999968e-01 -6.164950875474707459e+01
3.593999999999999972e-01 -6.091807582562871204e+01
3.599999999999999867e-01 -6.018896332682625427e+01
3.604999999999999871e-01 -5.946595502074875839e+01
3.610999999999999766e-01 -5.874545426009069615e+01
3.615999999999999770e-01 -5.803117487287587295e+01
3.622000000000000219e-01 -5.731948492583437371e+01
3.627000000000000224e-01 -5.661415998888363532e+01
3.633000000000000118e-01 -5.591159259427260508e+01
3.638000000000000123e-01 -5.521546722281510000e+01
3.644000000000000017e-01 -5.452227067510906977e+01
3.649000000000000021e-01 -5.383557766685360946e+01
3.654999999999999916e-01 -5.315197334118749239e+01
3.659999999999999920e-01 -5.247488776655190890e+01
3.665999999999999814e-01 -5.180107572694192442e+01
3.670999999999999819e-01 -5.113394121597951880e+01
3.677000000000000268e-01 -5.047017151869295759e+01
3.682000000000000273e-01 -4.981315736715857412e+01
3.688000000000000167e-01 -4.915961611974266532e+01
3.693000000000000171e-01 -4.851294976685439764e+01
3.699000000000000066e-01 -4.786987917160032424e+01
3.704000000000000070e-01 -4.723370307571416049e+01
3.709999999999999964e-01 -4.660131188551939374e+01
3.714999999999999969e-01 -4.597594492635182917e+01
3.720999999999999863e-01 -4.535434986325216045e+01
3.725999999999999868e-01 -4.473991780906455062e+01
3.731999999999999762e-01 -4.412937420217019735e+01
3.736999999999999766e-01 -4.352600868544260493e+01
3.743000000000000216e-01 -4.292670831197719394e+01
3.749000000000000110e-01 -4.233384902759482316e+01
3.754000000000000115e-01 -4.174743727676052174e+01
3.760000000000000009e-01 -4.116530156260328965e+01
3.765000000000000013e-01 -4.059043645812349155e+01
3.770999999999999908e-01 -4.001990834862220936e+01
3.775999999999999912e-01 -3.945665414784203762e+01
3.781999999999999806e-01 -3.889790702075924145e+01
3.786999999999999811e-01 -3.834644147017454685e+01
3.793000000000000260e-01 -3.779956611675046929e+01
3.798000000000000265e-01 -3.726008428684602336e+01
3.804000000000000159e-01 -3.672518256617807708e+01
3.809000000000000163e-01 -3.619770296524250597e+01
3.815000000000000058e-01 -3.567490915138697716e+01
3.820000000000000062e-01 -3.515956164498626180e+01
3.825999999999999956e-01 -3.464901484677068311e+01
3.830999999999999961e-01 -3.414586780235782726e+01
3.836999999999999855e-01 -3.364760033730256339e+01
3.841999999999999860e-01 -3.315676311471554527e+01
3.847999999999999754e-01 -3.267082451415505773e+01
3.852999999999999758e-01 -3.219235101224828099e+01
3.859000000000000208e-01 -3.171886589080504137e+01
3.864000000000000212e-01 -3.125277576382408640e+01
3.870000000000000107e-01 -3.079173035707771078e+01
3.875000000000000111e-01 -3.033810389316241896e+01
3.881000000000000005e-01 -2.988957135603211768e+01
3.886000000000000010e-01 -2.944841001481881193e+01
3.891999999999999904e-01 -2.901239035498651830e+01
3.896999999999999909e-01 -2.858373283687938482e+01
3.902999999999999803e-01 -2.816020747557170623e+01
3.907999999999999807e-01 -2.774403778185106262e+01
3.914000000000000257e-01 -2.733304137210019391e+01
3.919000000000000261e-01 -2.692934285741579004e+01
3.925000000000000155e-01 -2.653082856950481982e+01
3.930000000000000160e-01 -2.613955925562216720e+01
3.936000000000000054e-01 -2.575353869009000363e+01
3.941000000000000059e-01 -2.537470063846465607e+01
3.946999999999999953e-01 -2.500108140602585394e+01
3.951999999999999957e-01 -2.463460455904322899e+01
3.957999999999999852e-01 -2.427336724359248521e+01
3.962999999999999856e-01 -2.391918598663010442e+01
3.968999999999999750e-01 -2.357024264450167550e+01
3.975000000000000200e-01 -2.322784763302917455e+01
3.980000000000000204e-01 -2.289200096150134911e+01
3.986000000000000099e-01 -2.256135268050199372e+01
3.991000000000000103e-01 -2.223758009447980655e+01
3.996999999999999997e-01 -2.191900151537407382e+01
4.002000000000000002e-01 -2.160724764996518488e+01
4.007999999999999896e-01 -2.130066681116279881e+01
4.012999999999999901e-01 -2.100077342687966819e+01
4.018999999999999795e-01 -2.070603013121072777e+01
4.023999999999999799e-01 -2.041790788748716778e+01
4.030000000000000249e-01 -2.013489811702714150e+01
4.035000000000000253e-01 -1.985840543893072407e+01
4.041000000000000147e-01 -1.958698899907036051e+01
4.046000000000000152e-01 -1.932197812730199971e+01
4.052000000000000046e-01 -1.906199887976630691e+01
4.057000000000000051e-01 -1.880834477591627873e+01
4.062999999999999945e-01 -1.855966066949229543e+01
4.067999999999999949e-01 -1.831716793019159084e+01
4.073999999999999844e-01 -1.807960258590341240e+01
4.078999999999999848e-01 -1.784812917530295806e+01
4.084999999999999742e-01 -1.762150166100775195e+01
4.089999999999999747e-01 -1.740088864184342654e+01
4.096000000000000196e-01 -1.718505366434700221e+01
4.101000000000000201e-01 -1.697506691364074882e+01
4.107000000000000095e-01 -1.676981898001835702e+01
4.112000000000000099e-01 -1.657031627627412007e+01
4.117999999999999994e-01 -1.637547346078455845e+01
4.122999999999999998e-01 -1.618623731357129358e+01
4.128999999999999893e-01 -1.600160021547314670e+01
4.133999999999999897e-01 -1.582244874898228559e+01
4.139999999999999791e-01 -1.564779737851814367e+01
4.144999999999999796e-01 -1.547851980528347049e+01
4.151000000000000245e-01 -1.531367766824826759e+01
4.156000000000000250e-01 -1.515408531347207877e+01
4.162000000000000144e-01 -1.499882739834290035e+01
4.167000000000000148e-01 -1.484868165764531334e+01
4.173000000000000043e-01 -1.470281337035181934e+01
4.178000000000000047e-01 -1.456191156125318997e+01
4.183999999999999941e-01 -1.442522069950418384e+01
4.188999999999999946e-01 -1.429337193211237889e+01
4.194999999999999840e-01 -1.416560564826642121e+01
4.200999999999999734e-01 -1.404242437871234017e+01
4.205999999999999739e-01 -1.392373273786349053e+01
4.212000000000000188e-01 -1.380899734398488654e+01
4.217000000000000193e-01 -1.369880536451968034e+01
4.223000000000000087e-01 -1.359249150636038017e+01
4.228000000000000091e-01 -1.349057868888550260e+01
4.233999999999999986e-01 -1.339247005148580349e+01
4.238999999999999990e-01 -1.329863158804985268e+01
4.244999999999999885e-01 -1.320851197936115362e+01
4.249999999999999889e-01 -1.312252520028772551e+01
4.255999999999999783e-01 -1.304018822597022975e+01
4.260999999999999788e-01 -1.296185731818663101e+01
4.267000000000000237e-01 -1.288707294495191569e+01
4.272000000000000242e-01 -1.281619797247434533e+01
4.278000000000000136e-01 -1.274877588024140884e+01
4.283000000000000140e-01 -1.268514227838002917e+01
4.289000000000000035e-01 -1.262489004464194764e+01
4.294000000000000039e-01 -1.256829415140229678e+01
4.299999999999999933e-01 -1.251498963020213573e+01
4.304999999999999938e-01 -1.246525239949254882e+01
4.310999999999999832e-01 -1.241871834884907067e+01
4.315999999999999837e-01 -1.237562132992854735e+01
4.321999999999999731e-01 -1.233568218777950953e+01
4.326999999999999735e-01 -1.229904762775058558e+01
4.333000000000000185e-01 -1.226551523021451651e+01
4.338000000000000189e-01 -1.223516926223088497e+01
4.344000000000000083e-01 -1.220782566820269288e+01
4.349000000000000088e-01 -1.218361606436668154e+01
4.354999999999999982e-01 -1.216232795760633145e+01
4.359999999999999987e-01 -1.214405738752739872e+01
4.365999999999999881e-01 -1.212864638649833893e+01
4.370999999999999885e-01 -1.211616684761583329e+01
4.376999999999999780e-01 -1.210650264760095141e+01
4.381999999999999784e-01 -1.209964759058892447e+01
4.388000000000000234e-01 -1.209554310580650771e+01
4.393000000000000238e-01 -1.209417737062445930e+01
4.399000000000000132e-01 -1.209549941542753260e+01
4.404000000000000137e-01 -1.209947131831548894e+01
4.410000000000000031e-01 -1.210611241002189686e+01
4.415999999999999925e-01 -1.211531200266974473e+01
4.420999999999999930e-01 -1.212707539147000624e+01
4.426999999999999824e-01 -1.214138439281727955e+01
4.431999999999999829e-01 -1.215817472824563339e+01
4.437999999999999723e-01 -1.217747647433977853e+01
4.442999999999999727e-01 -1.219918391003510649e+01
4.449000000000000177e-01 -1.222335733045830075e+01
4.454000000000000181e-01 -1.224987689842870431e+01
4.460000000000000075e-01 -1.227884766029670693e+01
4.465000000000000080e-01 -1.231005881633753241e+01
4.470999999999999974e-01 -1.234369682234571641e+01
4.475999999999999979e-01 -1.237955011066161504e+01
4.481999999999999873e-01 -1.241776655413891106e+01
4.486999999999999877e-01 -1.245815522695371413e+01
4.492999999999999772e-01 -1.250091053559528653e+01
4.497999999999999776e-01 -1.254575098852911097e+01
4.504000000000000226e-01 -1.259292429164768556e+01
4.509000000000000230e-01 -1.264218201129060759e+01
4.515000000000000124e-01 -1.269371839978918715e+01
4.520000000000000129e-01 -1.274732059483401692e+01
4.526000000000000023e-01 -1.280317280880682951e+01
4.531000000000000028e-01 -1.286103780829683707e+01
4.536999999999999922e-01 -1.292118335866011414e+01
4.541999999999999926e-01 -1.298327529830964444e+01
4.547999999999999821e-01 -1.304762845905272073e+01
4.552999999999999825e-01 -1.311391205719049324e+01
4.559000000000000274e-01 -1.318245070028096855e+01
4.563999999999999724e-01 -1.325288711566716060e+01
4.570000000000000173e-01 -1.332557517196753949e+01
4.575000000000000178e-01 -1.340014432778270681e+01
4.581000000000000072e-01 -1.347693693172700868e+01
4.586000000000000076e-01 -1.355559686253990570e+01
4.591999999999999971e-01 -1.363649567868323942e+01
4.596999999999999975e-01 -1.371923845875265435e+01
4.602999999999999869e-01 -1.380420666249941242e+01
4.607999999999999874e-01 -1.389101419324039632e+01
4.613999999999999768e-01 -1.398006356949614215e+01
4.618999999999999773e-01 -1.407090318123229267e+01
4.625000000000000222e-01 -1.416399770695119642e+01
4.631000000000000116e-01 -1.425899875647386317e+01
4.636000000000000121e-01 -1.435590452110417203e+01
4.642000000000000015e-01 -1.445506790673215747e+01
4.647000000000000020e-01 -1.455600352445995505e+01
4.652999999999999914e-01 -1.465921701217910922e+01
4.657999999999999918e-01 -1.476417161231712427e+01
4.663999999999999813e-01 -1.487139636728924330e+01
4.668999999999999817e-01 -1.498040145435208181e+01
4.675000000000000266e-01 -1.509166554315401676e+01
4.680000000000000271e-01 -1.520467168048424433e+01
4.686000000000000165e-01 -1.531999161019124855e+01
4.691000000000000170e-01 -1.543702569920391454e+01
4.697000000000000064e-01 -1.555639472203982088e+01
4.702000000000000068e-01 -1.567744580242497143e+01
4.707999999999999963e-01 -1.580084793631431594e+01
4.712999999999999967e-01 -1.592593773664325951e+01
4.718999999999999861e-01 -1.605336718899852855e+01
4.723999999999999866e-01 -1.618245300118514152e+01
4.729999999999999760e-01 -1.631392434565844241e+01
4.734999999999999765e-01 -1.644707374335482797e+01
4.741000000000000214e-01 -1.658264016303249377e+01
4.746000000000000218e-01 -1.671970959940640000e+01
4.752000000000000113e-01 -1.685923485102686925e+01
4.757000000000000117e-01 -1.700040604198026628e+01
4.763000000000000012e-01 -1.714404057877824172e+01
4.768000000000000016e-01 -1.728913189803184025e+01
4.773999999999999910e-01 -1.743666863166496128e+01
4.778999999999999915e-01 -1.758584149424459042e+01
4.784999999999999809e-01 -1.773745953866168890e+01
4.789999999999999813e-01 -1.789055235029616142e+01
4.796000000000000263e-01 -1.804619381055076488e+01
4.801000000000000267e-01 -1.820315063653660204e+01
4.807000000000000162e-01 -1.836265710029742237e+01
4.812000000000000166e-01 -1.852381133396189838e+01
4.818000000000000060e-01 -1.868714663970726519e+01
4.823000000000000065e-01 -1.885207034230507617e+01
4.828999999999999959e-01 -1.901925005748632458e+01
4.833999999999999964e-01 -1.918812196789832925e+01
4.839999999999999858e-01 -1.935923789271796025e+01
4.844999999999999862e-01 -1.953183333729287696e+01
4.850999999999999757e-01 -1.970683702882573840e+01
4.857000000000000206e-01 -1.988334300523603915e+01
4.862000000000000210e-01 -2.006175260533271043e+01
4.868000000000000105e-01 -2.024230158945721669e+01
4.873000000000000109e-01 -2.042409658658823801e+01
4.879000000000000004e-01 -2.060839658978370181e+01
4.884000000000000008e-01 -2.079388914803138633e+01
4.889999999999999902e-01 -2.098173989604067557e+01
4.894999999999999907e-01 -2.117087810125368108e+01
4.900999999999999801e-01 -2.136212221375360798e+01
4.905999999999999805e-01 -2.155479986876204990e+01
4.912000000000000255e-01 -2.174961239837980287e+01
4.917000000000000259e-01 -2.194538508546328970e+01
4.923000000000000154e-01 -2.214356982492027726e+01
4.928000000000000158e-01 -2.234276773639522062e+01
4.934000000000000052e-01 -2.254433520024779725e+01
4.939000000000000057e-01 -2.274661306064367849e+01
4.944999999999999951e-01 -2.295119294417472844e+01
4.949999999999999956e-01 -2.315667044001301633e+01
4.955999999999999850e-01 -2.336439782388294972e+01
4.960999999999999854e-01 -2.357294979498924903e+01
4.966999999999999749e-01 -2.378326033330973743e+01
4.971999999999999753e-01 -2.399475712557237728e+01
4.978000000000000203e-01 -2.420796680061973305e+01
4.983000000000000207e-01 -2.442205123701925018e+01
4.989000000000000101e-01 -2.463805989528849238e+01
4.994000000000000106e-01 -2.485479485682170164e+01
5.000000000000000000e-01 -2.507321151219556654e+01
5.004999999999999449e-01 -2.529250417568108844e+01
5.010999999999999899e-01 -2.551334899466859696e+01
5.016000000000000458e-01 -2.573460608834298569e+01
5.021999999999999797e-01 -2.595776915571335053e+01
5.027000000000000357e-01 -2.618123907283692731e+01
5.032999999999999696e-01 -2.640658818097681149e+01
5.038000000000000256e-01 -2.663216884088916458e+01
5.043999999999999595e-01 -2.685900172578401879e+01
5.049000000000000155e-01 -2.708648518373993141e+01
5.054999999999999494e-01 -2.731515101081935271e+01
5.060000000000000053e-01 -2.754438670961007674e+01
5.066000000000000503e-01 -2.777471637772847046e+01
5.070999999999999952e-01 -2.800496594316464893e+01
5.077000000000000401e-01 -2.823676496094540056e+01
5.082999999999999741e-01 -2.846897544780327394e+01
5.088000000000000300e-01 -2.870123747172934259e+01
5.093999999999999639e-01 -2.893462383358249923e+01
5.099000000000000199e-01 -2.916798004463673166e+01
5.104999999999999538e-01 -2.940237538715112464e+01
5.110000000000000098e-01 -2.963632748156196683e+01
5.116000000000000547e-01 -2.987153418903565694e+01
5.120999999999999996e-01 -3.010620396592614156e+01
5.127000000000000446e-01 -3.034173115972210155e+01
5.131999999999999895e-01 -3.057689813263606737e+01
5.138000000000000345e-01 -3.081251858357630269e+01
5.142999999999999794e-01 -3.104798680500702091e+01
5.149000000000000243e-01 -3.128379638007173469e+01
5.153999999999999693e-01 -3.151935709826816989e+01
5.160000000000000142e-01 -3.175518526484257009e+01
5.164999999999999591e-01 -3.199029360123465082e+01
5.171000000000000041e-01 -3.222560755527526766e+01
5.175999999999999490e-01 -3.246041093654564236e+01
5.181999999999999940e-01 -3.269562617623241607e+01
5.187000000000000499e-01 -3.292956958910917820e+01
5.192999999999999838e-01 -3.316382829618117256e+01
5.198000000000000398e-01 -3.339705012779083404e+01
5.203999999999999737e-01 -3.363046668634524394e+01
5.209000000000000297e-01 -3.386274737186407435e+01
5.214999999999999636e-01 -3.409479346936792865e+01
5.220000000000000195e-01 -3.432589939814832292e+01
5.225999999999999535e-01 -3.455671533695895192e+01
5.231000000000000094e-01 -3.478649659208807066e+01
5.237000000000000544e-01 -3.501580697139711162e+01
5.241999999999999993e-01 -3.524371303414287127e+01
5.248000000000000442e-01 -3.547102276823556366e+01
5.252999999999999892e-01 -3.569717451595467139e+01
5.259000000000000341e-01 -3.592300521062512075e+01
5.263999999999999790e-01 -3.614684236111067861e+01
5.270000000000000240e-01 -3.637060839796239264e+01
5.274999999999999689e-01 -3.659231872365148774e+01
5.281000000000000139e-01 -3.681346616380526626e+01
5.285999999999999588e-01 -3.703288334603112730e+01
5.292000000000000037e-01 -3.725159275815167348e+01
5.298000000000000487e-01 -3.746876181779129666e+01
5.302999999999999936e-01 -3.768430415965596580e+01
5.309000000000000385e-01 -3.789866856038749177e+01
5.313999999999999835e-01 -3.811145633109374842e+01
5.320000000000000284e-01 -3.832297873458677628e+01
5.324999999999999734e-01 -3.853277038460782222e+01
5.331000000000000183e-01 -3.874124720831492397e+01
5.335999999999999632e-01 -3.894759588731476896e+01
5.342000000000000082e-01 -3.915287961027798502e+01
5.346999999999999531e-01 -3.935595109945511894e+01
5.352999999999999980e-01 -3.955787708131158098e+01
5.358000000000000540e-01 -3.975753833329402909e+01
5.363999999999999879e-01 -3.995552628448966459e+01
5.369000000000000439e-01 -4.015167235069122853e+01
5.374999999999999778e-01 -4.034644780808350362e+01
5.380000000000000338e-01 -4.053849293884513827e+01
5.385999999999999677e-01 -4.072909648363418711e+01
5.391000000000000236e-01 -4.091772418804794142e+01
5.396999999999999575e-01 -4.110444334112479225e+01
5.402000000000000135e-01 -4.128874548159342339e+01
5.407999999999999474e-01 -4.147145098601465918e+01
5.413000000000000034e-01 -4.165169767796817979e+01
5.419000000000000483e-01 -4.183030717504222906e+01
5.423999999999999932e-01 -4.200640360412762675e+01
5.430000000000000382e-01 -4.218080110665771798e+01
5.434999999999999831e-01 -4.235267309875092678e+01
5.441000000000000281e-01 -4.252233838632049157e+01
5.445999999999999730e-01 -4.268989030779503224e+01
5.452000000000000179e-01 -4.285562350627751016e+01
5.456999999999999629e-01 -4.301834054217781045e+01
5.463000000000000078e-01 -4.317961399988829641e+01
5.467999999999999527e-01 -4.333788970378297023e+01
5.473999999999999977e-01 -4.349428918217949303e+01
5.479000000000000536e-01 -4.364839573748962920e+01
5.484999999999999876e-01 -4.380024330314903835e+01
5.490000000000000435e-01 -4.394934624707512683e+01
5.495999999999999774e-01 -4.409659170578986220e+01
5.501000000000000334e-01 -4.424112043037884234e+01
5.506999999999999673e-01 -4.438369755654409232e+01
5.513000000000000123e-01 -4.452374754913822130e+01
5.517999999999999572e-01 -4.466136062015939956e+01
5.524000000000000021e-01 -4.479690154712970696e+01
5.528999999999999471e-01 -4.492981179443389550e+01
5.534999999999999920e-01 -4.506069432746611625e+01
5.540000000000000480e-01 -4.518894364606674685e+01
5.545999999999999819e-01 -4.531512836386733056e+01
5.551000000000000378e-01 -4.543865199702596414e+01
5.556999999999999718e-01 -4.555975189049873109e+01
5.562000000000000277e-01 -4.567862474879354551e+01
5.567999999999999616e-01 -4.579548000776120631e+01
5.573000000000000176e-01 -4.590926393439011122e+01
5.578999999999999515e-01 -4.602146374968789644e+01
5.584000000000000075e-01 -4.613105317550925832e+01
5.590000000000000524e-01 -4.623816830192577498e+01
5.594999999999999973e-01 -4.634319028199354307e+01
5.601000000000000423e-01 -4.644572955732934361e+01
5.605999999999999872e-01 -4.654615563430002823e+01
5.612000000000000322e-01 -4.664415756306973293e+01
5.616999999999999771e-01 -4.674009317232044936e+01
5.623000000000000220e-01 -4.683358837676151154e+01
5.627999999999999670e-01 -4.692507141842699525e+01
5.634000000000000119e-01 -4.701409397279821434e+01
5.638999999999999568e-01 -4.710115046480299128e+01
5.645000000000000018e-01 -4.718581880704213205e+01
5.649999999999999467e-01 -4.726808036886217934e+01
5.655999999999999917e-01 -4.734890731884524939e+01
5.661000000000000476e-01 -4.742688831672018068e+01
5.666999999999999815e-01 -4.750343766656604316e+01
5.672000000000000375e-01 -4.757726426592546431e+01
5.677999999999999714e-01 -4.764916242769759691e+01
5.683000000000000274e-01 -4.771933532038511316e+01
5.688999999999999613e-01 -4.778714856551220436e+01
5.694000000000000172e-01 -4.785277531164022236e+01
5.699999999999999512e-01 -4.791706702879691449e+01
5.705000000000000071e-01 -4.797876157849975698e+01
5.711000000000000520e-01 -4.803864026634288820e+01
5.715999999999999970e-01 -4.809696147433313484e+01
5.722000000000000419e-01 -4.815301474613791299e+01
5.726999999999999869e-01 -4.820709313027725784e+01
5.733000000000000318e-01 -4.825986865382894564e+01
5.738999999999999657e-01 -4.831030819830967005e+01
5.744000000000000217e-01 -4.835888246547088443e+01
5.749999999999999556e-01 -4.840627208174149843e+01
5.755000000000000115e-01 -4.845129480550973256e+01
5.760999999999999455e-01 -4.849471348977142782e+01
5.766000000000000014e-01 -4.853680529824189449e+01
5.772000000000000464e-01 -4.857680338331194747e+01
5.776999999999999913e-01 -4.861506676617924683e+01
5.783000000000000362e-01 -4.865226423743023076e+01
5.787999999999999812e-01 -4.868729564799600240e+01
5.794000000000000261e-01 -4.872131157537708646e+01
5.798999999999999710e-01 -4.875319386916557107e+01
5.805000000000000160e-01 -4.878360067242217468e+01
5.809999999999999609e-01 -4.881292846580482347e+01
5.816000000000000059e-01 -4.884035474924989018e+01
5.820999999999999508e-01 -4.886672521204113906e+01
5.826999999999999957e-01 -4.889125724993179034e+01
5.832000000000000517e-01 -4.891478904412610973e+01
5.837999999999999856e-01 -4.893650028329543034e+01
5.843000000000000416e-01 -4.895728417715417891e+01
5.848999999999999755e-01 -4.897632535001444865e+01
5.854000000000000314e-01 -4.899442978781004143e+01
5.859999999999999654e-01 -4.901083718627514685e+01
5.865000000000000213e-01 -4.902639933835763486e+01
5.870999999999999552e-01 -4.904025351040623804e+01
5.876000000000000112e-01 -4.905333739726080466e+01
5.881999999999999451e-01 -4.906524095515558770e+01
5.887000000000000011e-01 -4.907547139066659980e+01
5.893000000000000460e-01 -4.908500806297887209e+01
5.897999999999999909e-01 -4.909293312059345027e+01
5.904000000000000359e-01 -4.910022938340289755e+01
5.908999999999999808e-01 -4.910639364081497149e+01
5.915000000000000258e-01 -4.911099764217051700e+01
5.919999999999999707e-01 -4.911501214931271875e+01
5.926000000000000156e-01 -4.911799498078687520e+01
5.930999999999999606e-01 -4.911993909702855632e+01
5.937000000000000055e-01 -4.912039317048394338e+01
5.941999999999999504e-01 -4.912032951469024766e+01
5.947999999999999954e-01 -4.911929963207835925e+01
5.954000000000000403e-01 -4.911729089926437553e+01
5.958999999999999853e-01 -4.911435661564326693e+01
5.965000000000000302e-01 -4.910999396227632019e+01
5.969999999999999751e-01 -4.910521577346613498e+01
5.976000000000000201e-01 -4.909949661086498907e+01
5.980999999999999650e-01 -4.909292856255569149e+01
5.987000000000000099e-01 -4.908544190972435217e+01
5.991999999999999549e-01 -4.907715974477167009e+01
5.997999999999999998e-01 -4.906795986289623102e+01
6.002999999999999448e-01 -4.905795201917098325e+01
6.008999999999999897e-01 -4.904663541512584857e+01
6.014000000000000457e-01 -4.903497173278837806e+01
6.019999999999999796e-01 -4.902249679619374945e+01
6.025000000000000355e-01 -4.900924497012523773e+01
6.030999999999999694e-01 -4.899516704518742927e+01
6.036000000000000254e-01 -4.898034703077738072e+01
6.041999999999999593e-01 -4.896470603811631150e+01
6.047000000000000153e-01 -4.894836770733233067e+01
6.052999999999999492e-01 -4.893121569816094052e+01
6.058000000000000052e-01 -4.891334350679838394e+01
6.064000000000000501e-01 -4.889472407653429542e+01
6.068999999999999950e-01 -4.887539074548251250e+01
6.075000000000000400e-01 -4.885523887741457116e+01
6.079999999999999849e-01 -4.883494312014879313e+01
6.086000000000000298e-01 -4.881336799972311979e+01
6.090999999999999748e-01 -4.879111519980495615e+01
6.097000000000000197e-01 -4.876811409002357323e+01
6.101999999999999647e-01 -4.874443913889327007e+01
6.108000000000000096e-01 -4.872003207789810375e+01
6.112999999999999545e-01 -4.869492614711908374e+01
6.118999999999999995e-01 -4.866907232823905360e+01
6.124000000000000554e-01 -4.864260362529076787e+01
6.129999999999999893e-01 -4.861535027770386819e+01
6.135000000000000453e-01 -4.858795870036122722e+01
6.140999999999999792e-01 -4.855928836160270379e+01
6.146000000000000352e-01 -4.853003305791464328e+01
6.151999999999999691e-01 -4.849997322144482581e+01
6.157000000000000250e-01 -4.846930592018352257e+01
6.162999999999999590e-01 -4.843788690844321820e+01
6.168000000000000149e-01 -4.840581869795101255e+01
6.173999999999999488e-01 -4.837297998594043236e+01
6.179999999999999938e-01 -4.833995939429684086e+01
6.185000000000000497e-01 -4.830579881466961467e+01
6.190999999999999837e-01 -4.827083358298138194e+01
6.196000000000000396e-01 -4.823529935429684201e+01
6.201999999999999735e-01 -4.819897626357815312e+01
6.207000000000000295e-01 -4.816201433947682631e+01
6.212999999999999634e-01 -4.812427432187050869e+01
6.218000000000000194e-01 -4.808592500969710670e+01
6.223999999999999533e-01 -4.804721848022898456e+01
6.229000000000000092e-01 -4.800745391805764939e+01
6.235000000000000542e-01 -4.796686156008599511e+01
6.239999999999999991e-01 -4.792566590323762910e+01
6.246000000000000441e-01 -4.788366953515728142e+01
6.250999999999999890e-01 -4.784101314192176346e+01
6.257000000000000339e-01 -4.779762443340913336e+01
6.261999999999999789e-01 -4.775355699650869212e+01
6.268000000000000238e-01 -4.770871572215980905e+01
6.272999999999999687e-01 -4.766324677427618894e+01
6.279000000000000137e-01 -4.761693115174612245e+01
6.283999999999999586e-01 -4.757003772872839420e+01
6.290000000000000036e-01 -4.752226149170975589e+01
6.294999999999999485e-01 -4.747391887522920939e+01
6.300999999999999934e-01 -4.742473051799400707e+01
6.306000000000000494e-01 -4.737496581431752674e+01
6.311999999999999833e-01 -4.732430394117869810e+01
6.317000000000000393e-01 -4.727311079949750194e+01
6.322999999999999732e-01 -4.722101411470021048e+01
6.328000000000000291e-01 -4.716835408427330378e+01
6.333999999999999631e-01 -4.711484911537798581e+01
6.339000000000000190e-01 -4.706075313090883583e+01
6.344999999999999529e-01 -4.700581527609625709e+01
6.350000000000000089e-01 -4.695026829277353642e+01
6.356000000000000538e-01 -4.689391432798698389e+01
6.360999999999999988e-01 -4.683695515504241058e+01
6.367000000000000437e-01 -4.677917643749229626e+01
6.371999999999999886e-01 -4.672082089440018393e+01
6.378000000000000336e-01 -4.666164139335872107e+01
6.382999999999999785e-01 -4.660190749548296196e+01
6.389000000000000234e-01 -4.654130847085593103e+01
6.393999999999999684e-01 -4.648019907351991264e+01
6.400000000000000133e-01 -4.641778509619792459e+01
6.405999999999999472e-01 -4.635522151735757035e+01
6.411000000000000032e-01 -4.629206879077742798e+01
6.417000000000000481e-01 -4.622810696749601789e+01
6.421999999999999931e-01 -4.616366470816718959e+01
6.428000000000000380e-01 -4.609831981453490357e+01
6.432999999999999829e-01 -4.603210238202758120e+01
6.439000000000000279e-01 -4.596553559890487861e+01
6.443999999999999728e-01 -4.589849271194947278e+01
6.450000000000000178e-01 -4.583067064574125737e+01
6.454999999999999627e-01 -4.576236343729063094e+01
6.461000000000000076e-01 -4.569287929163537854e+01
6.465999999999999526e-01 -4.562338554039432381e+01
6.471999999999999975e-01 -4.555315206084230795e+01
6.477000000000000535e-01 -4.548248855899663567e+01
6.482999999999999874e-01 -4.541113422425512169e+01
6.488000000000000433e-01 -4.533888974255989268e+01
6.493999999999999773e-01 -4.526640542607766804e+01
6.499000000000000332e-01 -4.519354247463741814e+01
6.504999999999999671e-01 -4.511997437823702484e+01
6.510000000000000231e-01 -4.504564576709515933e+01
6.515999999999999570e-01 -4.497106979906192237e+01
6.521000000000000130e-01 -4.489619990766299651e+01
6.526999999999999469e-01 -4.482065402143660293e+01
6.532000000000000028e-01 -4.474441247801800614e+01
6.538000000000000478e-01 -4.466794687891893290e+01
6.542999999999999927e-01 -4.459125293489282171e+01
6.549000000000000377e-01 -4.451393932029596101e+01
6.553999999999999826e-01 -4.443598266791592977e+01
6.560000000000000275e-01 -4.435784854401791222e+01
6.564999999999999725e-01 -4.427957011845607838e+01
6.571000000000000174e-01 -4.420070821720053544e+01
6.575999999999999623e-01 -4.412127303719311300e+01
6.582000000000000073e-01 -4.404173352549081955e+01
6.586999999999999522e-01 -4.396207771185691371e+01
6.592999999999999972e-01 -4.388190658411792811e+01
6.598000000000000531e-01 -4.380123752439401130e+01
6.603999999999999870e-01 -4.372049720103324688e+01
6.609000000000000430e-01 -4.363974712358563579e+01
6.614999999999999769e-01 -4.355852132502382545e+01
6.621000000000000218e-01 -4.347720158614296793e+01
6.625999999999999668e-01 -4.339575448558258586e+01
6.632000000000000117e-01 -4.331349196990542794e+01
6.636999999999999567e-01 -4.323168026644632533e+01
6.643000000000000016e-01 -4.314950836815314261e+01
6.647999999999999465e-01 -4.306740254798371126e+01
6.653999999999999915e-01 -4.298495711579541023e+01
6.659000000000000474e-01 -4.290263223032945916e+01
6.664999999999999813e-01 -4.281999136411131701e+01
6.670000000000000373e-01 -4.273748859771549746e+01
6.675999999999999712e-01 -4.265427901943635902e+01
6.681000000000000272e-01 -4.257168825068073659e+01
6.686999999999999611e-01 -4.248885359962397956e+01
6.692000000000000171e-01 -4.240620968086960829e+01
6.697999999999999510e-01 -4.232334181087744440e+01
6.703000000000000069e-01 -4.224073538895572710e+01
6.709000000000000519e-01 -4.215795326033811818e+01
6.713999999999999968e-01 -4.207543669758076277e+01
6.720000000000000417e-01 -4.199276654335667303e+01
6.724999999999999867e-01 -4.191040252224332363e+01
6.731000000000000316e-01 -4.182829592003973573e+01
6.735999999999999766e-01 -4.174613894744479836e+01
6.742000000000000215e-01 -4.166390177145520113e+01
6.746999999999999664e-01 -4.158199401159490094e+01
6.753000000000000114e-01 -4.150006281255947016e+01
6.757999999999999563e-01 -4.141845669164779764e+01
6.764000000000000012e-01 -4.133729387691042234e+01
6.768999999999999462e-01 -4.125610946523129741e+01
6.774999999999999911e-01 -4.117493497293472160e+01
6.780000000000000471e-01 -4.109417616967730424e+01
6.785999999999999810e-01 -4.101385449954958773e+01
6.791000000000000369e-01 -4.093356755916360612e+01
6.796999999999999709e-01 -4.085334190419892764e+01
6.802000000000000268e-01 -4.077398635350009215e+01
6.807999999999999607e-01 -4.069431140251276702e+01
6.813000000000000167e-01 -4.061553489797254457e+01
6.818999999999999506e-01 -4.053645956794236582e+01
6.824000000000000066e-01 -4.045827732721583914e+01
6.830000000000000515e-01 -4.037984545170068884e+01
6.834999999999999964e-01 -4.030191937600205421e+01
6.841000000000000414e-01 -4.022453869158992035e+01
6.846999999999999753e-01 -4.014758660466179663e+01
6.852000000000000313e-01 -4.007068947896357969e+01
6.857999999999999652e-01 -3.999438580344676808e+01
6.863000000000000211e-01 -3.991823672518749078e+01
6.868999999999999551e-01 -3.984264525189492190e+01
6.874000000000000110e-01 -3.976760715981987460e+01
6.879999999999999449e-01 -3.969241473605824666e+01
6.885000000000000009e-01 -3.961817698353686978e+01
6.891000000000000458e-01 -3.954417013733526431e+01
6.895999999999999908e-01 -3.947072689175524118e+01
6.902000000000000357e-01 -3.939708383275205250e+01
6.906999999999999806e-01 -3.932443575388195711e+01
6.913000000000000256e-01 -3.925202393955454738e+01
6.917999999999999705e-01 -3.918022920886562588e+01
6.924000000000000155e-01 -3.910863670302935446e+01
6.928999999999999604e-01 -3.903765495576317335e+01
6.935000000000000053e-01 -3.896688842169282907e+01
6.939999999999999503e-01 -3.889674252597600912e+01
6.945999999999999952e-01 -3.882682002512713382e+01
6.951000000000000512e-01 -3.875714293850814585e+01
6.956999999999999851e-01 -3.868802287822462915e+01
6.962000000000000410e-01 -3.861953080467667121e+01
6.967999999999999750e-01 -3.855128629601195200e+01
6.973000000000000309e-01 -3.848362342866311536e+01
6.978999999999999648e-01 -3.841656966528087480e+01
6.984000000000000208e-01 -3.834972812946900689e+01
6.989999999999999547e-01 -3.828312579735509047e+01
6.995000000000000107e-01 -3.821706808377903997e+01
7.000999999999999446e-01 -3.815124382329632624e+01
7.006000000000000005e-01 -3.808601966935576399e+01
7.012000000000000455e-01 -3.802099074041002069e+01
7.016999999999999904e-01 -3.795651193862550343e+01
7.023000000000000353e-01 -3.789225281756420571e+01
7.027999999999999803e-01 -3.782890422730096702e+01
7.034000000000000252e-01 -3.776538411237348214e+01
7.038999999999999702e-01 -3.770238356934832069e+01
7.045000000000000151e-01 -3.763959541358438088e+01
7.049999999999999600e-01 -3.757766134966819749e+01
7.056000000000000050e-01 -3.751556302207303162e+01
7.062000000000000499e-01 -3.745388681351411719e+01
7.066999999999999948e-01 -3.739260534872262554e+01
7.073000000000000398e-01 -3.733149071647729755e+01
7.077999999999999847e-01 -3.727120864373274856e+01
7.084000000000000297e-01 -3.721071377307935535e+01
7.088999999999999746e-01 -3.715071448510646945e+01
7.095000000000000195e-01 -3.709080501532838525e+01
7.099999999999999645e-01 -3.703170951758322360e+01
7.106000000000000094e-01 -3.697237734079848792e+01
7.110999999999999543e-01 -3.691345917324301951e+01
7.116999999999999993e-01 -3.685501164975828203e+01
7.122000000000000552e-01 -3.679660724008766692e+01
7.127999999999999892e-01 -3.673829778553957226e+01
7.133000000000000451e-01 -3.668034574480312671e+01
7.138999999999999790e-01 -3.662287540177712941e+01
7.144000000000000350e-01 -3.656535544156718487e+01
7.149999999999999689e-01 -3.650791224813823987e+01
7.155000000000000249e-01 -3.645083600773820365e+01
7.160999999999999588e-01 -3.639414542131673613e+01
7.166000000000000147e-01 -3.633740345733277621e+01
7.171999999999999487e-01 -3.628071045332482925e+01
7.177000000000000046e-01 -3.622433263805931603e+01
7.183000000000000496e-01 -3.616831412582968852e+01
7.187999999999999945e-01 -3.611222543334137924e+01
7.194000000000000394e-01 -3.605614553553337487e+01
7.198999999999999844e-01 -3.600032932080675607e+01
7.205000000000000293e-01 -3.594449993512836272e+01
7.209999999999999742e-01 -3.588925987296116205e+01
7.216000000000000192e-01 -3.583367339873955615e+01
7.220999999999999641e-01 -3.577829197916110360e+01
7.227000000000000091e-01 -3.572289218883337014e+01
7.231999999999999540e-01 -3.566771540436257482e+01
7.237999999999999989e-01 -3.561281100722820980e+01
7.243000000000000549e-01 -3.555779220597930390e+01
7.248999999999999888e-01 -3.550268631315869783e+01
7.254000000000000448e-01 -3.544780513050714177e+01
7.259999999999999787e-01 -3.539282550655457271e+01
7.265000000000000346e-01 -3.533803840840440103e+01
7.270999999999999686e-01 -3.528313700722821267e+01
7.277000000000000135e-01 -3.522838350790185302e+01
7.281999999999999584e-01 -3.517372938670584404e+01
7.288000000000000034e-01 -3.511895420062408135e+01
7.292999999999999483e-01 -3.506434504101835614e+01
7.298999999999999932e-01 -3.501000440311612749e+01
7.304000000000000492e-01 -3.495545758010171511e+01
7.309999999999999831e-01 -3.490078554125722121e+01
7.315000000000000391e-01 -3.484628619600451316e+01
7.320999999999999730e-01 -3.479162348364264545e+01
7.326000000000000290e-01 -3.473715595018229862e+01
7.331999999999999629e-01 -3.468255409314382121e+01
7.337000000000000188e-01 -3.462777238535856128e+01
7.342999999999999527e-01 -3.457317504833248023e+01
7.348000000000000087e-01 -3.451875855840315666e+01
7.354000000000000536e-01 -3.446419981787415310e+01
7.358999999999999986e-01 -3.440979050462954802e+01
7.365000000000000435e-01 -3.435526063222717852e+01
7.369999999999999885e-01 -3.430089615894206645e+01
7.376000000000000334e-01 -3.424638749779315816e+01
7.380999999999999783e-01 -3.419204796689346892e+01
7.387000000000000233e-01 -3.413759116490891188e+01
7.391999999999999682e-01 -3.408329165961570340e+01
7.398000000000000131e-01 -3.402889378721332747e+01
7.402999999999999581e-01 -3.397464824479072831e+01
7.409000000000000030e-01 -3.391997953485559947e+01
7.413999999999999480e-01 -3.386581659182548520e+01
7.419999999999999929e-01 -3.381155889098652523e+01
7.425000000000000488e-01 -3.375750576217552634e+01
7.430999999999999828e-01 -3.370336613559536687e+01
7.436000000000000387e-01 -3.364939910152833846e+01
7.441999999999999726e-01 -3.359538135459771979e+01
7.447000000000000286e-01 -3.354157684937145234e+01
7.452999999999999625e-01 -3.348770541996119476e+01
7.458000000000000185e-01 -3.343374804007278556e+01
7.463999999999999524e-01 -3.338007314603881071e+01
7.469000000000000083e-01 -3.332662212996326900e+01
7.475000000000000533e-01 -3.327315582730507515e+01
7.479999999999999982e-01 -3.321996413265781456e+01
7.486000000000000432e-01 -3.316674127171140896e+01
7.490999999999999881e-01 -3.311379127362736341e+01
7.497000000000000330e-01 -3.306086735762701778e+01
7.502999999999999670e-01 -3.300815941018724686e+01
7.508000000000000229e-01 -3.295569652483865752e+01
7.513999999999999568e-01 -3.290326322083320321e+01
7.519000000000000128e-01 -3.285081542497339058e+01
7.524999999999999467e-01 -3.279877767298842883e+01
7.530000000000000027e-01 -3.274737237429603454e+01
7.536000000000000476e-01 -3.269543408403938400e+01
7.540999999999999925e-01 -3.264415242173497234e+01
7.547000000000000375e-01 -3.259332890782332015e+01
7.551999999999999824e-01 -3.254253073440183641e+01
7.558000000000000274e-01 -3.249188677473657805e+01
7.562999999999999723e-01 -3.244164245555899839e+01
7.569000000000000172e-01 -3.239153733066499541e+01
7.573999999999999622e-01 -3.234187993857590016e+01
7.580000000000000071e-01 -3.229238145128325499e+01
7.584999999999999520e-01 -3.224333126795391991e+01
7.590999999999999970e-01 -3.219447633504157125e+01
7.596000000000000529e-01 -3.214639579342236431e+01
7.601999999999999869e-01 -3.209826173867838861e+01
7.607000000000000428e-01 -3.205056188196557798e+01
7.612999999999999767e-01 -3.200316997587307810e+01
7.618000000000000327e-01 -3.195655452401045338e+01
7.623999999999999666e-01 -3.190992213624832985e+01
7.629000000000000226e-01 -3.186380569840232369e+01
7.634999999999999565e-01 -3.181828897283550717e+01
7.640000000000000124e-01 -3.177302019179571957e+01
7.645999999999999464e-01 -3.172839030100015734e+01
7.651000000000000023e-01 -3.168401134718357426e+01
7.657000000000000473e-01 -3.164027757155022158e+01
7.661999999999999922e-01 -3.159684605701867710e+01
7.668000000000000371e-01 -3.155405554122415168e+01
7.672999999999999821e-01 -3.151158665162461858e+01
7.679000000000000270e-01 -3.146980806918629270e+01
7.683999999999999719e-01 -3.142864757291403421e+01
7.690000000000000169e-01 -3.138758849842959009e+01
7.694999999999999618e-01 -3.134746557601028627e+01
7.701000000000000068e-01 -3.130776579222633771e+01
7.705999999999999517e-01 -3.126870641010376417e+01
7.711999999999999966e-01 -3.122980072854489109e+01
7.718000000000000416e-01 -3.119182606311115791e+01
7.722999999999999865e-01 -3.115445938920861124e+01
7.729000000000000314e-01 -3.111754895731291626e+01
7.733999999999999764e-01 -3.108133154729101832e+01
7.740000000000000213e-01 -3.104560240340127208e+01
7.744999999999999662e-01 -3.101053867464564817e+01
7.751000000000000112e-01 -3.097598886229286919e+01
7.755999999999999561e-01 -3.094213933340169120e+01
7.762000000000000011e-01 -3.090882198189860475e+01
7.766999999999999460e-01 -3.087648171062035374e+01
7.772999999999999909e-01 -3.084435737037238567e+01
7.778000000000000469e-01 -3.081296046654712129e+01
7.783999999999999808e-01 -3.078207046437163896e+01
7.789000000000000368e-01 -3.075222551344218758e+01
7.794999999999999707e-01 -3.072261529590447182e+01
7.800000000000000266e-01 -3.069367358432866055e+01
7.805999999999999606e-01 -3.066562825816425431e+01
7.811000000000000165e-01 -3.063796079753194945e+01
7.816999999999999504e-01 -3.061114639057323217e+01
7.822000000000000064e-01 -3.058474902609912505e+01
7.828000000000000513e-01 -3.055921917729472526e+01
7.832999999999999963e-01 -3.053404561571767317e+01
7.839000000000000412e-01 -3.050977313685995895e+01
7.843999999999999861e-01 -3.048584602865150828e+01
7.850000000000000311e-01 -3.046282016684301297e+01
7.854999999999999760e-01 -3.044044110627435273e+01
7.861000000000000210e-01 -3.041833233496716105e+01
7.865999999999999659e-01 -3.039718263443734614e+01
7.872000000000000108e-01 -3.037660751488202493e+01
7.876999999999999558e-01 -3.035667230855727539e+01
7.883000000000000007e-01 -3.033728989055256164e+01
7.887999999999999456e-01 -3.031823257149235218e+01
7.893999999999999906e-01 -3.030003033023930215e+01
7.899000000000000465e-01 -3.028244523294294055e+01
7.904999999999999805e-01 -3.026538007720379753e+01
7.910000000000000364e-01 -3.024892950625450894e+01
7.915999999999999703e-01 -3.023299683697153739e+01
7.921000000000000263e-01 -3.021765597161467909e+01
7.926999999999999602e-01 -3.020279498723810008e+01
7.932000000000000162e-01 -3.018852870584288439e+01
7.937999999999999501e-01 -3.017444602598256864e+01
7.943999999999999950e-01 -3.016117194309626015e+01
7.949000000000000510e-01 -3.014843196783238710e+01
7.954999999999999849e-01 -3.013615049666488233e+01
7.960000000000000409e-01 -3.012437356243832909e+01
7.965999999999999748e-01 -3.011305732550316705e+01
7.971000000000000307e-01 -3.010250215205687496e+01
7.976999999999999647e-01 -3.009209453203703788e+01
7.982000000000000206e-01 -3.008213756593628219e+01
7.987999999999999545e-01 -3.007259002024218475e+01
7.993000000000000105e-01 -3.006344631283383251e+01
7.999000000000000554e-01 -3.005470486693805654e+01
8.004000000000000004e-01 -3.004636215191470683e+01
8.010000000000000453e-01 -3.003835815534570841e+01
8.014999999999999902e-01 -3.003074454409555472e+01
8.021000000000000352e-01 -3.002346750776956341e+01
8.025999999999999801e-01 -3.001652736646526876e+01
8.032000000000000250e-01 -3.000989339792950261e+01
8.036999999999999700e-01 -3.000359741161136284e+01
8.043000000000000149e-01 -2.999753673620283934e+01
8.047999999999999599e-01 -2.999179713276852866e+01
8.054000000000000048e-01 -2.998630112568913830e+01
8.058999999999999497e-01 -2.998107220729512434e+01
8.064999999999999947e-01 -2.997605605931314088e+01
8.070000000000000506e-01 -2.997128270432864028e+01
8.075999999999999845e-01 -2.996665656908294650e+01
8.081000000000000405e-01 -2.996198195918006846e+01
8.086999999999999744e-01 -2.995773513006571420e+01
8.092000000000000304e-01 -2.995368216564698471e+01
8.097999999999999643e-01 -2.994979087029384246e+01
8.103000000000000203e-01 -2.994598427588875111e+01
8.108999999999999542e-01 -2.994232041712609416e+01
8.114000000000000101e-01 -2.993877327858329807e+01
8.120000000000000551e-01 -2.993500311490267407e+01
8.125000000000000000e-01 -2.993161404947225179e+01
8.131000000000000449e-01 -2.992827136860767823e+01
8.135999999999999899e-01 -2.992500115068479971e+01
8.142000000000000348e-01 -2.992145965533330809e+01
8.146999999999999797e-01 -2.991823677426954120e+01
8.153000000000000247e-01 -2.991502155560193543e+01
8.157999999999999696e-01 -2.991150407117081045e+01
8.164000000000000146e-01 -2.990828059401165362e+01
8.169999999999999485e-01 -2.990472278976732667e+01
8.175000000000000044e-01 -2.990143229664173319e+01
8.181000000000000494e-01 -2.989777142352771122e+01
8.185999999999999943e-01 -2.989434931065834888e+01
8.192000000000000393e-01 -2.989058110850105621e+01
8.196999999999999842e-01 -2.988699358586106314e+01
8.203000000000000291e-01 -2.988303234401372421e+01
8.207999999999999741e-01 -2.987896429624003503e+01
8.214000000000000190e-01 -2.987508081908088187e+01
8.218999999999999639e-01 -2.987077811686076956e+01
8.225000000000000089e-01 -2.986634534637352090e+01
8.229999999999999538e-01 -2.986205300931355566e+01
8.235999999999999988e-01 -2.985733816443361022e+01
8.241000000000000547e-01 -2.985245754934248197e+01
8.246999999999999886e-01 -2.984740332177956290e+01
8.252000000000000446e-01 -2.984247589502996689e+01
8.257999999999999785e-01 -2.983708151113361495e+01
8.263000000000000345e-01 -2.983152177306443775e+01
8.268999999999999684e-01 -2.982574295655247099e+01
8.274000000000000243e-01 -2.981977789193371464e+01
8.279999999999999583e-01 -2.981359653000372489e+01
8.285000000000000142e-01 -2.980725776498078972e+01
8.290999999999999481e-01 -2.980066019307765757e+01
8.296000000000000041e-01 -2.979390695298756597e+01
8.302000000000000490e-01 -2.978690279213539327e+01
8.306999999999999940e-01 -2.977972819476795152e+01
8.313000000000000389e-01 -2.977230944240609034e+01
8.317999999999999838e-01 -2.976437505609125722e+01
8.324000000000000288e-01 -2.975651623991404549e+01
8.328999999999999737e-01 -2.974847486269538166e+01
8.335000000000000187e-01 -2.974019792859445843e+01
8.339999999999999636e-01 -2.973173311983965661e+01
8.346000000000000085e-01 -2.972270673621110859e+01
8.350999999999999535e-01 -2.971379950757697941e+01
8.356999999999999984e-01 -2.970466739557797098e+01
8.362000000000000544e-01 -2.969505198480308295e+01
8.367999999999999883e-01 -2.968550403944704641e+01
8.373000000000000442e-01 -2.967578774531554231e+01
8.378999999999999782e-01 -2.966585252967724173e+01
8.385000000000000231e-01 -2.965543471128239617e+01
8.389999999999999680e-01 -2.964514811634170499e+01
8.396000000000000130e-01 -2.963435999666075205e+01
8.400999999999999579e-01 -2.962370892025127844e+01
8.407000000000000028e-01 -2.961289812469315308e+01
8.411999999999999478e-01 -2.960163862928298073e+01
8.417999999999999927e-01 -2.959050716040832540e+01
8.423000000000000487e-01 -2.957895388777452794e+01
8.428999999999999826e-01 -2.956754095926355674e+01
8.434000000000000385e-01 -2.955605038844816690e+01
8.439999999999999725e-01 -2.954407558258049349e+01
8.445000000000000284e-01 -2.953235117065918303e+01
8.450999999999999623e-01 -2.952018281809316136e+01
8.456000000000000183e-01 -2.950826664559244250e+01
8.461999999999999522e-01 -2.949596466950862350e+01
8.467000000000000082e-01 -2.948392162119933246e+01
8.473000000000000531e-01 -2.947177267725751904e+01
8.477999999999999980e-01 -2.945933468629500496e+01
8.484000000000000430e-01 -2.944711014457578457e+01
8.488999999999999879e-01 -2.943464588602555310e+01
8.495000000000000329e-01 -2.942241021499360443e+01
8.499999999999999778e-01 -2.941019793481176592e+01
8.506000000000000227e-01 -2.939772575138241351e+01
8.510999999999999677e-01 -2.938559032793818560e+01
8.517000000000000126e-01 -2.937318730967062663e+01
8.521999999999999575e-01 -2.936116346756045203e+01
8.528000000000000025e-01 -2.934918259538373420e+01
8.532999999999999474e-01 -2.933731329222301554e+01
8.538999999999999924e-01 -2.932525112671819656e+01
8.544000000000000483e-01 -2.931361250233005222e+01
8.549999999999999822e-01 -2.930208171465471878e+01
8.555000000000000382e-01 -2.929072335906766256e+01
8.560999999999999721e-01 -2.927921856101583842e+01
8.566000000000000281e-01 -2.926820171647891300e+01
8.571999999999999620e-01 -2.925734043197091339e+01
8.577000000000000179e-01 -2.924673158992768407e+01
8.582999999999999519e-01 -2.923632055124189577e+01
8.588000000000000078e-01 -2.922615716378064121e+01
8.594000000000000528e-01 -2.921624336963673940e+01
8.598999999999999977e-01 -2.920659519989751374e+01
8.605000000000000426e-01 -2.919721992556516099e+01
8.610999999999999766e-01 -2.918813812670993002e+01
8.616000000000000325e-01 -2.917942103264372378e+01
8.621999999999999664e-01 -2.917095610649254667e+01
8.627000000000000224e-01 -2.916289002401621033e+01
8.632999999999999563e-01 -2.915514649092450128e+01
8.638000000000000123e-01 -2.914808230366244501e+01
8.643999999999999462e-01 -2.914108473452081327e+01
8.649000000000000021e-01 -2.913451947805430819e+01
8.655000000000000471e-01 -2.912864651349341472e+01
8.659999999999999920e-01 -2.912292400985742447e+01
8.666000000000000369e-01 -2.911761690938133285e+01
8.670999999999999819e-01 -2.911308482225235039e+01
8.677000000000000268e-01 -2.910870698148117697e+01
8.681999999999999718e-01 -2.910511161658883950e+01
8.688000000000000167e-01 -2.910200682581725218e+01
8.692999999999999616e-01 -2.909914400876968443e+01
8.699000000000000066e-01 -2.909706127695995548e+01
8.703999999999999515e-01 -2.909554265350911351e+01
8.709999999999999964e-01 -2.909425919407364702e+01
8.715000000000000524e-01 -2.909382132628176976e+01
8.720999999999999863e-01 -2.909396405896185556e+01
8.726000000000000423e-01 -2.909469336145307139e+01
8.731999999999999762e-01 -2.909598968429557431e+01
8.737000000000000322e-01 -2.909790027371326815e+01
8.742999999999999661e-01 -2.910044668867215023e+01
8.748000000000000220e-01 -2.910359475578459865e+01
8.753999999999999559e-01 -2.910738573145844299e+01
8.759000000000000119e-01 -2.911181093057816582e+01
8.764999999999999458e-01 -2.911692626211513613e+01
8.770000000000000018e-01 -2.912264399014257421e+01
8.776000000000000467e-01 -2.912937094270363758e+01
8.780999999999999917e-01 -2.913648228151257769e+01
8.787000000000000366e-01 -2.914429203535561896e+01
8.791999999999999815e-01 -2.915306646034797211e+01
8.798000000000000265e-01 -2.916227013710376781e+01
8.802999999999999714e-01 -2.917246751357770762e+01
8.809000000000000163e-01 -2.918311490596767399e+01
8.813999999999999613e-01 -2.919476434403106779e+01
8.820000000000000062e-01 -2.920689144437326235e+01
