0.000000000000000000e+00 -2.439576706754159119e+01
6.999999999999999929e-04 -2.440520106266336953e+01
1.500000000000000031e-03 -2.441520407556009786e+01
2.200000000000000133e-03 -2.442575807951923395e+01
2.899999999999999800e-03 -2.443686507314380663e+01
3.700000000000000164e-03 -2.444854108967839323e+01
4.400000000000000265e-03 -2.446106709188348205e+01
5.100000000000000366e-03 -2.447390108416925258e+01
5.899999999999999863e-03 -2.448733710045326006e+01
6.599999999999999964e-03 -2.450136810467013504e+01
7.300000000000000065e-03 -2.451598809696127290e+01
8.099999999999999561e-03 -2.453146611329003335e+01
8.800000000000000530e-03 -2.454729010316935245e+01
9.599999999999999159e-03 -2.456375912228937253e+01
1.030000000000000013e-02 -2.458084012856814482e+01
1.099999999999999936e-02 -2.459879811494652913e+01
1.179999999999999973e-02 -2.461714713591366888e+01
1.250000000000000069e-02 -2.463613114049567443e+01
1.319999999999999993e-02 -2.465575512864689856e+01
1.400000000000000029e-02 -2.467629114985298244e+01
1.469999999999999953e-02 -2.469722215466408599e+01
1.540000000000000049e-02 -2.471882514102546580e+01
1.619999999999999912e-02 -2.474133716433641084e+01
1.689999999999999836e-02 -2.476429116918330919e+01
1.760000000000000106e-02 -2.478792215234534169e+01
1.839999999999999969e-02 -2.481224118081014396e+01
1.909999999999999892e-02 -2.483749618407482274e+01
1.980000000000000163e-02 -2.486320716549444043e+01
2.060000000000000026e-02 -2.488962519597371070e+01
2.129999999999999949e-02 -2.491699817457790189e+01
2.210000000000000159e-02 -2.494486620467951710e+01
2.280000000000000082e-02 -2.497345521168855242e+01
2.350000000000000006e-02 -2.500302318840356008e+01
2.429999999999999868e-02 -2.503309822058765732e+01
2.500000000000000139e-02 -2.506390922781863040e+01
2.570000000000000062e-02 -2.509573020268652499e+01
2.649999999999999925e-02 -2.512808523704707397e+01
2.719999999999999848e-02 -2.516119524449998934e+01
2.790000000000000119e-02 -2.519534621742052849e+01
2.869999999999999982e-02 -2.523005325601943127e+01
2.939999999999999905e-02 -2.526581326005732109e+01
3.009999999999999828e-02 -2.530213723264942161e+01
3.090000000000000038e-02 -2.533927527382481060e+01
3.160000000000000309e-02 -2.537752227794861071e+01
3.230000000000000232e-02 -2.541634524874281453e+01
3.309999999999999748e-02 -2.545605229201679265e+01
3.379999999999999671e-02 -2.549684029671334784e+01
3.450000000000000289e-02 -2.553828426675313423e+01
3.529999999999999805e-02 -2.558086630956443486e+01
3.599999999999999728e-02 -2.562410531803397973e+01
3.670000000000000345e-02 -2.566852728245812898e+01
3.749999999999999861e-02 -2.571361632960353916e+01
3.819999999999999785e-02 -2.575965429608332258e+01
3.899999999999999994e-02 -2.580691834349989477e+01
3.969999999999999918e-02 -2.585489735253503341e+01
4.039999999999999841e-02 -2.590413831317902549e+01
4.120000000000000051e-02 -2.595413136708289414e+01
4.189999999999999974e-02 -2.600540437272448457e+01
4.259999999999999898e-02 -2.605746533443433322e+01
4.340000000000000108e-02 -2.611085138794532767e+01
4.410000000000000031e-02 -2.616503839786106766e+01
4.479999999999999954e-02 -2.622061035350960623e+01
4.560000000000000164e-02 -2.627704141390524128e+01
4.630000000000000088e-02 -2.633485442048471015e+01
4.700000000000000011e-02 -2.639358637691988108e+01
4.780000000000000221e-02 -2.645375443940694993e+01
4.850000000000000144e-02 -2.651512944624415979e+01
4.920000000000000068e-02 -2.657745940000441109e+01
5.000000000000000278e-02 -2.664131246432875244e+01
5.070000000000000201e-02 -2.670616841612912395e+01
5.149999999999999717e-02 -2.677259548319371874e+01
5.220000000000000334e-02 -2.684008649460577089e+01
5.290000000000000258e-02 -2.690917144146258977e+01
5.369999999999999774e-02 -2.697964251253285894e+01
5.439999999999999697e-02 -2.705123152475392345e+01
5.510000000000000314e-02 -2.712452746824314431e+01
5.589999999999999830e-02 -2.719927354584545753e+01
5.659999999999999754e-02 -2.727551555473740308e+01
5.729999999999999677e-02 -2.735299949676522147e+01
5.809999999999999887e-02 -2.743229857912225356e+01
5.879999999999999810e-02 -2.751318858847956150e+01
5.949999999999999734e-02 -2.759538552687220303e+01
6.029999999999999943e-02 -2.767949061414594070e+01
6.099999999999999867e-02 -2.776527262647439187e+01
6.169999999999999790e-02 -2.785277655893995785e+01
6.250000000000000000e-02 -2.794200064948464046e+01
6.320000000000000617e-02 -2.803271866449786032e+01
6.389999999999999847e-02 -2.812553359288079236e+01
6.469999999999999363e-02 -2.822017569099472922e+01
6.539999999999999980e-02 -2.831669161664814283e+01
6.619999999999999496e-02 -2.841512771879459720e+01
6.690000000000000113e-02 -2.851552673299881135e+01
6.759999999999999343e-02 -2.861790965400937026e+01
6.840000000000000246e-02 -2.872230976227351462e+01
6.909999999999999476e-02 -2.882878177721514135e+01
6.980000000000000093e-02 -2.893734069371350159e+01
7.059999999999999609e-02 -2.904807880832264644e+01
7.130000000000000226e-02 -2.916098282425226884e+01
7.199999999999999456e-02 -2.927611173544731926e+01
7.280000000000000360e-02 -2.939351185709950443e+01
7.349999999999999589e-02 -2.951322887376654336e+01
7.420000000000000207e-02 -2.963527377958042308e+01
7.499999999999999722e-02 -2.975971890843941736e+01
7.570000000000000340e-02 -2.988660692613024850e+01
7.639999999999999569e-02 -3.001596582632580379e+01
7.720000000000000473e-02 -3.014787296270035810e+01
7.789999999999999702e-02 -3.028233998346256328e+01
7.860000000000000320e-02 -3.041970687534518447e+01
7.939999999999999836e-02 -3.055943901965322951e+01
8.010000000000000453e-02 -3.070186090950527102e+01
8.089999999999999969e-02 -3.084704605938778954e+01
8.160000000000000586e-02 -3.099501808198279207e+01
8.229999999999999816e-02 -3.114614596275315961e+01
8.309999999999999332e-02 -3.129983112133074385e+01
8.379999999999999949e-02 -3.145645514283036448e+01
8.450000000000000566e-02 -3.161608202054278394e+01
8.530000000000000082e-02 -3.177899218636655476e+01
8.599999999999999312e-02 -3.194470020867518301e+01
8.669999999999999929e-02 -3.211352407746164062e+01
8.749999999999999445e-02 -3.228552025652847846e+01
8.820000000000000062e-02 -3.246102827766296883e+01
8.890000000000000679e-02 -3.263948813860901765e+01
8.970000000000000195e-02 -3.282124532767839753e+01
9.039999999999999425e-02 -3.300669134971496987e+01
9.110000000000000042e-02 -3.319521520449858087e+01
9.189999999999999558e-02 -3.338749039935095198e+01
9.260000000000000175e-02 -3.358294742468083882e+01
9.329999999999999405e-02 -3.378194227113988291e+01
9.410000000000000309e-02 -3.398485547641451632e+01
9.479999999999999538e-02 -3.419107650263932641e+01
9.550000000000000155e-02 -3.440096034039972039e+01
9.629999999999999671e-02 -3.461492955647070602e+01
9.700000000000000289e-02 -3.483233238792816167e+01
9.779999999999999805e-02 -3.505388861146190749e+01
9.850000000000000422e-02 -3.527897263931188832e+01
9.919999999999999651e-02 -3.550794646141024913e+01
1.000000000000000056e-01 -3.574123269631487432e+01
1.006999999999999978e-01 -3.597816872503114638e+01
1.014000000000000040e-01 -3.621911553734173594e+01
1.021999999999999992e-01 -3.646452278423922166e+01
1.029000000000000054e-01 -3.671373981633472283e+01
1.035999999999999976e-01 -3.696743961344863294e+01
1.044000000000000067e-01 -3.722499587429706480e+01
1.050999999999999990e-01 -3.748679190784591952e+01
1.058000000000000052e-01 -3.775327369399076360e+01
1.066000000000000003e-01 -3.802368696731888775e+01
1.073000000000000065e-01 -3.829847600171255095e+01
1.079999999999999988e-01 -3.857806877681315427e+01
1.087999999999999939e-01 -3.886170306301831801e+01
1.095000000000000001e-01 -3.914985883333108774e+01
1.102999999999999953e-01 -3.944251513066730297e+01
1.110000000000000014e-01 -3.974012016072238396e+01
1.116999999999999937e-01 -4.004192291962399963e+01
1.125000000000000028e-01 -4.034835422731177346e+01
1.131999999999999951e-01 -4.065945826363847004e+01
1.139000000000000012e-01 -4.097563600799043115e+01
1.146999999999999964e-01 -4.129617332845234046e+01
1.154000000000000026e-01 -4.162140436305362812e+01
1.160999999999999949e-01 -4.195146809768493767e+01
1.169000000000000039e-01 -4.228632343201993393e+01
1.175999999999999962e-01 -4.262602046979998249e+01
1.183000000000000024e-01 -4.297099418942791971e+01
1.190999999999999975e-01 -4.332049453700508224e+01
1.198000000000000037e-01 -4.367485557250128636e+01
1.204999999999999960e-01 -4.403417428211056972e+01
1.213000000000000050e-01 -4.439846964370848070e+01
1.219999999999999973e-01 -4.476773467959129960e+01
1.227000000000000035e-01 -4.514201137635933492e+01
1.234999999999999987e-01 -4.552135175165761893e+01
1.242000000000000048e-01 -4.590569443672990957e+01
1.250000000000000000e-01 -4.629467182431816497e+01
1.257000000000000062e-01 -4.668916386084531922e+01
1.264000000000000123e-01 -4.708875753513201090e+01
1.272000000000000075e-01 -4.749344293415737184e+01
1.279000000000000137e-01 -4.790327697074896918e+01
1.285999999999999921e-01 -4.831822162847242907e+01
1.293999999999999873e-01 -4.873780704449773538e+01
1.300999999999999934e-01 -4.916305308113944506e+01
1.307999999999999996e-01 -4.959341672538985080e+01
1.315999999999999948e-01 -5.002847315521754723e+01
1.323000000000000009e-01 -5.046918419220290986e+01
1.330000000000000071e-01 -5.091506082255158816e+01
1.338000000000000023e-01 -5.136562726628817188e+01
1.345000000000000084e-01 -5.182185229957929096e+01
1.351999999999999869e-01 -5.228272692263256261e+01
1.360000000000000098e-01 -5.274926937360012147e+01
1.366999999999999882e-01 -5.322048341435131391e+01
1.373999999999999944e-01 -5.369738901624235439e+01
1.381999999999999895e-01 -5.417887448810008522e+01
1.388999999999999957e-01 -5.466608108062217752e+01
1.396999999999999909e-01 -5.515784355765346447e+01
1.403999999999999970e-01 -5.565476559785338395e+01
1.411000000000000032e-01 -5.615730217686930814e+01
1.418999999999999984e-01 -5.666442866697003922e+01
1.426000000000000045e-01 -5.717661970314638609e+01
1.433000000000000107e-01 -5.769386327230832023e+01
1.441000000000000059e-01 -5.821622477968731602e+01
1.448000000000000120e-01 -5.874415981138189125e+01
1.454999999999999905e-01 -5.927652136603087030e+01
1.463000000000000134e-01 -5.981384388266068441e+01
1.469999999999999918e-01 -6.035616191844326295e+01
1.476999999999999980e-01 -6.090347745899541820e+01
1.484999999999999931e-01 -6.145563998828301777e+01
1.491999999999999993e-01 -6.201271102292725601e+01
1.499000000000000055e-01 -6.257462055066949347e+01
1.507000000000000006e-01 -6.314141709187924789e+01
1.514000000000000068e-01 -6.371295812634450328e+01
1.521000000000000130e-01 -6.428931263639859139e+01
1.529000000000000081e-01 -6.486979419356391929e+01
1.535999999999999865e-01 -6.545553822732755123e+01
1.542999999999999927e-01 -6.604599772766546550e+01
1.550999999999999879e-01 -6.664104829337999547e+01
1.557999999999999940e-01 -6.724073378085698494e+01
1.565999999999999892e-01 -6.784427535820103117e+01
1.572999999999999954e-01 -6.845301538977389555e+01
1.580000000000000016e-01 -6.906616486493852847e+01
1.587999999999999967e-01 -6.968312845296259184e+01
1.595000000000000029e-01 -7.030510448408439572e+01
1.602000000000000091e-01 -7.093142694585026220e+01
1.610000000000000042e-01 -7.156130654478162967e+01
1.617000000000000104e-01 -7.219610757013299462e+01
1.623999999999999888e-01 -7.283444902918007813e+01
1.632000000000000117e-01 -7.347763062838171777e+01
1.638999999999999901e-01 -7.412410866240308849e+01
1.645999999999999963e-01 -7.477533810005616033e+01
1.653999999999999915e-01 -7.542983371891922673e+01
1.660999999999999976e-01 -7.608895774104887266e+01
1.668000000000000038e-01 -7.675117217253593083e+01
1.675999999999999990e-01 -7.741723780042876513e+01
1.683000000000000052e-01 -7.808774621901194735e+01
1.691000000000000003e-01 -7.876123084716519429e+01
1.698000000000000065e-01 -7.943826787827987346e+01
1.705000000000000127e-01 -8.011965028572214464e+01
1.713000000000000078e-01 -8.080378392181606273e+01
1.719999999999999862e-01 -8.149124794650876424e+01
1.726999999999999924e-01 -8.218216035365392713e+01
1.734999999999999876e-01 -8.287713799284426841e+01
1.741999999999999937e-01 -8.357452301551086293e+01
1.748999999999999999e-01 -8.427507340811085612e+01
1.756999999999999951e-01 -8.497874405927616692e+01
1.764000000000000012e-01 -8.568540808028893707e+01
1.771000000000000074e-01 -8.639500646849396048e+01
1.779000000000000026e-01 -8.710831612109740263e+01
1.786000000000000087e-01 -8.782361514054944962e+01
1.792999999999999872e-01 -8.854163051470685275e+01
1.801000000000000101e-01 -8.926231717832948220e+01
1.807999999999999885e-01 -8.998561019580554898e+01
1.814999999999999947e-01 -9.071134356167149804e+01
1.822999999999999898e-01 -9.143952722999873117e+01
1.829999999999999960e-01 -9.217003659092026169e+01
1.837999999999999912e-01 -9.290288926209423437e+01
1.844999999999999973e-01 -9.363788227770885442e+01
1.852000000000000035e-01 -9.437505563046150314e+01
1.859999999999999987e-01 -9.511422030579510078e+01
1.867000000000000048e-01 -9.585531732007805772e+01
1.874000000000000110e-01 -9.659840866549235727e+01
1.882000000000000062e-01 -9.734316533811968952e+01
1.889000000000000123e-01 -9.808877735600383119e+01
1.895999999999999908e-01 -9.883688669648263669e+01
1.904000000000000137e-01 -9.958659037816926229e+01
1.910999999999999921e-01 -1.003377963876411201e+02
1.917999999999999983e-01 -1.010903247224488126e+02
1.925999999999999934e-01 -1.018441734054679841e+02
1.932999999999999996e-01 -1.025991924067781440e+02
1.940000000000000058e-01 -1.033543937437041080e+02
1.948000000000000009e-01 -1.041116354278840106e+02
1.955000000000000071e-01 -1.048697854344706428e+02
1.962000000000000133e-01 -1.056288547597724374e+02
1.970000000000000084e-01 -1.063886614374489312e+02
1.976999999999999869e-01 -1.071481474494408985e+02
1.983999999999999930e-01 -1.079093077713554152e+02
1.991999999999999882e-01 -1.086709634561206030e+02
1.998999999999999944e-01 -1.094330567691440734e+02
2.006999999999999895e-01 -1.101943594605880605e+02
2.013999999999999957e-01 -1.109570774609818073e+02
2.021000000000000019e-01 -1.117198497727210906e+02
2.028999999999999970e-01 -1.124817234617550241e+02
2.036000000000000032e-01 -1.132446044613397760e+02
2.043000000000000094e-01 -1.140074267773818377e+02
2.051000000000000045e-01 -1.147700444494838479e+02
2.058000000000000107e-01 -1.155312114550968090e+02
2.064999999999999891e-01 -1.162931617704032163e+02
2.073000000000000120e-01 -1.170546654392101402e+02
2.079999999999999905e-01 -1.178143974433482555e+02
2.086999999999999966e-01 -1.185747067579432183e+02
2.094999999999999918e-01 -1.193342214235454151e+02
2.101999999999999980e-01 -1.200917654256073064e+02
2.109000000000000041e-01 -1.208495967409226921e+02
2.116999999999999993e-01 -1.216063944019097676e+02
2.124000000000000055e-01 -1.223609157264330065e+02
2.132000000000000006e-01 -1.231154003839755262e+02
2.139000000000000068e-01 -1.238674173827870675e+02
2.146000000000000130e-01 -1.246192677007675229e+02
2.154000000000000081e-01 -1.253696553524026456e+02
2.160999999999999865e-01 -1.261172623493885538e+02
2.167999999999999927e-01 -1.268644476621909831e+02
2.175999999999999879e-01 -1.276086773238939998e+02
2.182999999999999940e-01 -1.283523023101766398e+02
2.190000000000000002e-01 -1.290940106259072593e+02
2.197999999999999954e-01 -1.298324482811453606e+02
2.205000000000000016e-01 -1.305701022557367139e+02
2.212000000000000077e-01 -1.313042065930564490e+02
2.220000000000000029e-01 -1.320374002225028676e+02
2.227000000000000091e-01 -1.327668632144414289e+02
2.233999999999999875e-01 -1.334951995466430503e+02
2.242000000000000104e-01 -1.342209841677622535e+02
2.248999999999999888e-01 -1.349428011572665866e+02
2.255999999999999950e-01 -1.356631514870743445e+02
2.263999999999999901e-01 -1.363794271164652798e+02
2.270999999999999963e-01 -1.370940784501516418e+02
2.278999999999999915e-01 -1.378044600732011418e+02
2.285999999999999976e-01 -1.385130690504772986e+02
2.293000000000000038e-01 -1.392185033907207412e+02
2.300999999999999990e-01 -1.399193980029533293e+02
2.308000000000000052e-01 -1.406181949687243105e+02
2.315000000000000113e-01 -1.413122103345034759e+02
2.323000000000000065e-01 -1.420041309177925086e+02
2.330000000000000127e-01 -1.426910329012614795e+02
2.336999999999999911e-01 -1.433756252562040174e+02
2.344999999999999862e-01 -1.440550468464349478e+02
2.351999999999999924e-01 -1.447319818079675997e+02
2.358999999999999986e-01 -1.454035431907655038e+02
2.366999999999999937e-01 -1.460725187493394515e+02
2.373999999999999999e-01 -1.467358917299088716e+02
2.381000000000000061e-01 -1.473965501115827692e+02
2.389000000000000012e-01 -1.480528856573342580e+02
2.396000000000000074e-01 -1.487034076358704340e+02
2.403000000000000136e-01 -1.493509310187685628e+02
2.411000000000000087e-01 -1.499924505701043529e+02
2.417999999999999872e-01 -1.506307885258665635e+02
2.424999999999999933e-01 -1.512629469396985655e+02
2.432999999999999885e-01 -1.518918444564277195e+02
2.439999999999999947e-01 -1.525143038784384260e+02
2.447999999999999898e-01 -1.531334223850415412e+02
2.454999999999999960e-01 -1.537459113595899396e+02
2.462000000000000022e-01 -1.543548447726317363e+02
2.469999999999999973e-01 -1.549570732847744239e+02
2.477000000000000035e-01 -1.555555572354534490e+02
2.484000000000000097e-01 -1.561471516818660064e+02
2.492000000000000048e-01 -1.567348911573374437e+02
2.499000000000000110e-01 -1.573155751285281099e+02
2.505999999999999894e-01 -1.578922345671700782e+02
2.514000000000000123e-01 -1.584616650474767710e+02
2.520999999999999908e-01 -1.590270039945760914e+02
2.528000000000000247e-01 -1.595849534680914132e+02
2.535999999999999921e-01 -1.601385679100309858e+02
2.543000000000000260e-01 -1.606847088781001673e+02
2.550000000000000044e-01 -1.612263893452203263e+02
2.558000000000000274e-01 -1.617603897908917645e+02
2.565000000000000058e-01 -1.622898897341536610e+02
2.571999999999999842e-01 -1.628114642381983685e+02
2.580000000000000071e-01 -1.633283806442389903e+02
2.586999999999999855e-01 -1.638373961582137497e+02
2.595000000000000084e-01 -1.643415445511169537e+02
2.601999999999999869e-01 -1.648375535158355092e+02
2.609000000000000208e-01 -1.653286340246054067e+02
2.616999999999999882e-01 -1.658114544205942877e+02
2.624000000000000221e-01 -1.662892323602192448e+02
2.631000000000000005e-01 -1.667585769080489229e+02
2.639000000000000234e-01 -1.672227912624221062e+02
2.646000000000000019e-01 -1.676784762241910016e+02
2.652999999999999803e-01 -1.681288207667916481e+02
2.661000000000000032e-01 -1.685704861240241144e+02
2.667999999999999816e-01 -1.690068400608640786e+02
2.675000000000000155e-01 -1.694343716436762577e+02
2.682999999999999829e-01 -1.698563839575757015e+02
2.690000000000000169e-01 -1.702694889171037289e+02
2.696999999999999953e-01 -1.706769404963550301e+02
2.705000000000000182e-01 -1.710754358118966536e+02
2.711999999999999966e-01 -1.714681924028830338e+02
2.720000000000000195e-01 -1.718517667052648221e+02
2.726999999999999980e-01 -1.722296296385823666e+02
2.733999999999999764e-01 -1.725981782716802400e+02
2.741999999999999993e-01 -1.729608085295378430e+02
2.748999999999999777e-01 -1.733141264865099629e+02
2.756000000000000116e-01 -1.736614341166098541e+02
2.763999999999999790e-01 -1.739993103750026364e+02
2.771000000000000130e-01 -1.743310433073894501e+02
2.777999999999999914e-01 -1.746533319798442392e+02
2.786000000000000143e-01 -1.749693761939562080e+02
2.792999999999999927e-01 -1.752758211495680882e+02
2.800000000000000266e-01 -1.755760658197434907e+02
2.807999999999999940e-01 -1.758665530346671630e+02
2.814999999999999725e-01 -1.761507489642546602e+02
2.822000000000000064e-01 -1.764251096789936355e+02
2.829999999999999738e-01 -1.766931288480579383e+02
2.837000000000000077e-01 -1.769512598023381429e+02
2.843999999999999861e-01 -1.772030045144576604e+02
2.852000000000000091e-01 -1.774447586844875957e+02
2.858999999999999875e-01 -1.776800424113509678e+02
2.867000000000000104e-01 -1.779053375655487912e+02
2.873999999999999888e-01 -1.781240084937473966e+02
2.881000000000000227e-01 -1.783326502659779749e+02
2.888999999999999901e-01 -1.785347393743575708e+02
2.896000000000000241e-01 -1.787267053265400705e+02
2.903000000000000025e-01 -1.789119920973450348e+02
2.911000000000000254e-01 -1.790871622059689514e+02
2.918000000000000038e-01 -1.792556081328430366e+02
2.924999999999999822e-01 -1.794138399496040677e+02
2.933000000000000052e-01 -1.795654260116347416e+02
2.939999999999999836e-01 -1.797067279636812032e+02
2.947000000000000175e-01 -1.798413317785029335e+02
2.954999999999999849e-01 -1.799656048415493501e+02
2.962000000000000188e-01 -1.800831497675428068e+02
2.968999999999999972e-01 -1.801903576296343772e+02
2.977000000000000202e-01 -1.802908666455183493e+02
2.983999999999999986e-01 -1.803810305968918328e+02
2.990999999999999770e-01 -1.804644024576437005e+02
2.998999999999999999e-01 -1.805374564739867367e+02
3.005999999999999783e-01 -1.806036613614216151e+02
3.014000000000000012e-01 -1.806613553389966285e+02
3.020999999999999797e-01 -1.807087052902412836e+02
3.028000000000000136e-01 -1.807492451892367455e+02
3.035999999999999810e-01 -1.807794531683671266e+02
3.043000000000000149e-01 -1.808029700937234452e+02
3.049999999999999933e-01 -1.808160610395349863e+02
3.058000000000000163e-01 -1.808223719716130518e+02
3.064999999999999947e-01 -1.808184069233373634e+02
3.071999999999999731e-01 -1.808076988682146293e+02
3.079999999999999960e-01 -1.807866618012699291e+02
3.086999999999999744e-01 -1.807589037276643467e+02
3.094000000000000083e-01 -1.807208647200852454e+02
3.101999999999999758e-01 -1.806761816064703794e+02
3.109000000000000097e-01 -1.806212145585812721e+02
3.115999999999999881e-01 -1.805595585504562735e+02
3.124000000000000110e-01 -1.804877974381175250e+02
3.130999999999999894e-01 -1.804093153783868217e+02
3.138000000000000234e-01 -1.803224903924603950e+02
3.145999999999999908e-01 -1.802255082587965376e+02
3.153000000000000247e-01 -1.801219792884578510e+02
3.160999999999999921e-01 -1.800083951400653746e+02
3.168000000000000260e-01 -1.798882820677771122e+02
3.175000000000000044e-01 -1.797580721446008454e+02
3.183000000000000274e-01 -1.796215239509431854e+02
3.190000000000000058e-01 -1.794749949051016813e+02
3.196999999999999842e-01 -1.793220629795574723e+02
3.205000000000000071e-01 -1.791591687891913125e+02
3.211999999999999855e-01 -1.789900467310213514e+02
3.219000000000000195e-01 -1.788127998288283322e+02
3.226999999999999869e-01 -1.786258446167648231e+02
3.234000000000000208e-01 -1.784326385470897094e+02
3.240999999999999992e-01 -1.782297006907847390e+02
3.249000000000000221e-01 -1.780207094467796480e+02
3.256000000000000005e-01 -1.778037603787655598e+02
3.262999999999999790e-01 -1.775773115436013256e+02
3.271000000000000019e-01 -1.773448252675517551e+02
3.277999999999999803e-01 -1.771028422255333226e+02
3.285000000000000142e-01 -1.768549903883367449e+02
3.292999999999999816e-01 -1.765977191164530211e+02
3.300000000000000155e-01 -1.763346310625858280e+02
3.306999999999999940e-01 -1.760640192468226246e+02
3.315000000000000169e-01 -1.757841579557607474e+02
3.321999999999999953e-01 -1.754986251540397575e+02
3.330000000000000182e-01 -1.752039528505607962e+02
3.336999999999999966e-01 -1.749037257985693827e+02
3.343999999999999750e-01 -1.745962370174056844e+02
3.351999999999999980e-01 -1.742797536957105535e+02
3.358999999999999764e-01 -1.739578976447429284e+02
3.366000000000000103e-01 -1.736289228840353758e+02
3.373999999999999777e-01 -1.732911495447264087e+02
3.381000000000000116e-01 -1.729482044946536803e+02
3.387999999999999901e-01 -1.725982657539789500e+02
3.396000000000000130e-01 -1.722397313972145412e+02
3.402999999999999914e-01 -1.718761823480797091e+02
3.410000000000000253e-01 -1.715057706275371743e+02
3.417999999999999927e-01 -1.711270522532608993e+02
3.425000000000000266e-01 -1.707433962059946566e+02
3.432000000000000051e-01 -1.703531385046034359e+02
3.439999999999999725e-01 -1.699547961140324333e+02
3.447000000000000064e-01 -1.695516930684987358e+02
3.453999999999999848e-01 -1.691422303844511532e+02
3.462000000000000077e-01 -1.687247079789349300e+02
3.468999999999999861e-01 -1.683027353173024210e+02
3.477000000000000091e-01 -1.678744938791188304e+02
3.483999999999999875e-01 -1.674385788475602794e+02
3.491000000000000214e-01 -1.669982562041287224e+02
3.498999999999999888e-01 -1.665519487630294861e+02
3.506000000000000227e-01 -1.660998187091766169e+02
3.513000000000000012e-01 -1.656401670945320745e+02
3.521000000000000241e-01 -1.651763646391936788e+02
3.528000000000000025e-01 -1.647069375987145463e+02
3.534999999999999809e-01 -1.642318569790091942e+02
3.543000000000000038e-01 -1.637496135197251022e+02
3.549999999999999822e-01 -1.632634994808425120e+02
3.557000000000000162e-01 -1.627719548871346547e+02
3.564999999999999836e-01 -1.622750454048456845e+02
3.572000000000000175e-01 -1.617728853565843110e+02
3.578999999999999959e-01 -1.612639847895281662e+02
3.587000000000000188e-01 -1.607514942945482801e+02
3.593999999999999972e-01 -1.602339287264826453e+02
3.602000000000000202e-01 -1.597113742235845280e+02
3.608999999999999986e-01 -1.591838961774995767e+02
3.615999999999999770e-01 -1.586499816352595928e+02
3.623999999999999999e-01 -1.581128651206898894e+02
3.630999999999999783e-01 -1.575710150876923308e+02
3.638000000000000123e-01 -1.570245565477952709e+02
3.645999999999999797e-01 -1.564734780225419684e+02
3.653000000000000136e-01 -1.559179189794782872e+02
3.659999999999999920e-01 -1.553563454645030220e+02
3.668000000000000149e-01 -1.547919709285536385e+02
3.674999999999999933e-01 -1.542232838982193357e+02
3.682000000000000273e-01 -1.536503603849694741e+02
3.689999999999999947e-01 -1.530732898392117249e+02
3.696999999999999731e-01 -1.524921238103021608e+02
3.704000000000000070e-01 -1.519069203092071234e+02
3.711999999999999744e-01 -1.513177557541582701e+02
3.719000000000000083e-01 -1.507247097263011426e+02
3.725999999999999868e-01 -1.501277732372911657e+02
3.734000000000000097e-01 -1.495271286627544782e+02
3.740999999999999881e-01 -1.489213161915355670e+02
3.749000000000000110e-01 -1.483133676215808805e+02
3.755999999999999894e-01 -1.477018035967163598e+02
3.763000000000000234e-01 -1.470867671254705726e+02
3.770999999999999908e-01 -1.464682725482473415e+02
3.778000000000000247e-01 -1.458464655241274102e+02
3.785000000000000031e-01 -1.452212900634712582e+02
3.793000000000000260e-01 -1.445928984782071325e+02
3.800000000000000044e-01 -1.439613084559772460e+02
3.806999999999999829e-01 -1.433266140047983299e+02
3.815000000000000058e-01 -1.426888564125699475e+02
3.821999999999999842e-01 -1.420480983920654694e+02
3.829000000000000181e-01 -1.414044769494894354e+02
3.836999999999999855e-01 -1.407578903508274379e+02
3.844000000000000195e-01 -1.401085083308169601e+02
3.850999999999999979e-01 -1.394563318978452457e+02
3.859000000000000208e-01 -1.388015012929796512e+02
3.865999999999999992e-01 -1.381440392745012957e+02
3.872999999999999776e-01 -1.374839968577840636e+02
3.881000000000000005e-01 -1.368227712387115673e+02
3.887999999999999790e-01 -1.361577298187314113e+02
3.896000000000000019e-01 -1.354902702046615559e+02
3.902999999999999803e-01 -1.348204721879444037e+02
3.910000000000000142e-01 -1.341483397755004034e+02
3.917999999999999816e-01 -1.334739791565218638e+02
3.925000000000000155e-01 -1.327974571409645250e+02
3.931999999999999940e-01 -1.321187627353389473e+02
3.940000000000000169e-01 -1.314379911114678805e+02
3.946999999999999953e-01 -1.307551761066353038e+02
3.953999999999999737e-01 -1.300716866981844362e+02
3.961999999999999966e-01 -1.293849840701725782e+02
3.968999999999999750e-01 -1.286964010573358053e+02
3.976000000000000090e-01 -1.280060256637174234e+02
3.983999999999999764e-01 -1.273138210322064054e+02
3.991000000000000103e-01 -1.266199350287842122e+02
3.997999999999999887e-01 -1.259255716326331793e+02
4.006000000000000116e-01 -1.252284049968462227e+02
4.012999999999999901e-01 -1.245295799862861372e+02
4.020000000000000240e-01 -1.238292806037540288e+02
4.027999999999999914e-01 -1.231275039737858634e+02
4.035000000000000253e-01 -1.224254585861258420e+02
4.042999999999999927e-01 -1.217208679455707312e+02
4.050000000000000266e-01 -1.210148809367718599e+02
4.057000000000000051e-01 -1.203076655616318220e+02
4.064999999999999725e-01 -1.195991649274718327e+02
4.072000000000000064e-01 -1.188906499105756893e+02
4.078999999999999848e-01 -1.181797755399254584e+02
4.087000000000000077e-01 -1.174678098952760905e+02
4.093999999999999861e-01 -1.167547978960994186e+02
4.101000000000000201e-01 -1.160419015205432345e+02
4.108999999999999875e-01 -1.153268418743349031e+02
4.116000000000000214e-01 -1.146109048673115609e+02
4.122999999999999998e-01 -1.138939875110776399e+02
4.131000000000000227e-01 -1.131774168557992795e+02
4.138000000000000012e-01 -1.124588908505944005e+02
4.144999999999999796e-01 -1.117396384961807598e+02
4.153000000000000025e-01 -1.110206898406786706e+02
4.159999999999999809e-01 -1.103000518360894944e+02
4.167000000000000148e-01 -1.095787734776692872e+02
4.174999999999999822e-01 -1.088568698358317590e+02
4.182000000000000162e-01 -1.081355548235104607e+02
4.188999999999999946e-01 -1.074125194685419871e+02
4.197000000000000175e-01 -1.066891588253647569e+02
4.203999999999999959e-01 -1.059663824634239120e+02
4.212000000000000188e-01 -1.052422048127857153e+02
4.218999999999999972e-01 -1.045176708176898899e+02
4.225999999999999757e-01 -1.037938224576919310e+02
4.233999999999999986e-01 -1.030687298146972779e+02
4.240999999999999770e-01 -1.023444628061561446e+02
4.248000000000000109e-01 -1.016190034542151608e+02
4.255999999999999783e-01 -1.008933558118120430e+02
4.263000000000000123e-01 -1.001686858044951549e+02
4.269999999999999907e-01 -9.944299445371400736e+01
4.278000000000000136e-01 -9.871726681147553961e+01
4.284999999999999920e-01 -9.799254980533996218e+01
4.292000000000000259e-01 -9.726697646151951915e+01
4.299999999999999933e-01 -9.654249480715128584e+01
4.307000000000000273e-01 -9.581717381590721061e+01
4.314000000000000057e-01 -9.509307645937080622e+01
4.321999999999999731e-01 -9.436825181298618759e+01
4.329000000000000070e-01 -9.364374582185664053e+01
4.335999999999999854e-01 -9.292047946604871811e+01
4.344000000000000083e-01 -9.219672082820702030e+01
4.350999999999999868e-01 -9.147434147138604033e+01
4.359000000000000097e-01 -9.075143483489388530e+01
4.365999999999999881e-01 -9.002998883238093697e+01
4.373000000000000220e-01 -8.930819248791794962e+01
4.380999999999999894e-01 -8.858792484150198732e+01
4.388000000000000234e-01 -8.786740185293551519e+01
4.395000000000000018e-01 -8.714847649553553310e+01
4.403000000000000247e-01 -8.642942486394665025e+01
4.410000000000000031e-01 -8.571203686960971879e+01
4.416999999999999815e-01 -8.499544051140966872e+01
4.425000000000000044e-01 -8.427892288276149202e+01
4.431999999999999829e-01 -8.356416288369936751e+01
4.439000000000000168e-01 -8.284953453480740393e+01
4.446999999999999842e-01 -8.213675190453317043e+01
4.454000000000000181e-01 -8.142503290706758889e+01
4.460999999999999965e-01 -8.071366855584345501e+01
4.469000000000000195e-01 -8.000424392964828257e+01
4.475999999999999979e-01 -7.929603356648676993e+01
4.484000000000000208e-01 -7.858830794820539722e+01
4.490999999999999992e-01 -7.788268895768440814e+01
4.497999999999999776e-01 -7.717839459208960307e+01
4.506000000000000005e-01 -7.647475597884037768e+01
4.512999999999999790e-01 -7.577341598893509911e+01
4.520000000000000129e-01 -7.507348662518474214e+01
4.527999999999999803e-01 -7.437513100714140535e+01
4.535000000000000142e-01 -7.367774402355071572e+01
4.541999999999999926e-01 -7.298264965650702152e+01
4.550000000000000155e-01 -7.228929404872309306e+01
4.556999999999999940e-01 -7.159771506242613270e+01
4.563999999999999724e-01 -7.090805069076735379e+01
4.571999999999999953e-01 -7.022016408875117577e+01
4.578999999999999737e-01 -6.953417610303415586e+01
4.586000000000000076e-01 -6.885018372812230325e+01
4.593999999999999750e-01 -6.816826013240192594e+01
4.601000000000000090e-01 -6.748836914761560024e+01
4.607999999999999874e-01 -6.681060376805822898e+01
4.616000000000000103e-01 -6.613505517955358926e+01
4.622999999999999887e-01 -6.546175079633597704e+01
4.631000000000000116e-01 -6.479071621251539170e+01
4.637999999999999901e-01 -6.412201523438014306e+01
4.645000000000000240e-01 -6.345636884162174596e+01
4.652999999999999914e-01 -6.279256326506524033e+01
4.660000000000000253e-01 -6.213120228376553911e+01
4.667000000000000037e-01 -6.147245389334111110e+01
4.675000000000000266e-01 -6.081690432141672176e+01
4.682000000000000051e-01 -6.016341434516437658e+01
4.688999999999999835e-01 -5.951324194063150230e+01
4.697000000000000064e-01 -5.886524138533565775e+01
4.703999999999999848e-01 -5.822067940154449417e+01
4.711000000000000187e-01 -5.757838199827703818e+01
4.718999999999999861e-01 -5.693958344404257588e+01
4.726000000000000201e-01 -5.630322146983782972e+01
4.732999999999999985e-01 -5.567046305532745265e+01
4.741000000000000214e-01 -5.504077151424746006e+01
4.747999999999999998e-01 -5.441421553726486593e+01
4.754999999999999782e-01 -5.379087511519686871e+01
4.763000000000000012e-01 -5.317074058407288817e+01
4.769999999999999796e-01 -5.255393815692442416e+01
4.778000000000000025e-01 -5.194046463232711375e+01
4.784999999999999809e-01 -5.133040165682651690e+01
4.792000000000000148e-01 -5.072376122195576187e+01
4.799999999999999822e-01 -5.012066871074380003e+01
4.807000000000000162e-01 -4.952155873358222493e+01
4.813999999999999946e-01 -4.892563928916086269e+01
4.822000000000000175e-01 -4.833327478940390876e+01
4.828999999999999959e-01 -4.774515181580770928e+01
4.835999999999999743e-01 -4.716071735973623902e+01
4.843999999999999972e-01 -4.657961887054832317e+01
4.850999999999999757e-01 -4.600282989831956115e+01
4.858000000000000096e-01 -4.542992043563014448e+01
4.865999999999999770e-01 -4.486093695509344315e+01
4.873000000000000109e-01 -4.429595698374528467e+01
4.879999999999999893e-01 -4.373497951393586192e+01
4.888000000000000123e-01 -4.317849604216582549e+01
4.894999999999999907e-01 -4.262567807209919124e+01
4.902000000000000246e-01 -4.207704159163392887e+01
4.909999999999999920e-01 -4.153296113506593912e+01
4.917000000000000259e-01 -4.099311964506974704e+01
4.924999999999999933e-01 -4.045756919642182936e+01
4.932000000000000273e-01 -3.992629722758661615e+01
4.939000000000000057e-01 -3.939937872689609577e+01
4.946999999999999731e-01 -3.887689029068222624e+01
4.954000000000000070e-01 -3.835878432529067084e+01
4.960999999999999854e-01 -3.784551281071454554e+01
4.969000000000000083e-01 -3.733640438976804887e+01
4.975999999999999868e-01 -3.683213842270119187e+01
4.983000000000000207e-01 -3.633247289846705996e+01
4.990999999999999881e-01 -3.583737248848873946e+01
4.998000000000000220e-01 -3.534689552188724804e+01
5.004999999999999449e-01 -3.486108398816782739e+01
5.012999999999999678e-01 -3.438030259159813085e+01
5.020000000000000018e-01 -3.390422762319963823e+01
5.027000000000000357e-01 -3.343256707736117050e+01
5.034999999999999476e-01 -3.296602369560960000e+01
5.041999999999999815e-01 -3.250447672860718740e+01
5.049000000000000155e-01 -3.204753916948628500e+01
5.057000000000000384e-01 -3.159570179777395893e+01
5.063999999999999613e-01 -3.114842483464476430e+01
5.070999999999999952e-01 -3.070629826337171409e+01
5.079000000000000181e-01 -3.026944790495703685e+01
5.086000000000000520e-01 -2.983714232466316574e+01
5.093999999999999639e-01 -2.941007597568455267e+01
5.100999999999999979e-01 -2.898764901353619550e+01
5.108000000000000318e-01 -2.857050941978269165e+01
5.116000000000000547e-01 -2.815862708463599873e+01
5.122999999999999776e-01 -2.775141812245184525e+01
5.130000000000000115e-01 -2.734949151360547148e+01
5.138000000000000345e-01 -2.695258619411723799e+01
5.144999999999999574e-01 -2.656066923004301117e+01
5.151999999999999913e-01 -2.617377060945167244e+01
5.160000000000000142e-01 -2.579216530424282539e+01
5.167000000000000481e-01 -2.541563034021870848e+01
5.173999999999999710e-01 -2.504412070575517646e+01
5.181999999999999940e-01 -2.467788841413214840e+01
5.189000000000000279e-01 -2.431670245002927899e+01
5.195999999999999508e-01 -2.396053080052389461e+01
5.203999999999999737e-01 -2.360942652393556074e+01
5.211000000000000076e-01 -2.326357786506033420e+01
5.219000000000000306e-01 -2.292277559613791027e+01
5.225999999999999535e-01 -2.258701163183457794e+01
5.232999999999999874e-01 -2.225623396085015671e+01
5.241000000000000103e-01 -2.193072270530413448e+01
5.248000000000000442e-01 -2.161020674288372234e+01
5.254999999999999671e-01 -2.129494005477943119e+01
5.262999999999999901e-01 -2.098442281552279454e+01
5.270000000000000240e-01 -2.067930184965871376e+01
5.276999999999999469e-01 -2.037894915071959900e+01
5.284999999999999698e-01 -2.008374692181094900e+01
5.292000000000000037e-01 -1.979347195720692554e+01
5.299000000000000377e-01 -1.950814124437950525e+01
5.306999999999999496e-01 -1.922789002864321972e+01
5.313999999999999835e-01 -1.895253706347360279e+01
5.321000000000000174e-01 -1.868204933696192427e+01
5.329000000000000403e-01 -1.841657713424407206e+01
5.335999999999999632e-01 -1.815597416843011302e+01
5.342999999999999972e-01 -1.790014642839168246e+01
5.351000000000000201e-01 -1.764926923808372194e+01
5.358000000000000540e-01 -1.740317027191895605e+01
5.364999999999999769e-01 -1.716179751868757108e+01
5.372999999999999998e-01 -1.692533434034831075e+01
5.380000000000000338e-01 -1.669351957805583453e+01
5.387999999999999456e-01 -1.646653340706657076e+01
5.394999999999999796e-01 -1.624403744103782898e+01
5.402000000000000135e-01 -1.602628666453041006e+01
5.410000000000000364e-01 -1.581310450734084760e+01
5.416999999999999593e-01 -1.560461453961533351e+01
5.423999999999999932e-01 -1.540063275035974044e+01
5.432000000000000162e-01 -1.520115160466546023e+01
5.439000000000000501e-01 -1.500625563525033357e+01
5.445999999999999730e-01 -1.481563183408421658e+01
5.453999999999999959e-01 -1.462951569975634669e+01
5.461000000000000298e-01 -1.444790172966823683e+01
5.467999999999999527e-01 -1.427046591615487436e+01
5.475999999999999757e-01 -1.409745079159687542e+01
5.483000000000000096e-01 -1.392866482195980637e+01
5.490000000000000435e-01 -1.376411999508703943e+01
5.497999999999999554e-01 -1.360370488232054065e+01
5.504999999999999893e-01 -1.344759104766463231e+01
5.513000000000000123e-01 -1.329556894050482008e+01
5.520000000000000462e-01 -1.314758196942155699e+01
5.526999999999999691e-01 -1.300363412319519618e+01
5.534999999999999920e-01 -1.286366902616680541e+01
5.542000000000000259e-01 -1.272764705425305287e+01
5.548999999999999488e-01 -1.259554819740396070e+01
5.556999999999999718e-01 -1.246742910929436654e+01
5.564000000000000057e-01 -1.234301813722310825e+01
5.571000000000000396e-01 -1.222250826794175360e+01
5.578999999999999515e-01 -1.210564919071083700e+01
5.585999999999999854e-01 -1.199261021626982249e+01
5.593000000000000194e-01 -1.188314133758999169e+01
5.601000000000000423e-01 -1.177740026800350215e+01
5.607999999999999652e-01 -1.167515729336918717e+01
5.614999999999999991e-01 -1.157645740444428384e+01
5.623000000000000220e-01 -1.148138834342757164e+01
5.629999999999999449e-01 -1.138968036799856343e+01
5.636999999999999789e-01 -1.130140446757748762e+01
5.645000000000000018e-01 -1.121641341642461143e+01
5.652000000000000357e-01 -1.113490143924155618e+01
5.658999999999999586e-01 -1.105657652998401375e+01
5.666999999999999815e-01 -1.098154748601378650e+01
5.674000000000000155e-01 -1.090975557025821097e+01
5.682000000000000384e-01 -1.084115553078854788e+01
5.688999999999999613e-01 -1.077561755317593040e+01
5.695999999999999952e-01 -1.071320662840490634e+01
5.704000000000000181e-01 -1.065388859626107987e+01
5.711000000000000520e-01 -1.059749561791820405e+01
5.717999999999999750e-01 -1.054412768371380338e+01
5.725999999999999979e-01 -1.049363865941397123e+01
5.733000000000000318e-01 -1.044606668029072338e+01
5.739999999999999547e-01 -1.040141073755681411e+01
5.747999999999999776e-01 -1.035951672034745563e+01
5.755000000000000115e-01 -1.032045574034360413e+01
5.762000000000000455e-01 -1.028418778880007878e+01
5.769999999999999574e-01 -1.025047377888970601e+01
5.776999999999999913e-01 -1.021958979747545726e+01
5.784000000000000252e-01 -1.019130183883430085e+01
5.792000000000000481e-01 -1.016557483456104549e+01
5.798999999999999710e-01 -1.014246687089579346e+01
5.806999999999999940e-01 -1.012185787085194200e+01
5.814000000000000279e-01 -1.010381888821343921e+01
5.820999999999999508e-01 -1.008820491791054863e+01
5.828999999999999737e-01 -1.007510092304382354e+01
5.836000000000000076e-01 -1.006435194061294247e+01
5.843000000000000416e-01 -1.005605696247589798e+01
5.850999999999999535e-01 -1.005006697361768531e+01
5.857999999999999874e-01 -1.004638199041358959e+01
5.865000000000000213e-01 -1.004504300560668995e+01
5.873000000000000442e-01 -1.004593802286705895e+01
5.879999999999999671e-01 -1.004913203851746495e+01
5.887000000000000011e-01 -1.005451204719642355e+01
5.895000000000000240e-01 -1.006204606983975225e+01
5.901999999999999469e-01 -1.007180108568346100e+01
5.908999999999999808e-01 -1.008376908800310012e+01
5.917000000000000037e-01 -1.009781711530897397e+01
5.924000000000000377e-01 -1.011392313062289006e+01
5.930999999999999606e-01 -1.013216812689285184e+01
5.938999999999999835e-01 -1.015242416010521609e+01
5.946000000000000174e-01 -1.017478715240798870e+01
5.954000000000000403e-01 -1.019911618892172100e+01
5.960999999999999632e-01 -1.022550420284671624e+01
5.967999999999999972e-01 -1.025383718947478506e+01
5.976000000000000201e-01 -1.028408323085421117e+01
5.983000000000000540e-01 -1.031632824515865288e+01
5.989999999999999769e-01 -1.035057122610933256e+01
5.997999999999999998e-01 -1.038666527248600602e+01
6.005000000000000338e-01 -1.042472528568790224e+01
6.011999999999999567e-01 -1.046462926196082321e+01
6.019999999999999796e-01 -1.050644631245682525e+01
6.027000000000000135e-01 -1.055008932598089366e+01
6.034000000000000474e-01 -1.059562129704178446e+01
6.041999999999999593e-01 -1.064303835222002270e+01
6.048999999999999932e-01 -1.069223536476325620e+01
6.056000000000000272e-01 -1.074318433145871410e+01
6.064000000000000501e-01 -1.079609539130307638e+01
6.070999999999999730e-01 -1.085075140359573354e+01
6.078000000000000069e-01 -1.090712436459769386e+01
6.086000000000000298e-01 -1.096532542968451374e+01
6.092999999999999527e-01 -1.102534244270026775e+01
6.099999999999999867e-01 -1.108717739791208068e+01
6.108000000000000096e-01 -1.115069646757911315e+01
6.115000000000000435e-01 -1.121600642039521745e+01
6.122999999999999554e-01 -1.128311449235772557e+01
6.129999999999999893e-01 -1.135188550510142313e+01
6.137000000000000233e-01 -1.142243645300798427e+01
6.145000000000000462e-01 -1.149475053038119476e+01
6.151999999999999691e-01 -1.156883254217269474e+01
6.159000000000000030e-01 -1.164456148541402314e+01
6.167000000000000259e-01 -1.172204856730927602e+01
6.173999999999999488e-01 -1.180128857966636602e+01
6.180999999999999828e-01 -1.188225451750057537e+01
6.189000000000000057e-01 -1.196486360377199887e+01
6.196000000000000396e-01 -1.204919661631523375e+01
6.202999999999999625e-01 -1.213528155084001803e+01
6.210999999999999854e-01 -1.222321264016312803e+01
6.218000000000000194e-01 -1.231262865340082335e+01
6.225000000000000533e-01 -1.240389358172379453e+01
6.232999999999999652e-01 -1.249675467807204576e+01
6.239999999999999991e-01 -1.259146560324846931e+01
6.248000000000000220e-01 -1.268776270173379572e+01
6.254999999999999449e-01 -1.278577871394054100e+01
6.261999999999999789e-01 -1.288549963538513587e+01
6.270000000000000018e-01 -1.298692673855448909e+01
6.277000000000000357e-01 -1.309008575063236357e+01
6.283999999999999586e-01 -1.319493166655707839e+01
6.291999999999999815e-01 -1.330133477502437245e+01
6.299000000000000155e-01 -1.340958778602833767e+01
6.306000000000000494e-01 -1.351937769933898537e+01
6.313999999999999613e-01 -1.363101381026999803e+01
6.320999999999999952e-01 -1.374418982324995575e+01
6.328000000000000291e-01 -1.385917873003482725e+01
6.336000000000000520e-01 -1.397571484633895622e+01
6.342999999999999750e-01 -1.409392885817341146e+01
6.350000000000000089e-01 -1.421379576237195508e+01
6.358000000000000318e-01 -1.433549388200698793e+01
6.364999999999999547e-01 -1.445868989395599336e+01
6.371999999999999886e-01 -1.458355479247893882e+01
6.380000000000000115e-01 -1.471005891742444049e+01
6.387000000000000455e-01 -1.483820192920162029e+01
6.393999999999999684e-01 -1.496798982403927702e+01
6.401999999999999913e-01 -1.509953195242665025e+01
6.409000000000000252e-01 -1.523256384353426895e+01
6.417000000000000481e-01 -1.536721797538678125e+01
6.423999999999999710e-01 -1.550345698669860184e+01
6.431000000000000050e-01 -1.564127587444310308e+01
6.439000000000000279e-01 -1.578086400952270552e+01
6.445999999999999508e-01 -1.592187102053383185e+01
6.452999999999999847e-01 -1.606441590383593621e+01
6.461000000000000076e-01 -1.620869604281382337e+01
6.468000000000000416e-01 -1.635435305378915061e+01
6.474999999999999645e-01 -1.650154293251462434e+01
6.482999999999999874e-01 -1.665040107539616443e+01
6.490000000000000213e-01 -1.680060908730937186e+01
6.497000000000000552e-01 -1.695248095947685130e+01
6.504999999999999671e-01 -1.710564310827919599e+01
6.512000000000000011e-01 -1.726044411742888229e+01
6.519000000000000350e-01 -1.741652298766064533e+01
6.526999999999999469e-01 -1.757418413900725440e+01
6.533999999999999808e-01 -1.773327700515100958e+01
6.542000000000000037e-01 -1.789373015875998263e+01
6.549000000000000377e-01 -1.805558216858981169e+01
6.555999999999999606e-01 -1.821880703065988172e+01
6.563999999999999835e-01 -1.838333218740466179e+01
6.571000000000000174e-01 -1.854918519679776878e+01
6.578000000000000513e-01 -1.871635005500982984e+01
6.585999999999999632e-01 -1.888476221470337890e+01
6.592999999999999972e-01 -1.905442822350225640e+01
6.600000000000000311e-01 -1.922532307940362273e+01
6.608000000000000540e-01 -1.939762924040555347e+01
6.614999999999999769e-01 -1.957088525025686110e+01
6.622000000000000108e-01 -1.974551709975058245e+01
6.630000000000000338e-01 -1.992107126602181566e+01
6.636999999999999567e-01 -2.009790527389713333e+01
6.643999999999999906e-01 -2.027583911982190656e+01
6.652000000000000135e-01 -2.045459728875284711e+01
6.659000000000000474e-01 -2.063460629560437454e+01
6.665999999999999703e-01 -2.081557213981805177e+01
6.673999999999999932e-01 -2.099752230914275941e+01
6.681000000000000272e-01 -2.118037931559336329e+01
6.687999999999999501e-01 -2.136413715668823698e+01
6.695999999999999730e-01 -2.154878032906731633e+01
6.703000000000000069e-01 -2.173442016700579771e+01
6.711000000000000298e-01 -2.192071033904749200e+01
6.717999999999999527e-01 -2.210774434575582958e+01
6.724999999999999867e-01 -2.229571518053076318e+01
6.733000000000000096e-01 -2.248416435595078866e+01
6.740000000000000435e-01 -2.267355936019630036e+01
6.746999999999999664e-01 -2.286354719238937960e+01
6.754999999999999893e-01 -2.305388936847254655e+01
6.762000000000000233e-01 -2.324503337223121591e+01
6.768999999999999462e-01 -2.343670220370299262e+01
6.776999999999999691e-01 -2.362885037883216555e+01
6.784000000000000030e-01 -2.382144138172455783e+01
6.791000000000000369e-01 -2.401443621143959462e+01
6.798999999999999488e-01 -2.420781938696522317e+01
6.805999999999999828e-01 -2.440154638894837191e+01
6.813000000000000167e-01 -2.459555021840567335e+01
6.821000000000000396e-01 -2.479004539240635552e+01
6.827999999999999625e-01 -2.498453239532738124e+01
6.834999999999999964e-01 -2.517942722029754066e+01
6.843000000000000194e-01 -2.537422439705279231e+01
6.850000000000000533e-01 -2.556936022121841390e+01
6.857999999999999652e-01 -2.576430439752531143e+01
6.864999999999999991e-01 -2.595950639746087418e+01
6.872000000000000330e-01 -2.615469922226457911e+01
6.879999999999999449e-01 -2.634981039620082299e+01
6.886999999999999789e-01 -2.654482739511975709e+01
6.894000000000000128e-01 -2.673969321963350865e+01
6.902000000000000357e-01 -2.693438439208417989e+01
6.908999999999999586e-01 -2.712882639028001464e+01
6.915999999999999925e-01 -2.732301621434630690e+01
6.924000000000000155e-01 -2.751686338551186850e+01
6.931000000000000494e-01 -2.771038738269107427e+01
6.937999999999999723e-01 -2.790351720860179796e+01
6.945999999999999952e-01 -2.809644737614739896e+01
6.953000000000000291e-01 -2.828866337437903056e+01
6.959999999999999520e-01 -2.848063219748238595e+01
6.967999999999999750e-01 -2.867178736616006418e+01
6.975000000000000089e-01 -2.886260818953278928e+01
6.983000000000000318e-01 -2.905249435680991255e+01
6.989999999999999547e-01 -2.924200935176255101e+01
6.996999999999999886e-01 -2.943081917799992198e+01
7.005000000000000115e-01 -2.961886434035766058e+01
7.012000000000000455e-01 -2.980608133278303740e+01
7.018999999999999684e-01 -2.999224016227613632e+01
7.026999999999999913e-01 -3.017777532183634293e+01
7.034000000000000252e-01 -3.036240531537858445e+01
7.040999999999999481e-01 -3.054613314464168639e+01
7.048999999999999710e-01 -3.072885330279954985e+01
7.056000000000000050e-01 -3.091082429332053394e+01
7.063000000000000389e-01 -3.109147112488985343e+01
7.070999999999999508e-01 -3.127103827761285260e+01
7.077999999999999847e-01 -3.144949127121236643e+01
7.085000000000000187e-01 -3.162705010317723975e+01
7.093000000000000416e-01 -3.180315125178896807e+01
7.099999999999999645e-01 -3.197799724500903551e+01
7.106999999999999984e-01 -3.215189607949132977e+01
7.115000000000000213e-01 -3.232421622645192372e+01
7.122000000000000552e-01 -3.249552321681539979e+01
7.128999999999999782e-01 -3.266548405375693420e+01
7.137000000000000011e-01 -3.283369619671901773e+01
7.144000000000000350e-01 -3.300085003834011133e+01
7.151999999999999469e-01 -3.316660117566328125e+01
7.158999999999999808e-01 -3.333081416286231047e+01
7.166000000000000147e-01 -3.349323901016257565e+01
7.174000000000000377e-01 -3.365449214308094383e+01
7.180999999999999606e-01 -3.381415413204117471e+01
7.187999999999999945e-01 -3.397227398028737611e+01
7.196000000000000174e-01 -3.412875810898797369e+01
7.203000000000000513e-01 -3.428365809706760103e+01
7.209999999999999742e-01 -3.443689295177156851e+01
7.217999999999999972e-01 -3.458882507321255417e+01
7.225000000000000311e-01 -3.473872806087693732e+01
7.231999999999999540e-01 -3.488690791732331320e+01
7.239999999999999769e-01 -3.503334103607684824e+01
7.247000000000000108e-01 -3.517805702613246410e+01
7.254000000000000448e-01 -3.532138388398387008e+01
7.261999999999999567e-01 -3.546249500048756431e+01
7.268999999999999906e-01 -3.560223986165733834e+01
7.277000000000000135e-01 -3.573978697183573416e+01
7.284000000000000474e-01 -3.587552996111097769e+01
7.290999999999999703e-01 -3.600977482933900831e+01
7.298999999999999932e-01 -3.614216293216560416e+01
7.306000000000000272e-01 -3.627236492118311872e+01
7.312999999999999501e-01 -3.640103279183369978e+01
7.320999999999999730e-01 -3.652743389412781738e+01
7.328000000000000069e-01 -3.665232288038180286e+01
7.335000000000000409e-01 -3.677529175848799525e+01
7.342999999999999527e-01 -3.689636985294706051e+01
7.349999999999999867e-01 -3.701550683678834730e+01
7.357000000000000206e-01 -3.713238672223557302e+01
7.365000000000000435e-01 -3.724767781205984818e+01
7.371999999999999664e-01 -3.736110379761937139e+01
7.379000000000000004e-01 -3.747251268600195573e+01
7.387000000000000233e-01 -3.758201977014167738e+01
7.393999999999999462e-01 -3.768959075638134948e+01
7.400999999999999801e-01 -3.779523965169778421e+01
7.409000000000000030e-01 -3.789927072847408596e+01
7.416000000000000369e-01 -3.800102171471375812e+01
7.422999999999999599e-01 -3.810085061296464204e+01
7.430999999999999828e-01 -3.819869868699263549e+01
7.438000000000000167e-01 -3.829465559111421413e+01
7.446000000000000396e-01 -3.838901565958652640e+01
7.452999999999999625e-01 -3.848114464551834857e+01
7.459999999999999964e-01 -3.857130855530031255e+01
7.468000000000000194e-01 -3.865995161820531223e+01
7.475000000000000533e-01 -3.874630060745907656e+01
7.481999999999999762e-01 -3.883114851731890127e+01
7.489999999999999991e-01 -3.891372858016036673e+01
7.497000000000000330e-01 -3.899476356447416237e+01
7.503999999999999559e-01 -3.907360748433027453e+01
7.511999999999999789e-01 -3.915092153759784566e+01
7.519000000000000128e-01 -3.922601152700196536e+01
7.526000000000000467e-01 -3.929962144986323125e+01
7.533999999999999586e-01 -3.937143350116376439e+01
7.540999999999999925e-01 -3.944143448517687034e+01
7.548000000000000265e-01 -3.950920241596625004e+01
7.556000000000000494e-01 -3.957560346241719884e+01
7.562999999999999723e-01 -3.964019239374621151e+01
7.570999999999999952e-01 -3.970304643740232819e+01
7.578000000000000291e-01 -3.976414142478750335e+01
7.584999999999999520e-01 -3.982347436115224326e+01
7.592999999999999750e-01 -3.988112540039549003e+01
7.600000000000000089e-01 -3.993705138817442446e+01
7.607000000000000428e-01 -3.999127032936011972e+01
7.614999999999999547e-01 -4.004384636442676992e+01
7.621999999999999886e-01 -4.009474835281424987e+01
7.629000000000000226e-01 -4.014402829842622822e+01
7.637000000000000455e-01 -4.019166632980400067e+01
7.643999999999999684e-01 -4.023773231819149032e+01
7.651000000000000023e-01 -4.028217627112572075e+01
7.659000000000000252e-01 -4.032545629601172976e+01
7.665999999999999481e-01 -4.036680228496480538e+01
7.672999999999999821e-01 -4.040660524259111952e+01
7.681000000000000050e-01 -4.044533026320029023e+01
7.688000000000000389e-01 -4.048209325281919035e+01
7.694999999999999618e-01 -4.051740621477692628e+01
7.702999999999999847e-01 -4.055169123232904127e+01
7.710000000000000187e-01 -4.058414219662879674e+01
7.718000000000000416e-01 -4.061553021205367742e+01
7.724999999999999645e-01 -4.064514920480122839e+01
7.731999999999999984e-01 -4.067375516845752514e+01
7.740000000000000213e-01 -4.070064618562124537e+01
7.747000000000000552e-01 -4.072657317642860164e+01
7.753999999999999782e-01 -4.075121614328693909e+01
7.762000000000000011e-01 -4.077408915788580401e+01
7.769000000000000350e-01 -4.079614214868600897e+01
7.775999999999999579e-01 -4.081691012201910240e+01
7.783999999999999808e-01 -4.083638812836768750e+01
7.791000000000000147e-01 -4.085431812217481706e+01
7.798000000000000487e-01 -4.087138309975522077e+01
7.805999999999999606e-01 -4.088730710542186841e+01
7.812999999999999945e-01 -4.090203209709551402e+01
7.820000000000000284e-01 -4.091559407787347169e+01
7.828000000000000513e-01 -4.092802508125180339e+01
7.834999999999999742e-01 -4.093937407312591148e+01
7.842000000000000082e-01 -4.094958805752651188e+01
7.850000000000000311e-01 -4.095877105811984364e+01
7.856999999999999540e-01 -4.096688905024453220e+01
7.863999999999999879e-01 -4.097390703768697051e+01
7.872000000000000108e-01 -4.097992303586133289e+01
7.879000000000000448e-01 -4.098493202515179945e+01
7.886999999999999567e-01 -4.098894702175736171e+01
7.893999999999999906e-01 -4.099198601484854976e+01
7.901000000000000245e-01 -4.099406000724797394e+01
7.909000000000000474e-01 -4.099521700427414572e+01
7.915999999999999703e-01 -4.099581399485241207e+01
7.923000000000000043e-01 -4.099509498962605392e+01
7.931000000000000272e-01 -4.099343898210871373e+01
7.937999999999999501e-01 -4.099093997865789163e+01
7.944999999999999840e-01 -4.098795897336352567e+01
7.953000000000000069e-01 -4.098370696365898880e+01
7.960000000000000409e-01 -4.097863096044442699e+01
7.966999999999999638e-01 -4.097310595770238706e+01
7.974999999999999867e-01 -4.096635394907533367e+01
7.982000000000000206e-01 -4.095924094009030370e+01
7.989000000000000545e-01 -4.095087294541151834e+01
7.996999999999999664e-01 -4.094215892902906262e+01
8.004000000000000004e-01 -4.093224593587701321e+01
8.012000000000000233e-01 -4.092200991795350262e+01
8.018999999999999462e-01 -4.091054991598467439e+01
8.025999999999999801e-01 -4.089881491925740420e+01
8.034000000000000030e-01 -4.088592590536015337e+01
8.041000000000000369e-01 -4.087270689754210906e+01
8.047999999999999599e-01 -4.085839590816931377e+01
8.055999999999999828e-01 -4.084373689045432343e+01
8.063000000000000167e-01 -4.082843588270787905e+01
8.070000000000000506e-01 -4.081205289542114656e+01
8.077999999999999625e-01 -4.079535887586350640e+01
8.084999999999999964e-01 -4.077801986780920629e+01
8.092000000000000304e-01 -4.075955588311775557e+01
8.100000000000000533e-01 -4.074089786160202209e+01
8.106999999999999762e-01 -4.072156685676944221e+01
8.114000000000000101e-01 -4.070156086850903421e+01
8.122000000000000330e-01 -4.068057084789181488e+01
8.128999999999999559e-01 -4.065932484349595200e+01
8.135999999999999899e-01 -4.063746485881792125e+01
8.144000000000000128e-01 -4.061492783482594149e+01
8.151000000000000467e-01 -4.059185682697926012e+01
8.157999999999999696e-01 -4.056768984771103703e+01
8.165999999999999925e-01 -4.054337982135914586e+01
8.173000000000000265e-01 -4.051842783986167262e+01
8.181000000000000494e-01 -4.049286481290392459e+01
8.187999999999999723e-01 -4.046673180860829433e+01
8.195000000000000062e-01 -4.043999882876731533e+01
8.203000000000000291e-01 -4.041266480003135086e+01
8.209999999999999520e-01 -4.038473379585028056e+01
8.216999999999999860e-01 -4.035621881796739530e+01
8.225000000000000089e-01 -4.032716078477471200e+01
8.232000000000000428e-01 -4.029709878342159612e+01
8.238999999999999657e-01 -4.026684780689183185e+01
8.246999999999999886e-01 -4.023602177510239386e+01
8.254000000000000226e-01 -4.020460877122916798e+01
8.260999999999999455e-01 -4.017265479617334023e+01
8.268999999999999684e-01 -4.014011776276678489e+01
8.276000000000000023e-01 -4.010698176172867591e+01
8.283000000000000362e-01 -4.007370078546738767e+01
8.290999999999999481e-01 -4.003945475074618088e+01
8.297999999999999821e-01 -4.000463977841361185e+01
8.306000000000000050e-01 -3.996926774264892401e+01
8.313000000000000389e-01 -3.993332173884012803e+01
8.319999999999999618e-01 -3.989684376766379614e+01
8.327999999999999847e-01 -3.985975573065695698e+01
8.335000000000000187e-01 -3.982213472659043418e+01
8.342000000000000526e-01 -3.978394575747152828e+01
8.349999999999999645e-01 -3.974523071862203949e+01
8.356999999999999984e-01 -3.970592871466290319e+01
8.364000000000000323e-01 -3.966607374939037811e+01
8.372000000000000552e-01 -3.962606870671599779e+01
8.378999999999999782e-01 -3.958510370277117829e+01
8.386000000000000121e-01 -3.954358773656703363e+01
8.394000000000000350e-01 -3.950153569504620776e+01
8.400999999999999579e-01 -3.945894069081501243e+01
8.407999999999999918e-01 -3.941575472879910080e+01
8.416000000000000147e-01 -3.937246268335493937e+01
8.423000000000000487e-01 -3.932823467929556926e+01
8.429999999999999716e-01 -3.928343971591311146e+01
8.437999999999999945e-01 -3.923809067192140532e+01
8.445000000000000284e-01 -3.919226566768305275e+01
8.451999999999999513e-01 -3.914584870838950081e+01
8.459999999999999742e-01 -3.909929866028026169e+01
8.467000000000000082e-01 -3.905184769924338894e+01
8.475000000000000311e-01 -3.900383765274858661e+01
8.481999999999999540e-01 -3.895533465150285224e+01
8.488999999999999879e-01 -3.890665768964624505e+01
8.497000000000000108e-01 -3.885711564157995213e+01
8.504000000000000448e-01 -3.880705263785708325e+01
8.510999999999999677e-01 -3.875646968221659705e+01
8.518999999999999906e-01 -3.870574163058314809e+01
8.526000000000000245e-01 -3.865414262699629688e+01
8.532999999999999474e-01 -3.860204267053965310e+01
8.540999999999999703e-01 -3.854945062248588528e+01
8.548000000000000043e-01 -3.849672061658655764e+01
8.555000000000000382e-01 -3.844316666134969296e+01
8.562999999999999501e-01 -3.838910761249855597e+01
8.569999999999999840e-01 -3.833498260614818776e+01
8.577000000000000179e-01 -3.827997065255439679e+01
8.585000000000000409e-01 -3.822450760221768462e+01
8.591999999999999638e-01 -3.816894659638278853e+01
8.598999999999999977e-01 -3.811257064392823679e+01
8.607000000000000206e-01 -3.805573059276014192e+01
8.614000000000000545e-01 -3.799884863845309724e+01
8.621999999999999664e-01 -3.794113458399706218e+01
8.629000000000000004e-01 -3.788302858357465652e+01
8.636000000000000343e-01 -3.782486363067890522e+01
8.643999999999999462e-01 -3.776590857475430596e+01
8.650999999999999801e-01 -3.770651157494044270e+01
8.658000000000000140e-01 -3.764714062330563848e+01
8.666000000000000369e-01 -3.758700856932749446e+01
8.672999999999999599e-01 -3.752685356412978024e+01
8.679999999999999938e-01 -3.746597261857596806e+01
8.688000000000000167e-01 -3.740508555899650389e+01
8.695000000000000506e-01 -3.734348755635469530e+01
8.701999999999999735e-01 -3.728152061201081580e+01
8.709999999999999964e-01 -3.721958555175121575e+01
8.717000000000000304e-01 -3.715697555207338354e+01
8.723999999999999533e-01 -3.709441060376679644e+01
8.731999999999999762e-01 -3.703115954758445127e+01
8.739000000000000101e-01 -3.696796760007703142e+01
8.747000000000000330e-01 -3.690412754370407100e+01
8.753999999999999559e-01 -3.684039353931537164e+01
8.760999999999999899e-01 -3.677604659735198567e+01
8.769000000000000128e-01 -3.671177153548510574e+01
8.776000000000000467e-01 -3.664688953648741432e+01
8.782999999999999696e-01 -3.658214759072419042e+01
8.790999999999999925e-01 -3.651681453343036310e+01
8.798000000000000265e-01 -3.645164553198416257e+01
8.804999999999999494e-01 -3.638627458689661154e+01
8.812999999999999723e-01 -3.632033052945691054e+01
8.820000000000000062e-01 -3.625460652539753426e+01
8.827000000000000401e-01 -3.618831558616366806e+01
8.834999999999999520e-01 -3.612225452571254891e+01
8.841999999999999860e-01 -3.605600752239775630e+01
8.849000000000000199e-01 -3.598929758351380315e+01
8.857000000000000428e-01 -3.592281352083701051e+01
8.863999999999999657e-01 -3.585588552260537654e+01
8.870999999999999996e-01 -3.578920458165952567e+01
8.879000000000000226e-01 -3.572242452144556069e+01
8.885999999999999455e-01 -3.565558151820236077e+01
8.892999999999999794e-01 -3.558828558033145839e+01
8.901000000000000023e-01 -3.552129352022129893e+01
8.908000000000000362e-01 -3.545427957795722307e+01
8.915999999999999481e-01 -3.538690851990629227e+01
8.922999999999999821e-01 -3.531985051964855415e+01
8.930000000000000160e-01 -3.525275657984909827e+01
8.938000000000000389e-01 -3.518568751742914458e+01
8.944999999999999618e-01 -3.511828351999936615e+01
8.951999999999999957e-01 -3.505123858037531193e+01
8.960000000000000187e-01 -3.498425352055063797e+01
8.967000000000000526e-01 -3.491728552111622008e+01
8.973999999999999755e-01 -3.485039658136509644e+01
8.981999999999999984e-01 -3.478356951964855170e+01
8.989000000000000323e-01 -3.471647552260537850e+01
8.995999999999999552e-01 -3.464979458308781801e+01
9.003999999999999782e-01 -3.458324252435942725e+01
9.011000000000000121e-01 -3.451680652478182765e+01
9.018000000000000460e-01 -3.445042958544325273e+01
9.025999999999999579e-01 -3.438425352680076941e+01
9.032999999999999918e-01 -3.431815858700937127e+01
9.041000000000000147e-01 -3.425223252903450089e+01
9.048000000000000487e-01 -3.418644953023012079e+01
9.054999999999999716e-01 -3.412083358992234849e+01
9.062999999999999945e-01 -3.405537253272158438e+01
9.070000000000000284e-01 -3.399010453174074797e+01
9.076999999999999513e-01 -3.392469959353693554e+01
9.084999999999999742e-01 -3.385981553697425284e+01
9.092000000000000082e-01 -3.379514154065417131e+01
9.099000000000000421e-01 -3.373098159750859537e+01
9.106999999999999540e-01 -3.366673154150614522e+01
9.113999999999999879e-01 -3.360269054323870819e+01
9.121000000000000218e-01 -3.353889160178722051e+01
9.129000000000000448e-01 -3.347532454661793366e+01
9.135999999999999677e-01 -3.341199754850801185e+01
9.143000000000000016e-01 -3.334893460639786156e+01
9.151000000000000245e-01 -3.328610355198031812e+01
9.157999999999999474e-01 -3.322352555394198248e+01
9.164999999999999813e-01 -3.316122161125282020e+01
9.173000000000000043e-01 -3.309916555795123116e+01
9.180000000000000382e-01 -3.303742155969096217e+01
9.186999999999999611e-01 -3.297592061865741186e+01
9.194999999999999840e-01 -3.291504656373601989e+01
9.202000000000000179e-01 -3.285411062009197281e+01
9.210000000000000409e-01 -3.279346556765219844e+01
9.216999999999999638e-01 -3.273307656987160641e+01
9.223999999999999977e-01 -3.267299762567986932e+01
9.232000000000000206e-01 -3.261324457615754113e+01
9.239000000000000545e-01 -3.255404357622913381e+01
9.245999999999999774e-01 -3.249485263100465460e+01
9.254000000000000004e-01 -3.243594958058203304e+01
9.261000000000000343e-01 -3.237736658246495125e+01
9.267999999999999572e-01 -3.231904663878511030e+01
9.275999999999999801e-01 -3.226138558681785895e+01
9.283000000000000140e-01 -3.220367358885827969e+01
9.290000000000000480e-01 -3.214624664232453455e+01
9.297999999999999599e-01 -3.208915059327561892e+01
9.304999999999999938e-01 -3.203234059730635153e+01
9.312000000000000277e-01 -3.197609364796254283e+01
9.320000000000000506e-01 -3.191989759938256910e+01
9.326999999999999735e-01 -3.186394065182144786e+01
9.334999999999999964e-01 -3.180836060587612835e+01
9.342000000000000304e-01 -3.175331060570430353e+01
9.348999999999999533e-01 -3.169823665690192271e+01
9.356999999999999762e-01 -3.164346760957752380e+01
9.364000000000000101e-01 -3.158893461412373327e+01
9.371000000000000441e-01 -3.153503666223297586e+01
9.378999999999999559e-01 -3.148111861580618509e+01
9.385999999999999899e-01 -3.142745561768194307e+01
9.393000000000000238e-01 -3.137405466886703564e+01
9.401000000000000467e-01 -3.132119562169835802e+01
9.407999999999999696e-01 -3.126835562324478346e+01
9.415000000000000036e-01 -3.121573167214334887e+01
9.423000000000000265e-01 -3.116339562918706818e+01
9.429999999999999494e-01 -3.111160162859284029e+01
9.436999999999999833e-01 -3.105972467679784188e+01
9.445000000000000062e-01 -3.100813163204366063e+01
9.452000000000000401e-01 -3.095673663595268366e+01
9.458999999999999631e-01 -3.090588768092612071e+01
9.466999999999999860e-01 -3.085495363699079263e+01
9.474000000000000199e-01 -3.080424968389547047e+01
9.482000000000000428e-01 -3.075378964210974786e+01
9.488999999999999657e-01 -3.070380064170166179e+01
9.495999999999999996e-01 -3.065375468765414624e+01
9.504000000000000226e-01 -3.060389464432915929e+01
9.510999999999999455e-01 -3.055421564789453015e+01
9.517999999999999794e-01 -3.050503469124367939e+01
9.526000000000000023e-01 -3.045574764843148330e+01
9.533000000000000362e-01 -3.040664164983472162e+01
9.539999999999999591e-01 -3.035773169629283075e+01
9.547999999999999821e-01 -3.030925065217583736e+01
9.555000000000000160e-01 -3.026066765324974384e+01
9.562000000000000499e-01 -3.021223469756451863e+01
9.569999999999999618e-01 -3.016395665761696776e+01
9.576999999999999957e-01 -3.011613365639271223e+01
9.584000000000000297e-01 -3.006813970026449923e+01
9.592000000000000526e-01 -3.002029265876246811e+01
9.598999999999999755e-01 -2.997262965906315912e+01
9.606000000000000094e-01 -2.992500870291436499e+01
9.614000000000000323e-01 -2.987758466310821248e+01
9.620999999999999552e-01 -2.983052866220612742e+01
9.627999999999999892e-01 -2.978334670486887603e+01
9.636000000000000121e-01 -2.973623466344470145e+01
9.643000000000000460e-01 -2.968922570630343571e+01
9.650999999999999579e-01 -2.964234266698143472e+01
9.657999999999999918e-01 -2.959582766595764625e+01
9.665000000000000258e-01 -2.954916970809507148e+01
9.673000000000000487e-01 -2.950257266698143610e+01
9.679999999999999716e-01 -2.945605766765441658e+01
9.687000000000000055e-01 -2.940963670962359799e+01
9.695000000000000284e-01 -2.936328366911493148e+01
9.701999999999999513e-01 -2.931706667128422339e+01
9.708999999999999853e-01 -2.927115271115839334e+01
9.717000000000000082e-01 -2.922504467035350473e+01
9.724000000000000421e-01 -2.917900067109091822e+01
9.730999999999999650e-01 -2.913305971260547977e+01
9.738999999999999879e-01 -2.908718267192856644e+01
9.746000000000000218e-01 -2.904135867228653822e+01
9.752999999999999448e-01 -2.899558471378319524e+01
9.760999999999999677e-01 -2.894989567547962039e+01
9.768000000000000016e-01 -2.890456771457252216e+01
9.776000000000000245e-01 -2.885900467431979877e+01
9.782999999999999474e-01 -2.881351467462765115e+01
9.789999999999999813e-01 -2.876806771583167688e+01
9.798000000000000043e-01 -2.872270567566576105e+01
9.805000000000000382e-01 -2.867740367594497997e+01
9.811999999999999611e-01 -2.863214071704071628e+01
9.819999999999999840e-01 -2.858697167711911646e+01
9.827000000000000179e-01 -2.854187267741981060e+01
9.834000000000000519e-01 -2.849681571829987092e+01
9.841999999999999638e-01 -2.845184768059857561e+01
9.848999999999999977e-01 -2.840723467892328102e+01
9.856000000000000316e-01 -2.836238771956529092e+01
9.864000000000000545e-01 -2.831762168023344728e+01
9.870999999999999774e-01 -2.827295768050550251e+01
9.878000000000000114e-01 -2.822833172126922818e+01
9.886000000000000343e-01 -2.818383768188726535e+01
9.892999999999999572e-01 -2.813940468248149429e+01
9.899999999999999911e-01 -2.809505472277269433e+01
9.908000000000000140e-01 -2.805080068403507809e+01
9.915000000000000480e-01 -2.800666768465794476e+01
9.921999999999999709e-01 -2.796262172474600050e+01
9.929999999999999938e-01 -2.791868268808013198e+01
9.937000000000000277e-01 -2.787511472627452846e+01
9.945000000000000506e-01 -2.783141968787250775e+01
9.951999999999999735e-01 -2.778782268869583660e+01
9.959000000000000075e-01 -2.774434072852346489e+01
9.967000000000000304e-01 -2.770100469084364647e+01
9.973999999999999533e-01 -2.765782269180300545e+01
9.980999999999999872e-01 -2.761477473114201331e+01
9.989000000000000101e-01 -2.757185669385059157e+01
9.996000000000000441e-01 -2.752909469510348117e+01
1.000299999999999967e+00 -2.748650773428050442e+01
1.001100000000000101e+00 -2.744409069938479107e+01
1.001800000000000024e+00 -2.740210169889079239e+01
1.002499999999999947e+00 -2.736004373756934172e+01
1.003300000000000081e+00 -2.731815170152544781e+01
1.004000000000000004e+00 -2.727646170287140848e+01
1.004699999999999926e+00 -2.723495974147836662e+01
1.005500000000000060e+00 -2.719369170599289731e+01
1.006199999999999983e+00 -2.715262574412196628e+01
1.006999999999999895e+00 -2.711177971109037443e+01
1.007700000000000040e+00 -2.707142571100446204e+01
1.008399999999999963e+00 -2.703105974855093763e+01
1.009200000000000097e+00 -2.699092071454835562e+01
1.009900000000000020e+00 -2.695104971643127101e+01
1.010599999999999943e+00 -2.691144175341215927e+01
1.011400000000000077e+00 -2.687207872022574406e+01
1.012100000000000000e+00 -2.683300072429943128e+01
1.012799999999999923e+00 -2.679449175872441913e+01
1.013600000000000056e+00 -2.675597672637565339e+01
1.014299999999999979e+00 -2.671775772871676935e+01
1.014999999999999902e+00 -2.667986576452530656e+01
1.015800000000000036e+00 -2.664227673501702398e+01
1.016499999999999959e+00 -2.660526473563988858e+01
1.017200000000000104e+00 -2.656833977047027417e+01
1.018000000000000016e+00 -2.653169974030064893e+01
1.018699999999999939e+00 -2.649542574483969304e+01
1.019400000000000084e+00 -2.645978577715445113e+01
1.020199999999999996e+00 -2.642421274790391195e+01
1.020899999999999919e+00 -2.638900075073186358e+01
1.021600000000000064e+00 -2.635418378571796438e+01
1.022399999999999975e+00 -2.631997775584365939e+01
1.023099999999999898e+00 -2.628587478901933494e+01
1.023900000000000032e+00 -2.625219576160696278e+01
1.024599999999999955e+00 -2.621889776638226977e+01
1.025300000000000100e+00 -2.618626679649283417e+01
1.026100000000000012e+00 -2.615378077041299676e+01
1.026799999999999935e+00 -2.612171277495204791e+01
1.027500000000000080e+00 -2.609027880437978197e+01
1.028299999999999992e+00 -2.605905177930495142e+01
1.028999999999999915e+00 -2.602822578435947065e+01
1.029700000000000060e+00 -2.599810581237949592e+01
1.030499999999999972e+00 -2.596815578874817376e+01
1.031199999999999894e+00 -2.593864879360939213e+01
1.031900000000000039e+00 -2.590982082081772120e+01
1.032699999999999951e+00 -2.588121779823435276e+01
1.033400000000000096e+00 -2.585303580357524922e+01
1.034100000000000019e+00 -2.582559982916824382e+01
1.034899999999999931e+00 -2.579832980830044065e+01
1.035600000000000076e+00 -2.577155383659788868e+01
1.036399999999999988e+00 -2.574546981483695518e+01
1.037099999999999911e+00 -2.571960681816606353e+01
1.037800000000000056e+00 -2.569420884553727191e+01
1.038599999999999968e+00 -2.566955182473121511e+01
1.039299999999999891e+00 -2.564507083012939148e+01
1.040000000000000036e+00 -2.562134385275392390e+01
1.040799999999999947e+00 -2.559783883481162547e+01
1.041500000000000092e+00 -2.557476584044605517e+01
1.042200000000000015e+00 -2.555247986146152073e+01
1.042999999999999927e+00 -2.553036484508533377e+01
1.043700000000000072e+00 -2.550872685041907317e+01
1.044399999999999995e+00 -2.548783387035078718e+01
1.045199999999999907e+00 -2.546713785708445243e+01
1.045900000000000052e+00 -2.544717585860940190e+01
1.046599999999999975e+00 -2.542742687919620082e+01
1.047400000000000109e+00 -2.540814286687848522e+01
1.048100000000000032e+00 -2.538954886850366677e+01
1.048799999999999955e+00 -2.537118188790379847e+01
1.049600000000000088e+00 -2.535328787661524430e+01
1.050300000000000011e+00 -2.533605389352301529e+01
1.051099999999999923e+00 -2.531905688323051251e+01
1.051800000000000068e+00 -2.530274688453351928e+01
1.052499999999999991e+00 -2.528661890185474448e+01
1.053299999999999903e+00 -2.527095189260930042e+01
1.054000000000000048e+00 -2.525595189382639560e+01
1.054699999999999971e+00 -2.524112190981686865e+01
1.055500000000000105e+00 -2.522672590158716233e+01
1.056200000000000028e+00 -2.521297990282573664e+01
1.056899999999999951e+00 -2.519940691760985629e+01
1.057700000000000085e+00 -2.518625491027149010e+01
1.058400000000000007e+00 -2.517372191153870276e+01
1.059099999999999930e+00 -2.516136592620469159e+01
1.059900000000000064e+00 -2.514958591690823297e+01
1.060599999999999987e+00 -2.513797991949277133e+01
1.061299999999999910e+00 -2.512673493178005657e+01
1.062100000000000044e+00 -2.511584492653760137e+01
1.062799999999999967e+00 -2.510558392718194654e+01
1.063499999999999890e+00 -2.509541293840159071e+01
1.064300000000000024e+00 -2.508557993363254823e+01
1.064999999999999947e+00 -2.507630994240457767e+01
1.065800000000000081e+00 -2.506711593651777648e+01
1.066500000000000004e+00 -2.505824893869422709e+01
1.067199999999999926e+00 -2.504968594823052541e+01
1.068000000000000060e+00 -2.504142194454344406e+01
1.068699999999999983e+00 -2.503367594489425230e+01
1.069399999999999906e+00 -2.502597895346760737e+01
1.070200000000000040e+00 -2.501855094855269357e+01
1.070899999999999963e+00 -2.501136495047141040e+01
1.071600000000000108e+00 -2.500444695968194964e+01
1.072400000000000020e+00 -2.499801095370744974e+01
1.073099999999999943e+00 -2.499154495535410447e+01
1.073800000000000088e+00 -2.498530896231928722e+01
1.074600000000000000e+00 -2.497929395833956789e+01
1.075299999999999923e+00 -2.497347495972848819e+01
1.076000000000000068e+00 -2.496784996586496774e+01
1.076799999999999979e+00 -2.496240096212687831e+01
1.077499999999999902e+00 -2.495711096519825389e+01
1.078200000000000047e+00 -2.495224996885938040e+01
1.078999999999999959e+00 -2.494727896554906366e+01
1.079700000000000104e+00 -2.494246696637955196e+01
1.080400000000000027e+00 -2.493777097132131360e+01
1.081199999999999939e+00 -2.493319296815507613e+01
1.081900000000000084e+00 -2.492874497269949430e+01
1.082699999999999996e+00 -2.492438696955115418e+01
1.083399999999999919e+00 -2.492013397010243025e+01
1.084100000000000064e+00 -2.491595797425934222e+01
1.084899999999999975e+00 -2.491184897109758367e+01
1.085599999999999898e+00 -2.490781196966570477e+01
1.086300000000000043e+00 -2.490357497544332688e+01
1.087099999999999955e+00 -2.489965497212137180e+01
1.087800000000000100e+00 -2.489576097224308526e+01
1.088500000000000023e+00 -2.489188397591942703e+01
1.089299999999999935e+00 -2.488803997261537049e+01
1.090000000000000080e+00 -2.488421497256525683e+01
1.090700000000000003e+00 -2.488038297594448167e+01
1.091499999999999915e+00 -2.487654297069665787e+01
1.092200000000000060e+00 -2.487244997231467636e+01
1.092899999999999983e+00 -2.486858297559993858e+01
1.093699999999999894e+00 -2.486468797200682346e+01
1.094400000000000039e+00 -2.486077797517395283e+01
1.095199999999999951e+00 -2.485681496943660918e+01
1.095900000000000096e+00 -2.485254597088995965e+01
1.096600000000000019e+00 -2.484847997411526066e+01
1.097399999999999931e+00 -2.484434797002367645e+01
1.098100000000000076e+00 -2.484016096772551307e+01
1.098799999999999999e+00 -2.483565297282478213e+01
1.099599999999999911e+00 -2.483131496826962703e+01
1.100300000000000056e+00 -2.482688296773983083e+01
1.100999999999999979e+00 -2.482237696976146424e+01
1.101799999999999891e+00 -2.481754996644398759e+01
1.102500000000000036e+00 -2.481286296562781502e+01
1.103199999999999958e+00 -2.480806196776936545e+01
1.104000000000000092e+00 -2.480291696430333204e+01
1.104700000000000015e+00 -2.479793096344420533e+01
1.105399999999999938e+00 -2.479282496573968331e+01
1.106200000000000072e+00 -2.478735596182618295e+01
1.106899999999999995e+00 -2.478202395933472246e+01
1.107599999999999918e+00 -2.477634396511323800e+01
1.108400000000000052e+00 -2.477077495929892592e+01
1.109099999999999975e+00 -2.476508996218147018e+01
1.109900000000000109e+00 -2.475905295759499225e+01
1.110600000000000032e+00 -2.475312995506056879e+01
1.111299999999999955e+00 -2.474685296144226498e+01
1.112100000000000088e+00 -2.474069795510352421e+01
1.112800000000000011e+00 -2.473442695248319367e+01
1.113499999999999934e+00 -2.472778995921211731e+01
1.114300000000000068e+00 -2.472127895078642013e+01
1.114999999999999991e+00 -2.471440495176725705e+01
1.115699999999999914e+00 -2.470766795554741080e+01
1.116500000000000048e+00 -2.470057195022083008e+01
1.117199999999999971e+00 -2.469361894936170643e+01
1.117899999999999894e+00 -2.468654595349893199e+01
1.118700000000000028e+00 -2.467912294791550920e+01
1.119399999999999951e+00 -2.467184794560303018e+01
1.120100000000000096e+00 -2.466424995319823665e+01
1.120900000000000007e+00 -2.465677894408524295e+01
1.121599999999999930e+00 -2.464896894548132167e+01
1.122300000000000075e+00 -2.464135395018503161e+01
1.123099999999999987e+00 -2.463340194421411056e+01
1.123799999999999910e+00 -2.462560994374875278e+01
1.124500000000000055e+00 -2.461775294900105138e+01
1.125299999999999967e+00 -2.460961194279655118e+01
1.125999999999999890e+00 -2.460162194824931348e+01
1.126800000000000024e+00 -2.459336094218084767e+01
1.127499999999999947e+00 -2.458528494016906052e+01
1.128200000000000092e+00 -2.457692794897599242e+01
1.129000000000000004e+00 -2.456878293993280238e+01
1.129699999999999926e+00 -2.456039294146490803e+01
1.130400000000000071e+00 -2.455221694862518333e+01
1.131199999999999983e+00 -2.454401593973233631e+01
1.131899999999999906e+00 -2.453559794141479244e+01
1.132600000000000051e+00 -2.452741494732217831e+01
1.133399999999999963e+00 -2.451900594169400804e+01
1.134100000000000108e+00 -2.451086194201618085e+01
1.134800000000000031e+00 -2.450276294795488852e+01
1.135599999999999943e+00 -2.449445494262472778e+01
1.136300000000000088e+00 -2.448644094128592386e+01
1.137000000000000011e+00 -2.447823995066113056e+01
1.137799999999999923e+00 -2.447036394412103988e+01
1.138500000000000068e+00 -2.446255895005974423e+01
1.139299999999999979e+00 -2.445458694548847944e+01
1.139999999999999902e+00 -2.444697294623305694e+01
1.140700000000000047e+00 -2.443946295207063457e+01
1.141499999999999959e+00 -2.443181194790835065e+01
1.142200000000000104e+00 -2.442453594891066260e+01
1.142900000000000027e+00 -2.441739995625529502e+01
1.143699999999999939e+00 -2.441041694940465945e+01
1.144400000000000084e+00 -2.440334995222545800e+01
1.145100000000000007e+00 -2.439667695926223345e+01
1.145899999999999919e+00 -2.439017395327072535e+01
1.146600000000000064e+00 -2.438364695630630408e+01
1.147299999999999986e+00 -2.437754396288308811e+01
1.148099999999999898e+00 -2.437161895927028610e+01
1.148800000000000043e+00 -2.436592995934188011e+01
1.149499999999999966e+00 -2.436025096730579875e+01
1.150300000000000100e+00 -2.435503196447515606e+01
1.151000000000000023e+00 -2.435006996607169683e+01
1.151699999999999946e+00 -2.434533097218580977e+01
1.152500000000000080e+00 -2.434089097018834025e+01
1.153200000000000003e+00 -2.433672697427813603e+01
1.153999999999999915e+00 -2.433262097414747771e+01
1.154700000000000060e+00 -2.432900997653155173e+01
1.155399999999999983e+00 -2.432573198155743555e+01
1.156199999999999894e+00 -2.432278798112787399e+01
1.156900000000000039e+00 -2.432015198355490426e+01
1.157599999999999962e+00 -2.431785498781563248e+01
1.158400000000000096e+00 -2.431590998851635277e+01
1.159100000000000019e+00 -2.431430599118680291e+01
1.159799999999999942e+00 -2.431307499306524633e+01
1.160600000000000076e+00 -2.431196799672100539e+01
1.161299999999999999e+00 -2.431150999936997437e+01
1.161999999999999922e+00 -2.431142200199836267e+01
1.162800000000000056e+00 -2.431174100521203130e+01
1.163499999999999979e+00 -2.431246900818317158e+01
1.164199999999999902e+00 -2.431361200985399051e+01
1.165000000000000036e+00 -2.431518501424000789e+01
1.165699999999999958e+00 -2.431717401749752483e+01
1.166400000000000103e+00 -2.431961801811680957e+01
1.167200000000000015e+00 -2.432251002419870645e+01
1.167899999999999938e+00 -2.432589002533346800e+01
1.168700000000000072e+00 -2.432993403087840889e+01
1.169399999999999995e+00 -2.433424703422899782e+01
1.170099999999999918e+00 -2.433902803296357575e+01
1.170900000000000052e+00 -2.434429004140985597e+01
1.171599999999999975e+00 -2.435007404486783500e+01
1.172299999999999898e+00 -2.435634104251687404e+01
1.173100000000000032e+00 -2.436312805227063194e+01
1.173799999999999955e+00 -2.437042905606510601e+01
1.174500000000000099e+00 -2.437826005233327820e+01
1.175300000000000011e+00 -2.438661406552980893e+01
1.175999999999999934e+00 -2.439576706754159119e+01
