0.000000000000000000e+00 -2.614564378390610599e+01
5.000000000000000104e-04 -2.615583821153842692e+01
1.100000000000000066e-03 -2.616660762414956309e+01
1.600000000000000077e-03 -2.617817062625340441e+01
2.099999999999999870e-03 -2.619007024004975648e+01
2.700000000000000143e-03 -2.620252100436830744e+01
3.200000000000000153e-03 -2.621583060620020333e+01
3.700000000000000164e-03 -2.622945724312252480e+01
4.300000000000000003e-03 -2.624367729979183750e+01
4.799999999999999580e-03 -2.625873458499070523e+01
5.400000000000000286e-03 -2.627414914927499012e+01
5.899999999999999863e-03 -2.629045613961778116e+01
6.400000000000000307e-03 -2.630707877885269852e+01
7.000000000000000146e-03 -2.632458313538871408e+01
7.499999999999999722e-03 -2.634249428491524370e+01
8.000000000000000167e-03 -2.636127927777939206e+01
8.600000000000000006e-03 -2.638068630265584602e+01
9.100000000000000450e-03 -2.640049509026099628e+01
9.599999999999999159e-03 -2.642123002299763002e+01
1.020000000000000073e-02 -2.644261339861791527e+01
1.069999999999999944e-02 -2.646442477419542172e+01
1.119999999999999989e-02 -2.648711076705956913e+01
1.179999999999999973e-02 -2.651054242520208248e+01
1.230000000000000017e-02 -2.653464212742851913e+01
1.290000000000000001e-02 -2.655943211665779558e+01
1.340000000000000045e-02 -2.658466182081139806e+01
1.389999999999999916e-02 -2.661087768532642528e+01
1.450000000000000074e-02 -2.663779706519182255e+01
1.499999999999999944e-02 -2.666545800869383243e+01
1.549999999999999989e-02 -2.669381920506648953e+01
1.609999999999999973e-02 -2.672297091447691031e+01
1.660000000000000017e-02 -2.675283745789969814e+01
1.710000000000000062e-02 -2.678347756986257266e+01
1.770000000000000046e-02 -2.681488673967245262e+01
1.820000000000000090e-02 -2.684704880303871022e+01
1.870000000000000134e-02 -2.688005583290440370e+01
1.930000000000000118e-02 -2.691408721316057751e+01
1.980000000000000163e-02 -2.694864303486048485e+01
2.040000000000000147e-02 -2.698406287570882967e+01
2.089999999999999844e-02 -2.702029509574817112e+01
2.139999999999999888e-02 -2.705734316030281406e+01
2.199999999999999872e-02 -2.709554119887817336e+01
2.249999999999999917e-02 -2.713434512174884006e+01
2.299999999999999961e-02 -2.717401512848856271e+01
2.359999999999999945e-02 -2.721486364538600711e+01
2.409999999999999989e-02 -2.725630607027752106e+01
2.460000000000000034e-02 -2.729866501920233191e+01
2.520000000000000018e-02 -2.734227198782699020e+01
2.570000000000000062e-02 -2.738651682917327435e+01
2.620000000000000107e-02 -2.743202637570626479e+01
2.680000000000000090e-02 -2.747826245553362767e+01
2.730000000000000135e-02 -2.752569314405046441e+01
2.790000000000000119e-02 -2.757416030578229638e+01
2.840000000000000163e-02 -2.762339605693196276e+01
2.889999999999999861e-02 -2.767394754565003012e+01
2.949999999999999845e-02 -2.772555827724422883e+01
2.999999999999999889e-02 -2.777796938452843634e+01
3.049999999999999933e-02 -2.783177078768042989e+01
3.109999999999999917e-02 -2.788672805309902358e+01
3.160000000000000309e-02 -2.794275620104104263e+01
3.209999999999999659e-02 -2.799996784470308953e+01
3.269999999999999990e-02 -2.805812696867320355e+01
3.320000000000000034e-02 -2.811774904414851051e+01
3.370000000000000079e-02 -2.817858465427790549e+01
3.429999999999999716e-02 -2.824069915770659378e+01
3.479999999999999760e-02 -2.830405472653050936e+01
3.540000000000000091e-02 -2.836902340764370578e+01
3.590000000000000135e-02 -2.843503165887101503e+01
3.640000000000000180e-02 -2.850237213255720903e+01
3.699999999999999817e-02 -2.857110578072125051e+01
3.749999999999999861e-02 -2.864125986370180144e+01
3.799999999999999906e-02 -2.871310192690208041e+01
3.860000000000000236e-02 -2.878618658913976702e+01
3.910000000000000281e-02 -2.886069083264772317e+01
3.960000000000000325e-02 -2.893702972702844889e+01
4.019999999999999962e-02 -2.901464822122278875e+01
4.070000000000000007e-02 -2.909411409393906567e+01
4.120000000000000051e-02 -2.917490757687564695e+01
4.179999999999999688e-02 -2.925767625877574929e+01
4.229999999999999732e-02 -2.934206440148233597e+01
4.279999999999999777e-02 -2.942790773756902922e+01
4.340000000000000108e-02 -2.951581930403736109e+01
4.390000000000000152e-02 -2.960544933901014275e+01
4.449999999999999789e-02 -2.969698081683428725e+01
4.499999999999999833e-02 -2.979028608845744586e+01
4.549999999999999878e-02 -2.988522821641043592e+01
4.610000000000000209e-02 -2.998267411821063533e+01
4.660000000000000253e-02 -3.008179835880110886e+01
4.710000000000000298e-02 -3.018292606354890850e+01
4.769999999999999934e-02 -3.028609560459471695e+01
4.819999999999999979e-02 -3.039136425219151505e+01
4.870000000000000023e-02 -3.049871586674803936e+01
4.929999999999999660e-02 -3.060857915534073115e+01
4.979999999999999705e-02 -3.072033874550269417e+01
5.029999999999999749e-02 -3.083430322014711678e+01
5.090000000000000080e-02 -3.095092764152674647e+01
5.140000000000000124e-02 -3.106950585954801625e+01
5.199999999999999761e-02 -3.119085608860203607e+01
5.249999999999999806e-02 -3.131423530700338986e+01
5.299999999999999850e-02 -3.144044506011765350e+01
5.360000000000000181e-02 -3.156917697736724548e+01
5.410000000000000225e-02 -3.170040223237402088e+01
5.460000000000000270e-02 -3.183396056363745075e+01
5.519999999999999907e-02 -3.197048347106385791e+01
5.569999999999999951e-02 -3.210966303286443235e+01
5.619999999999999996e-02 -3.225158389351443589e+01
5.680000000000000326e-02 -3.239636151862202951e+01
5.729999999999999677e-02 -3.254387339627406561e+01
5.779999999999999721e-02 -3.269432702682070868e+01
5.840000000000000052e-02 -3.284772321543636764e+01
5.890000000000000097e-02 -3.300438781036276481e+01
5.949999999999999734e-02 -3.316378643298108386e+01
5.999999999999999778e-02 -3.332623711886427031e+01
6.049999999999999822e-02 -3.349179655977798120e+01
6.110000000000000153e-02 -3.366094004383856486e+01
6.160000000000000198e-02 -3.383288014443672864e+01
6.210000000000000242e-02 -3.400846896210563131e+01
6.270000000000000573e-02 -3.418709291100883974e+01
6.320000000000000617e-02 -3.436901060457930157e+01
6.370000000000000662e-02 -3.455471226846052701e+01
6.429999999999999605e-02 -3.474395168355003705e+01
6.479999999999999649e-02 -3.493627157445137499e+01
6.529999999999999694e-02 -3.513259298857215640e+01
6.590000000000000024e-02 -3.533217771722192424e+01
6.640000000000000069e-02 -3.553573158112693164e+01
6.700000000000000400e-02 -3.574304626969703236e+01
6.750000000000000444e-02 -3.595408192854645790e+01
6.800000000000000488e-02 -3.616862591850381392e+01
6.859999999999999432e-02 -3.638744418657745427e+01
6.909999999999999476e-02 -3.661009249814123478e+01
6.959999999999999520e-02 -3.683674591573091561e+01
7.019999999999999851e-02 -3.706709907455040565e+01
7.069999999999999896e-02 -3.730180255549585411e+01
7.119999999999999940e-02 -3.754063583201713783e+01
7.180000000000000271e-02 -3.778368384380471667e+01
7.230000000000000315e-02 -3.803088010754810000e+01
7.280000000000000360e-02 -3.828234322796910760e+01
7.340000000000000691e-02 -3.853777191658734580e+01
7.389999999999999347e-02 -3.879785520286250033e+01
7.449999999999999678e-02 -3.906239813546503115e+01
7.499999999999999722e-02 -3.933131698465408022e+01
7.549999999999999767e-02 -3.960471086919022099e+01
7.610000000000000098e-02 -3.988272415794333625e+01
7.660000000000000142e-02 -4.016477579667537867e+01
7.710000000000000187e-02 -4.045191697240064599e+01
7.770000000000000517e-02 -4.074378780751542450e+01
7.820000000000000562e-02 -4.104021916563636552e+01
7.870000000000000606e-02 -4.134143170212670526e+01
7.929999999999999549e-02 -4.164706355055495379e+01
7.979999999999999594e-02 -4.195781460397524398e+01
8.029999999999999638e-02 -4.227347199939718791e+01
8.089999999999999969e-02 -4.259366452272892900e+01
8.140000000000000013e-02 -4.291907964454748736e+01
8.200000000000000344e-02 -4.324913601988374268e+01
8.250000000000000389e-02 -4.358449714169161382e+01
8.300000000000000433e-02 -4.392493834169913924e+01
8.359999999999999376e-02 -4.427010146594197693e+01
8.409999999999999420e-02 -4.462020908744739955e+01
8.459999999999999465e-02 -4.497597861680188913e+01
8.519999999999999796e-02 -4.533652264797874665e+01
8.569999999999999840e-02 -4.570253469305341554e+01
8.619999999999999885e-02 -4.607340915207176835e+01
8.680000000000000215e-02 -4.644958758526571074e+01
8.730000000000000260e-02 -4.683086004447185502e+01
8.780000000000000304e-02 -4.721752988718318989e+01
8.840000000000000635e-02 -4.760958528936583889e+01
8.890000000000000679e-02 -4.800680560035703337e+01
8.939999999999999336e-02 -4.840946539797273829e+01
8.999999999999999667e-02 -4.881759780074958144e+01
9.049999999999999711e-02 -4.923097291688846155e+01
9.110000000000000042e-02 -4.964990339791884821e+01
9.160000000000000087e-02 -5.007409241036561554e+01
9.210000000000000131e-02 -5.050334464968729264e+01
9.270000000000000462e-02 -5.093865461733725652e+01
9.320000000000000506e-02 -5.137873403331610689e+01
9.370000000000000551e-02 -5.182489309899496277e+01
9.429999999999999494e-02 -5.227613726747679834e+01
9.479999999999999538e-02 -5.273267699602023839e+01
9.529999999999999583e-02 -5.319534900504047670e+01
9.589999999999999913e-02 -5.366310735777523178e+01
9.639999999999999958e-02 -5.413619186159531438e+01
9.690000000000000002e-02 -5.461494940598168313e+01
9.750000000000000333e-02 -5.509925941145753825e+01
9.800000000000000377e-02 -5.558893667166807262e+01
9.859999999999999321e-02 -5.608434471955222733e+01
9.909999999999999365e-02 -5.658449855597406497e+01
9.959999999999999409e-02 -5.709084250717938858e+01
1.001999999999999974e-01 -5.760281975685364841e+01
1.006999999999999978e-01 -5.811946148745814611e+01
1.011999999999999983e-01 -5.864227746063313162e+01
1.018000000000000016e-01 -5.917016143300990194e+01
1.023000000000000020e-01 -5.970337532065686759e+01
1.028000000000000025e-01 -6.024263344877583393e+01
1.034000000000000058e-01 -6.078689065917338041e+01
1.039000000000000062e-01 -6.133648637470857068e+01
1.044000000000000067e-01 -6.189144030067339486e+01
1.049999999999999961e-01 -6.245195599518520169e+01
1.054999999999999966e-01 -6.301760680686983562e+01
1.060999999999999999e-01 -6.358822026782542025e+01
1.066000000000000003e-01 -6.416472625178245437e+01
1.071000000000000008e-01 -6.474646832575346878e+01
1.077000000000000041e-01 -6.533307186304078584e+01
1.082000000000000045e-01 -6.592528109096073763e+01
1.087000000000000050e-01 -6.652229666560891985e+01
1.092999999999999944e-01 -6.712454978587402366e+01
1.097999999999999948e-01 -6.773175574764192675e+01
1.102999999999999953e-01 -6.834431469210753107e+01
1.108999999999999986e-01 -6.896196195538423979e+01
1.113999999999999990e-01 -6.958514027461966123e+01
1.118999999999999995e-01 -7.021205709228857472e+01
1.125000000000000028e-01 -7.084485336000844313e+01
1.130000000000000032e-01 -7.148245059964129666e+01
1.136000000000000065e-01 -7.212505091594175610e+01
1.140999999999999931e-01 -7.277162122302000569e+01
1.145999999999999935e-01 -7.342393871884185330e+01
1.151999999999999968e-01 -7.408032163874607079e+01
1.156999999999999973e-01 -7.474193382535518992e+01
1.161999999999999977e-01 -7.540767020478702420e+01
1.168000000000000010e-01 -7.607808711776414157e+01
1.173000000000000015e-01 -7.675299145352505548e+01
1.178000000000000019e-01 -7.743322144424259079e+01
1.184000000000000052e-01 -7.811727697932425940e+01
1.189000000000000057e-01 -7.880554200191033942e+01
1.194000000000000061e-01 -7.949843680088041253e+01
1.199999999999999956e-01 -8.019485806656061300e+01
1.204999999999999960e-01 -8.089605005097281776e+01
1.210999999999999993e-01 -8.160183204743357521e+01
1.215999999999999998e-01 -8.231057332207663535e+01
1.221000000000000002e-01 -8.302431269784152335e+01
1.227000000000000035e-01 -8.374220737845614337e+01
1.232000000000000040e-01 -8.446304133664823155e+01
1.237000000000000044e-01 -8.518797475539419395e+01
1.242999999999999938e-01 -8.591758808816643977e+01
1.247999999999999943e-01 -8.664985511437670596e+01
1.252999999999999947e-01 -8.738591888579369993e+01
1.259000000000000119e-01 -8.812586113821926403e+01
1.264000000000000123e-01 -8.886983057874836334e+01
1.269000000000000128e-01 -8.961654657006009472e+01
1.275000000000000022e-01 -9.036610687337879710e+01
1.280000000000000027e-01 -9.111938781014193012e+01
1.285999999999999921e-01 -9.187622885850221621e+01
1.290999999999999925e-01 -9.263604425373227969e+01
1.295999999999999930e-01 -9.339905273049123480e+01
1.302000000000000102e-01 -9.416542867267548900e+01
1.307000000000000106e-01 -9.493339882411932251e+01
1.312000000000000111e-01 -9.570526548684425450e+01
1.318000000000000005e-01 -9.647920838414162858e+01
1.323000000000000009e-01 -9.725663888091182230e+01
1.328000000000000014e-01 -9.803573612911984014e+01
1.333999999999999908e-01 -9.881850188245806521e+01
1.338999999999999913e-01 -9.960264112446257911e+01
1.343999999999999917e-01 -1.003891735308854010e+02
1.350000000000000089e-01 -1.011791958916710286e+02
1.355000000000000093e-01 -1.019700993021043018e+02
1.360000000000000098e-01 -1.027634266738381683e+02
1.365999999999999992e-01 -1.035588257133816228e+02
1.370999999999999996e-01 -1.043559001642746438e+02
1.376999999999999891e-01 -1.051550790720054493e+02
1.381999999999999895e-01 -1.059558668697826249e+02
1.386999999999999900e-01 -1.067585928069463819e+02
1.393000000000000071e-01 -1.075629450883595979e+02
1.398000000000000076e-01 -1.083685113438328500e+02
1.403000000000000080e-01 -1.091756906579498718e+02
1.408999999999999975e-01 -1.099834058497606719e+02
1.413999999999999979e-01 -1.107930316481052984e+02
1.418999999999999984e-01 -1.116039463391755646e+02
1.424999999999999878e-01 -1.124151195186578747e+02
1.429999999999999882e-01 -1.132279289664513868e+02
1.434999999999999887e-01 -1.140417929292517698e+02
1.441000000000000059e-01 -1.148554830942856881e+02
1.446000000000000063e-01 -1.156706931901790796e+02
1.451999999999999957e-01 -1.164858267038369206e+02
1.456999999999999962e-01 -1.173021199379079746e+02
1.461999999999999966e-01 -1.181178787403790125e+02
1.468000000000000138e-01 -1.189340536997845277e+02
1.472999999999999865e-01 -1.197514916139463708e+02
1.477999999999999869e-01 -1.205679069818473010e+02
1.484000000000000041e-01 -1.213844713249511500e+02
1.489000000000000046e-01 -1.222008288650611689e+02
1.494000000000000050e-01 -1.230182228475186292e+02
1.499999999999999944e-01 -1.238343127836161699e+02
1.504999999999999949e-01 -1.246497389427312186e+02
1.509999999999999953e-01 -1.254648724630654755e+02
1.516000000000000125e-01 -1.262797229765306213e+02
1.521000000000000130e-01 -1.270934798737494447e+02
1.527000000000000024e-01 -1.279067794710462209e+02
1.532000000000000028e-01 -1.287189786752622638e+02
1.537000000000000033e-01 -1.295305106280520988e+02
1.542999999999999927e-01 -1.303410211584762806e+02
1.547999999999999932e-01 -1.311500942910071501e+02
1.552999999999999936e-01 -1.319582095791235190e+02
1.559000000000000108e-01 -1.327650217218023272e+02
1.564000000000000112e-01 -1.335701009104190291e+02
1.569000000000000117e-01 -1.343738006853369882e+02
1.575000000000000011e-01 -1.351748722537263063e+02
1.580000000000000016e-01 -1.359750725519986361e+02
1.585000000000000020e-01 -1.367736356252415817e+02
1.590999999999999914e-01 -1.375703774241089832e+02
1.595999999999999919e-01 -1.383634497987183920e+02
1.602000000000000091e-01 -1.391562222466385776e+02
1.607000000000000095e-01 -1.399463062537378164e+02
1.612000000000000099e-01 -1.407328974707579050e+02
1.617999999999999994e-01 -1.415186140447092384e+02
1.622999999999999998e-01 -1.423016933547639837e+02
1.628000000000000003e-01 -1.430806792655630488e+02
1.633999999999999897e-01 -1.438585855693206668e+02
1.638999999999999901e-01 -1.446321004182265142e+02
1.643999999999999906e-01 -1.454041762521156897e+02
1.650000000000000078e-01 -1.461719223612404619e+02
1.655000000000000082e-01 -1.469377882615962108e+02
1.660000000000000087e-01 -1.476991276707598502e+02
1.665999999999999981e-01 -1.484589070332799565e+02
1.670999999999999985e-01 -1.492134773289237444e+02
1.676999999999999880e-01 -1.499662747600455361e+02
1.681999999999999884e-01 -1.507137775027967166e+02
1.686999999999999889e-01 -1.514578346527514725e+02
1.693000000000000060e-01 -1.521997462476714702e+02
1.698000000000000065e-01 -1.529359016267828792e+02
1.703000000000000069e-01 -1.536684469640579493e+02
1.708999999999999964e-01 -1.543969391779776572e+02
1.713999999999999968e-01 -1.551225308407622379e+02
1.718999999999999972e-01 -1.558424775345733337e+02
1.724999999999999867e-01 -1.565583233615078314e+02
1.729999999999999871e-01 -1.572710986633506423e+02
1.734999999999999876e-01 -1.579778348104306929e+02
1.741000000000000048e-01 -1.586801254209339902e+02
1.746000000000000052e-01 -1.593774545293163101e+02
1.751000000000000056e-01 -1.600702858864465270e+02
1.756999999999999951e-01 -1.607597787490014696e+02
1.761999999999999955e-01 -1.614425363835209168e+02
1.768000000000000127e-01 -1.621204489072804336e+02
1.773000000000000131e-01 -1.627931380262888865e+02
1.778000000000000136e-01 -1.634605842402361588e+02
1.784000000000000030e-01 -1.641228060239540696e+02
1.789000000000000035e-01 -1.647795714426525251e+02
1.794000000000000039e-01 -1.654308689132980419e+02
1.799999999999999933e-01 -1.660766508623505615e+02
1.804999999999999938e-01 -1.667165549436240326e+02
1.809999999999999942e-01 -1.673508485749950125e+02
1.816000000000000114e-01 -1.679795722962407183e+02
1.821000000000000119e-01 -1.686020221302804600e+02
1.826000000000000123e-01 -1.692186340206622504e+02
1.832000000000000017e-01 -1.698292697226202961e+02
1.837000000000000022e-01 -1.704336500280603275e+02
1.842999999999999916e-01 -1.710318507028346744e+02
1.847999999999999921e-01 -1.716235666748914070e+02
1.852999999999999925e-01 -1.722091159387575772e+02
1.859000000000000097e-01 -1.727882430783424468e+02
1.864000000000000101e-01 -1.733605621082354844e+02
1.869000000000000106e-01 -1.739264416831459243e+02
1.875000000000000000e-01 -1.744856003162560683e+02
1.880000000000000004e-01 -1.750362281964405895e+02
1.885000000000000009e-01 -1.755817382346305067e+02
1.890999999999999903e-01 -1.761204200436693270e+02
1.895999999999999908e-01 -1.766518823603671535e+02
1.900999999999999912e-01 -1.771765733099182398e+02
1.907000000000000084e-01 -1.776940594638980144e+02
1.912000000000000088e-01 -1.782024240754840037e+02
1.917999999999999983e-01 -1.787055482980440502e+02
1.922999999999999987e-01 -1.792010689281361522e+02
1.927999999999999992e-01 -1.796892365425587741e+02
1.933999999999999886e-01 -1.801683004818257530e+02
1.938999999999999890e-01 -1.806414118430945734e+02
1.943999999999999895e-01 -1.811070465974292745e+02
1.950000000000000067e-01 -1.815651456775398458e+02
1.955000000000000071e-01 -1.820134854961674193e+02
1.960000000000000075e-01 -1.824558714778967783e+02
1.965999999999999970e-01 -1.828906381559795591e+02
1.970999999999999974e-01 -1.833154477096488222e+02
1.975999999999999979e-01 -1.837341878197273104e+02
1.981999999999999873e-01 -1.841450002337672913e+02
1.986999999999999877e-01 -1.845458004769971865e+02
1.993000000000000049e-01 -1.849403978534306816e+02
1.998000000000000054e-01 -1.853248993269727123e+02
2.003000000000000058e-01 -1.857030257816280994e+02
2.008999999999999952e-01 -1.860730745055132047e+02
2.013999999999999957e-01 -1.864326421638969862e+02
2.018999999999999961e-01 -1.867858855537996874e+02
2.025000000000000133e-01 -1.871288056436371789e+02
2.030000000000000138e-01 -1.874651160570837760e+02
2.034999999999999865e-01 -1.877910331565896058e+02
2.041000000000000036e-01 -1.881103184092243339e+02
2.046000000000000041e-01 -1.884190539524171868e+02
2.051000000000000045e-01 -1.887211097423991077e+02
2.056999999999999940e-01 -1.890126791148980487e+02
2.061999999999999944e-01 -1.892972279209614328e+02
2.068000000000000116e-01 -1.895714218542437095e+02
2.073000000000000120e-01 -1.898384152244039740e+02
2.078000000000000125e-01 -1.900949124268203434e+02
2.084000000000000019e-01 -1.903444246287011481e+02
2.089000000000000024e-01 -1.905830740089307938e+02
2.094000000000000028e-01 -1.908129711820435830e+02
2.099999999999999922e-01 -1.910357663679021698e+02
2.104999999999999927e-01 -1.912476719387550759e+02
2.109999999999999931e-01 -1.914524741970378159e+02
2.116000000000000103e-01 -1.916465180708832463e+02
2.121000000000000107e-01 -1.918314361484035544e+02
2.126000000000000112e-01 -1.920092404147804075e+02
2.132000000000000006e-01 -1.921761042562227146e+02
2.137000000000000011e-01 -1.923338485754361500e+02
2.142999999999999905e-01 -1.924843989683899963e+02
2.147999999999999909e-01 -1.926238966801934396e+02
2.152999999999999914e-01 -1.927542892395098590e+02
2.159000000000000086e-01 -1.928775322761043753e+02
2.164000000000000090e-01 -1.929896952933900423e+02
2.169000000000000095e-01 -1.930926859243969886e+02
2.174999999999999989e-01 -1.931884037938796439e+02
2.179999999999999993e-01 -1.932730690950632777e+02
2.184999999999999998e-01 -1.933485956809745687e+02
2.190999999999999892e-01 -1.934149261077716346e+02
2.195999999999999897e-01 -1.934720908978928264e+02
2.200999999999999901e-01 -1.935219483596840746e+02
2.207000000000000073e-01 -1.935607995831493042e+02
2.212000000000000077e-01 -1.935904517169105361e+02
2.217000000000000082e-01 -1.936109782773832819e+02
2.222999999999999976e-01 -1.936223320720171159e+02
2.227999999999999980e-01 -1.936264692233315543e+02
2.233999999999999875e-01 -1.936195756535333885e+02
2.238999999999999879e-01 -1.936035105898083941e+02
2.243999999999999884e-01 -1.935783371202173839e+02
2.250000000000000056e-01 -1.935441119824465659e+02
2.255000000000000060e-01 -1.935008280688743980e+02
2.260000000000000064e-01 -1.934484345946581811e+02
2.265999999999999959e-01 -1.933889133504704887e+02
2.270999999999999963e-01 -1.933184884600617295e+02
2.275999999999999968e-01 -1.932390378806223623e+02
2.281999999999999862e-01 -1.931506211902801624e+02
2.286999999999999866e-01 -1.930533065563929824e+02
2.291999999999999871e-01 -1.929470269029505118e+02
2.298000000000000043e-01 -1.928318609603158507e+02
2.303000000000000047e-01 -1.927077994896861526e+02
2.308999999999999941e-01 -1.925748860581139468e+02
2.313999999999999946e-01 -1.924331968763821976e+02
2.318999999999999950e-01 -1.922827549673978069e+02
2.325000000000000122e-01 -1.921235344022464062e+02
2.330000000000000127e-01 -1.919555822500269926e+02
2.335000000000000131e-01 -1.917790481375340619e+02
2.341000000000000025e-01 -1.915938454332147103e+02
2.346000000000000030e-01 -1.914000821010249069e+02
2.351000000000000034e-01 -1.911977279931572298e+02
2.356999999999999929e-01 -1.909869011192206756e+02
2.361999999999999933e-01 -1.907676335970392643e+02
2.366999999999999937e-01 -1.905399782486614981e+02
2.373000000000000109e-01 -1.903037715701126444e+02
2.378000000000000114e-01 -1.900593796536602440e+02
2.384000000000000008e-01 -1.898067084316351156e+02
2.389000000000000012e-01 -1.895458546921124139e+02
2.394000000000000017e-01 -1.892767102223233167e+02
2.399999999999999911e-01 -1.889975709328314224e+02
2.404999999999999916e-01 -1.887123239011667124e+02
2.409999999999999920e-01 -1.884190611099266732e+02
2.416000000000000092e-01 -1.881177123272414633e+02
2.421000000000000096e-01 -1.878085615482600019e+02
2.426000000000000101e-01 -1.874915775384795893e+02
2.431999999999999995e-01 -1.871666650282685964e+02
2.437000000000000000e-01 -1.868341375836714917e+02
2.442000000000000004e-01 -1.864920895222537638e+02
2.447999999999999898e-01 -1.861441052532862841e+02
2.452999999999999903e-01 -1.857888169068031914e+02
2.459000000000000075e-01 -1.854258047330322370e+02
2.464000000000000079e-01 -1.850555132582160525e+02
2.469000000000000083e-01 -1.846760248140636236e+02
2.474999999999999978e-01 -1.842909180166303429e+02
2.479999999999999982e-01 -1.838986456794350488e+02
2.484999999999999987e-01 -1.834991749169044510e+02
2.490999999999999881e-01 -1.830926706324661382e+02
2.495999999999999885e-01 -1.826772114974624515e+02
2.500999999999999890e-01 -1.822567461899191983e+02
2.506999999999999784e-01 -1.818292238811772847e+02
2.511999999999999789e-01 -1.813950161780563519e+02
2.516999999999999793e-01 -1.809521520944709039e+02
2.523000000000000242e-01 -1.805042225392126340e+02
2.528000000000000247e-01 -1.800499363988396055e+02
2.534000000000000141e-01 -1.795888711958615431e+02
2.539000000000000146e-01 -1.791197485594632610e+02
2.544000000000000150e-01 -1.786458519720958122e+02
2.550000000000000044e-01 -1.781655347428869050e+02
2.555000000000000049e-01 -1.776791645044533539e+02
2.560000000000000053e-01 -1.771847427097443983e+02
2.565999999999999948e-01 -1.766857507319983256e+02
2.570999999999999952e-01 -1.761809967653109084e+02
2.575999999999999956e-01 -1.756684117115911761e+02
2.581999999999999851e-01 -1.751515059897510298e+02
2.586999999999999855e-01 -1.746289963000131138e+02
2.591999999999999860e-01 -1.740989079502810171e+02
2.597999999999999754e-01 -1.735647536067217516e+02
2.602999999999999758e-01 -1.730250961316859559e+02
2.607999999999999763e-01 -1.724782033807183268e+02
2.614000000000000212e-01 -1.719273986474705112e+02
2.619000000000000217e-01 -1.713697609277115816e+02
2.625000000000000111e-01 -1.708082219886319706e+02
2.630000000000000115e-01 -1.702416892129853352e+02
2.635000000000000120e-01 -1.696681491926001684e+02
2.641000000000000014e-01 -1.690911838499563942e+02
2.646000000000000019e-01 -1.685076588665882014e+02
2.651000000000000023e-01 -1.679207286708097513e+02
2.656999999999999917e-01 -1.673288212468343090e+02
2.661999999999999922e-01 -1.667307416988231523e+02
2.666999999999999926e-01 -1.661294243064739362e+02
2.672999999999999821e-01 -1.655216075754959490e+02
2.677999999999999825e-01 -1.649111999525127601e+02
2.682999999999999829e-01 -1.642944691331254603e+02
2.688999999999999724e-01 -1.636748669255277662e+02
2.693999999999999728e-01 -1.630509875347891864e+02
2.700000000000000178e-01 -1.624211108272958484e+02
2.705000000000000182e-01 -1.617872201128044765e+02
2.710000000000000187e-01 -1.611506330879601023e+02
2.716000000000000081e-01 -1.605081789443388800e+02
2.721000000000000085e-01 -1.598636404250692067e+02
2.726000000000000090e-01 -1.592134248506190488e+02
2.731999999999999984e-01 -1.585608406996425401e+02
2.736999999999999988e-01 -1.579029838315882728e+02
2.741999999999999993e-01 -1.572429491996872741e+02
2.747999999999999887e-01 -1.565775510479452350e+02
2.752999999999999892e-01 -1.559102187863587403e+02
2.757999999999999896e-01 -1.552378304880658675e+02
2.763999999999999790e-01 -1.545618712204798726e+02
2.768999999999999795e-01 -1.538842786522923234e+02
2.775000000000000244e-01 -1.532014368528144530e+02
2.780000000000000249e-01 -1.525172582688294654e+02
2.785000000000000253e-01 -1.518281807855288434e+02
2.791000000000000147e-01 -1.511358689740811485e+02
2.796000000000000152e-01 -1.504422292108806687e+02
2.801000000000000156e-01 -1.497438964870699749e+02
2.807000000000000051e-01 -1.490425506771533435e+02
2.812000000000000055e-01 -1.483386081276913444e+02
2.817000000000000060e-01 -1.476332196412858764e+02
2.822999999999999954e-01 -1.469232749629945260e+02
2.827999999999999958e-01 -1.462110846659963386e+02
2.832999999999999963e-01 -1.454960947452188407e+02
2.838999999999999857e-01 -1.447798760036897647e+02
2.843999999999999861e-01 -1.440597967915028619e+02
2.849999999999999756e-01 -1.433371422053031949e+02
2.854999999999999760e-01 -1.426123692180109686e+02
2.859999999999999765e-01 -1.418851169237490808e+02
2.866000000000000214e-01 -1.411567497073561412e+02
2.871000000000000218e-01 -1.404251301374982859e+02
2.876000000000000223e-01 -1.396911906559160457e+02
2.882000000000000117e-01 -1.389550232232953419e+02
2.887000000000000122e-01 -1.382169575909973958e+02
2.892000000000000126e-01 -1.374768977324619073e+02
2.898000000000000020e-01 -1.367347250086413624e+02
2.903000000000000025e-01 -1.359907993680619427e+02
2.908000000000000029e-01 -1.352450972562971572e+02
2.913999999999999924e-01 -1.344974482842525276e+02
2.918999999999999928e-01 -1.337483403611562665e+02
2.924999999999999822e-01 -1.329970867570018811e+02
2.929999999999999827e-01 -1.322447421040939730e+02
2.934999999999999831e-01 -1.314906010142988464e+02
2.940999999999999726e-01 -1.307335843101246553e+02
2.945999999999999730e-01 -1.299766284357856136e+02
2.950999999999999734e-01 -1.292180111898901771e+02
2.957000000000000184e-01 -1.284580091844896117e+02
2.962000000000000188e-01 -1.276969941315131649e+02
2.967000000000000193e-01 -1.269333470072271410e+02
2.973000000000000087e-01 -1.261694109732938358e+02
2.978000000000000091e-01 -1.254047673277198385e+02
2.983000000000000096e-01 -1.246376540149571923e+02
2.988999999999999990e-01 -1.238704840885542779e+02
2.993999999999999995e-01 -1.231012955854084083e+02
2.998999999999999999e-01 -1.223323491309831610e+02
3.004999999999999893e-01 -1.215611539688988074e+02
3.009999999999999898e-01 -1.207905881753186179e+02
3.015999999999999792e-01 -1.200175647303265976e+02
3.020999999999999797e-01 -1.192453620681789914e+02
3.025999999999999801e-01 -1.184711642061746346e+02
3.032000000000000250e-01 -1.176971726601831847e+02
3.037000000000000255e-01 -1.169218027336447392e+02
3.042000000000000259e-01 -1.161457163881095909e+02
3.048000000000000154e-01 -1.153689992869075809e+02
3.053000000000000158e-01 -1.145930394135481549e+02
3.058000000000000163e-01 -1.138155560046146775e+02
3.064000000000000057e-01 -1.130375105665444124e+02
3.069000000000000061e-01 -1.122594548383057855e+02
3.074000000000000066e-01 -1.114809531805700828e+02
3.079999999999999960e-01 -1.107018955416893391e+02
3.084999999999999964e-01 -1.099231366511835120e+02
3.090999999999999859e-01 -1.091438747382600667e+02
3.095999999999999863e-01 -1.083648100050108098e+02
3.100999999999999868e-01 -1.075854521703614779e+02
3.106999999999999762e-01 -1.068050398473428828e+02
3.111999999999999766e-01 -1.060260159564462725e+02
3.116999999999999771e-01 -1.052468699252262212e+02
3.123000000000000220e-01 -1.044676337132069222e+02
3.128000000000000225e-01 -1.036879966675697489e+02
3.133000000000000229e-01 -1.029095181516626383e+02
3.139000000000000123e-01 -1.021300669213406422e+02
3.144000000000000128e-01 -1.013521416856743969e+02
3.149000000000000132e-01 -1.005736331886641750e+02
3.155000000000000027e-01 -9.979540374287989835e+01
3.160000000000000031e-01 -9.901894199285362674e+01
3.165999999999999925e-01 -9.824164684385794999e+01
3.170999999999999930e-01 -9.746527089456826332e+01
3.175999999999999934e-01 -9.668943409787871701e+01
3.181999999999999829e-01 -9.591402003039672763e+01
3.186999999999999833e-01 -9.513976643974689296e+01
3.191999999999999837e-01 -9.436609259680541584e+01
3.197999999999999732e-01 -9.359322557615350036e+01
3.202999999999999736e-01 -9.282128576407252751e+01
3.207999999999999741e-01 -9.205032645745541231e+01
3.214000000000000190e-01 -9.127931978485464981e+01
3.219000000000000195e-01 -9.051053111826387010e+01
3.224000000000000199e-01 -8.974268985211719496e+01
3.230000000000000093e-01 -8.897484873511777437e+01
3.235000000000000098e-01 -8.820951911747161489e+01
3.240999999999999992e-01 -8.744428422402320678e+01
3.245999999999999996e-01 -8.668062418760969479e+01
3.251000000000000001e-01 -8.591894272816313105e+01
3.256999999999999895e-01 -8.515777230802616771e+01
3.261999999999999900e-01 -8.439835228374843723e+01
3.266999999999999904e-01 -8.364034547992302748e+01
3.272999999999999798e-01 -8.288364599985128223e+01
3.277999999999999803e-01 -8.212896779942541059e+01
3.282999999999999807e-01 -8.137583584296861261e+01
3.289000000000000257e-01 -8.062352277454442628e+01
3.294000000000000261e-01 -7.987395488842828684e+01
3.299000000000000266e-01 -7.912620861514575665e+01
3.305000000000000160e-01 -7.837947240161147988e+01
3.310000000000000164e-01 -7.763573614374007548e+01
3.316000000000000059e-01 -7.689290663786037783e+01
3.321000000000000063e-01 -7.615251927129693854e+01
3.326000000000000068e-01 -7.541486394578291197e+01
3.331999999999999962e-01 -7.467840749791619714e+01
3.336999999999999966e-01 -7.394457169407391461e+01
3.341999999999999971e-01 -7.321301189814452925e+01
3.347999999999999865e-01 -7.248355175669686901e+01
3.352999999999999869e-01 -7.175672658610996280e+01
3.357999999999999874e-01 -7.103163841573797299e+01
3.363999999999999768e-01 -7.030961359246508380e+01
3.368999999999999773e-01 -6.959051664792379199e+01
3.373999999999999777e-01 -6.887322939545461509e+01
3.380000000000000226e-01 -6.815908300233004979e+01
3.385000000000000231e-01 -6.744734613641170995e+01
3.391000000000000125e-01 -6.673822815840358658e+01
3.396000000000000130e-01 -6.603223948769625906e+01
3.401000000000000134e-01 -6.532892823387273040e+01
3.407000000000000028e-01 -6.462862966153795696e+01
3.412000000000000033e-01 -6.393175894225539935e+01
3.417000000000000037e-01 -6.323754071965192480e+01
3.422999999999999932e-01 -6.254635288426998585e+01
3.427999999999999936e-01 -6.185854546041095148e+01
3.432999999999999940e-01 -6.117388366890868667e+01
3.438999999999999835e-01 -6.049226766279072365e+01
3.443999999999999839e-01 -5.981439097489953838e+01
3.448999999999999844e-01 -5.913965419264766865e+01
3.454999999999999738e-01 -5.846834373404231400e+01
3.459999999999999742e-01 -5.780070014018603075e+01
3.464999999999999747e-01 -5.713653496826162126e+01
3.471000000000000196e-01 -5.647582252392797386e+01
3.476000000000000201e-01 -5.581904157700457603e+01
3.482000000000000095e-01 -5.516571141172959614e+01
3.487000000000000099e-01 -5.451645387585956826e+01
3.492000000000000104e-01 -5.387084650967703681e+01
3.497999999999999998e-01 -5.322903231704702876e+01
3.503000000000000003e-01 -5.259142939688981500e+01
3.508000000000000007e-01 -5.195763984454325879e+01
3.513999999999999901e-01 -5.132775682247795146e+01
3.518999999999999906e-01 -5.070220745655703354e+01
3.523999999999999910e-01 -5.008070363826185201e+01
3.529999999999999805e-01 -4.946321188466117746e+01
3.534999999999999809e-01 -4.885029784325861613e+01
3.539999999999999813e-01 -4.824143002727603147e+01
3.546000000000000263e-01 -4.763684544963611245e+01
3.551000000000000267e-01 -4.703684490850925926e+01
3.557000000000000162e-01 -4.644102200865823704e+01
3.562000000000000166e-01 -4.584994958276508470e+01
3.567000000000000171e-01 -4.526320944070636898e+01
3.573000000000000065e-01 -4.468096992225176933e+01
3.578000000000000069e-01 -4.410351383513799561e+01
3.583000000000000074e-01 -4.353058646875740578e+01
3.588999999999999968e-01 -4.296225152653550339e+01
3.593999999999999972e-01 -4.239886156717665244e+01
3.598999999999999977e-01 -4.184012406088395863e+01
3.604999999999999871e-01 -4.128602980705571213e+01
3.609999999999999876e-01 -4.073706688179161262e+01
3.614999999999999880e-01 -4.019281930612101661e+01
3.620999999999999774e-01 -3.965340666263626446e+01
3.625999999999999779e-01 -3.911911990848828680e+01
3.632000000000000228e-01 -3.858960412799287809e+01
3.637000000000000233e-01 -3.806525841141389321e+01
3.642000000000000237e-01 -3.754594147844711216e+01
3.648000000000000131e-01 -3.703151758850483333e+01
3.653000000000000136e-01 -3.652242976514492767e+01
3.658000000000000140e-01 -3.601834686339820024e+01
3.664000000000000035e-01 -3.551933873681624476e+01
3.669000000000000039e-01 -3.502569390496077517e+01
3.674000000000000044e-01 -3.453717187023973167e+01
3.679999999999999938e-01 -3.405372574444468370e+01
3.684999999999999942e-01 -3.357577175801462488e+01
3.689999999999999947e-01 -3.310295570941801913e+01
3.695999999999999841e-01 -3.263534848516092524e+01
3.700999999999999845e-01 -3.217324242952964397e+01
3.706999999999999740e-01 -3.171625225673852810e+01
3.711999999999999744e-01 -3.126481908604487003e+01
3.716999999999999749e-01 -3.081859895650737258e+01
3.723000000000000198e-01 -3.037767977390376117e+01
3.728000000000000203e-01 -2.994228953208170907e+01
3.733000000000000207e-01 -2.951224325453802066e+01
3.739000000000000101e-01 -2.908745423421765608e+01
3.744000000000000106e-01 -2.866827678154783143e+01
3.749000000000000110e-01 -2.825440754909978125e+01
3.755000000000000004e-01 -2.784590754132202406e+01
3.760000000000000009e-01 -2.744294303101395727e+01
3.765000000000000013e-01 -2.704535272571910554e+01
3.770999999999999908e-01 -2.665308190624130447e+01
3.775999999999999912e-01 -2.626639320763328200e+01
3.781999999999999806e-01 -2.588499842825118336e+01
3.786999999999999811e-01 -2.550917364329552228e+01
3.791999999999999815e-01 -2.513869038194001604e+01
3.798000000000000265e-01 -2.477355276619017133e+01
3.803000000000000269e-01 -2.441396886038529246e+01
3.808000000000000274e-01 -2.405971561521795721e+01
3.814000000000000168e-01 -2.371073220337810028e+01
3.819000000000000172e-01 -2.336732315379074976e+01
3.824000000000000177e-01 -2.302921394793755994e+01
3.830000000000000071e-01 -2.269638563960244682e+01
3.835000000000000075e-01 -2.236902659173350472e+01
3.840000000000000080e-01 -2.204694541478777126e+01
3.845999999999999974e-01 -2.173011522710915955e+01
3.850999999999999979e-01 -2.141872212680531362e+01
3.855999999999999983e-01 -2.111253004236345276e+01
3.861999999999999877e-01 -2.081154895818958295e+01
3.866999999999999882e-01 -2.051590591163757082e+01
3.872999999999999776e-01 -2.022541285406925837e+01
3.877999999999999781e-01 -1.994017587688444948e+01
3.882999999999999785e-01 -1.966011382828783738e+01
3.889000000000000234e-01 -1.938509694456574906e+01
3.894000000000000239e-01 -1.911533198316764270e+01
3.899000000000000243e-01 -1.885064005598235326e+01
3.905000000000000138e-01 -1.859093519308968112e+01
3.910000000000000142e-01 -1.833637639702619637e+01
3.915000000000000147e-01 -1.808680257506405553e+01
3.921000000000000041e-01 -1.784214569599924261e+01
3.926000000000000045e-01 -1.760252811730380529e+01
3.931000000000000050e-01 -1.736779541444039410e+01
3.936999999999999944e-01 -1.713791046485743053e+01
3.941999999999999948e-01 -1.691296614746936910e+01
3.947999999999999843e-01 -1.669275814220206655e+01
3.952999999999999847e-01 -1.647743302272304433e+01
3.957999999999999852e-01 -1.626677457771416258e+01
3.963999999999999746e-01 -1.606084238899689609e+01
3.968999999999999750e-01 -1.585962370850976910e+01
3.973999999999999755e-01 -1.566305528547055381e+01
3.980000000000000204e-01 -1.547099402604241547e+01
3.985000000000000209e-01 -1.528358573656080210e+01
3.990000000000000213e-01 -1.510069746730926710e+01
3.996000000000000107e-01 -1.492223592421864531e+01
4.001000000000000112e-01 -1.474828916815995505e+01
4.006000000000000116e-01 -1.457869909085394511e+01
4.012000000000000011e-01 -1.441344719819183418e+01
4.017000000000000015e-01 -1.425258403683988107e+01
4.022999999999999909e-01 -1.409593790753273801e+01
4.027999999999999914e-01 -1.394357820252250235e+01
4.032999999999999918e-01 -1.379542730097383973e+01
4.038999999999999813e-01 -1.365135179723479375e+01
4.043999999999999817e-01 -1.351145279157629275e+01
4.048999999999999821e-01 -1.337559408775464753e+01
4.055000000000000271e-01 -1.324374701648187447e+01
4.060000000000000275e-01 -1.311592082927384162e+01
4.064999999999999725e-01 -1.299200527808357464e+01
4.071000000000000174e-01 -1.287197862887039257e+01
4.076000000000000179e-01 -1.275582732717812817e+01
4.081000000000000183e-01 -1.264347291011847041e+01
4.087000000000000077e-01 -1.253484864403616506e+01
4.092000000000000082e-01 -1.243000225291280003e+01
4.097999999999999976e-01 -1.232878051256615493e+01
4.102999999999999980e-01 -1.223122981540381460e+01
4.107999999999999985e-01 -1.213726864232310731e+01
4.113999999999999879e-01 -1.204681913478855648e+01
4.118999999999999884e-01 -1.195991749967019757e+01
4.123999999999999888e-01 -1.187645750003424183e+01
4.129999999999999782e-01 -1.179640711642702300e+01
4.134999999999999787e-01 -1.171976163836182927e+01
4.139999999999999791e-01 -1.164644876707498788e+01
4.146000000000000241e-01 -1.157640947193528902e+01
4.151000000000000245e-01 -1.150965320141495063e+01
4.156000000000000250e-01 -1.144610647466540243e+01
4.162000000000000144e-01 -1.138571317915096337e+01
4.167000000000000148e-01 -1.132848618073547442e+01
4.173000000000000043e-01 -1.127433316736317970e+01
4.178000000000000047e-01 -1.122324408221996883e+01
4.183000000000000052e-01 -1.117516558904268287e+01
4.188999999999999946e-01 -1.113005845272802574e+01
4.193999999999999950e-01 -1.108792272756833519e+01
4.198999999999999955e-01 -1.104867937314685200e+01
4.204999999999999849e-01 -1.101229504932984149e+01
4.209999999999999853e-01 -1.097875578571520983e+01
4.214999999999999858e-01 -1.094802353189168187e+01
4.220999999999999752e-01 -1.092004195427788105e+01
4.225999999999999757e-01 -1.089479519537678165e+01
4.230999999999999761e-01 -1.087225406065198108e+01
4.237000000000000210e-01 -1.085236615697274409e+01
4.242000000000000215e-01 -1.083513692302039466e+01
4.248000000000000109e-01 -1.082046912803854788e+01
4.253000000000000114e-01 -1.080839995536466347e+01
4.258000000000000118e-01 -1.079886801836688015e+01
4.264000000000000012e-01 -1.079183477301752525e+01
4.269000000000000017e-01 -1.078731222762479369e+01
4.274000000000000021e-01 -1.078523340047535228e+01
4.279999999999999916e-01 -1.078558965407407833e+01
4.284999999999999920e-01 -1.078834481092917841e+01
4.289999999999999925e-01 -1.079346207975250138e+01
4.295999999999999819e-01 -1.080093180107925299e+01
4.300999999999999823e-01 -1.081074964283770612e+01
4.305999999999999828e-01 -1.082286498797672003e+01
4.312000000000000277e-01 -1.083727511478410399e+01
4.316999999999999726e-01 -1.085397668172363872e+01
4.321999999999999731e-01 -1.087282320493259391e+01
4.328000000000000180e-01 -1.089387771370921065e+01
4.333000000000000185e-01 -1.091726894493144684e+01
4.339000000000000079e-01 -1.094273846045848408e+01
4.344000000000000083e-01 -1.097039001794422042e+01
4.349000000000000088e-01 -1.100019553305908993e+01
4.354999999999999982e-01 -1.103206529449758655e+01
4.359999999999999987e-01 -1.106613559450887863e+01
4.364999999999999991e-01 -1.110223026109883016e+01
4.370999999999999885e-01 -1.114043718924235371e+01
4.375999999999999890e-01 -1.118070542661547151e+01
4.380999999999999894e-01 -1.122298111401879162e+01
4.386999999999999789e-01 -1.126731828344858322e+01
4.391999999999999793e-01 -1.131365241135344490e+01
4.396999999999999797e-01 -1.136208099931510773e+01
4.403000000000000247e-01 -1.141254438150914119e+01
4.408000000000000251e-01 -1.146489245621893005e+01
4.414000000000000146e-01 -1.151929358788700597e+01
4.419000000000000150e-01 -1.157554594087391386e+01
4.424000000000000155e-01 -1.163379863984021689e+01
4.430000000000000049e-01 -1.169406893358812383e+01
4.435000000000000053e-01 -1.175630002620984271e+01
4.440000000000000058e-01 -1.182038389746460005e+01
4.445999999999999952e-01 -1.188645734288565059e+01
4.450999999999999956e-01 -1.195447233702394740e+01
4.455999999999999961e-01 -1.202431923371726796e+01
4.461999999999999855e-01 -1.209615479169003827e+01
4.466999999999999860e-01 -1.216989271837225139e+01
4.471999999999999864e-01 -1.224547360350258707e+01
4.477999999999999758e-01 -1.232301629349143290e+01
4.482999999999999763e-01 -1.240243614712878539e+01
4.489000000000000212e-01 -1.248372768198628435e+01
4.494000000000000217e-01 -1.256687483644857650e+01
4.499000000000000221e-01 -1.265195162329355227e+01
4.505000000000000115e-01 -1.273888125027483476e+01
4.510000000000000120e-01 -1.282764633920820430e+01
4.515000000000000124e-01 -1.291840205667528174e+01
4.521000000000000019e-01 -1.301090787830546347e+01
4.526000000000000023e-01 -1.310529483734264034e+01
4.531000000000000028e-01 -1.320158266003286585e+01
4.536999999999999922e-01 -1.329968348802803746e+01
4.541999999999999926e-01 -1.339964239329199280e+01
4.546999999999999931e-01 -1.350151520210663847e+01
4.552999999999999825e-01 -1.360513816809209153e+01
4.557999999999999829e-01 -1.371067094692874910e+01
4.563999999999999724e-01 -1.381808751322575723e+01
4.568999999999999728e-01 -1.392720580044290202e+01
4.573999999999999733e-01 -1.403822362775832211e+01
4.580000000000000182e-01 -1.415117218365399410e+01
4.585000000000000187e-01 -1.426593826851358138e+01
4.590000000000000191e-01 -1.438241731321308947e+01
4.596000000000000085e-01 -1.450080893984102204e+01
4.601000000000000090e-01 -1.462091109734934236e+01
4.606000000000000094e-01 -1.474284200907453979e+01
4.611999999999999988e-01 -1.486668668639223156e+01
4.616999999999999993e-01 -1.499231071111361224e+01
4.621999999999999997e-01 -1.511964875696941668e+01
4.627999999999999892e-01 -1.524886651002999827e+01
4.632999999999999896e-01 -1.537986749254114116e+01
4.638999999999999790e-01 -1.551272600259170176e+01
4.643999999999999795e-01 -1.564723443624656340e+01
4.648999999999999799e-01 -1.578353339537999389e+01
4.655000000000000249e-01 -1.592170188693512856e+01
4.660000000000000253e-01 -1.606142640383812648e+01
4.665000000000000258e-01 -1.620299729937514854e+01
4.671000000000000152e-01 -1.634637486860033562e+01
4.676000000000000156e-01 -1.649144522111090438e+01
4.681000000000000161e-01 -1.663812639069063337e+01
4.687000000000000055e-01 -1.678678478088763981e+01
4.692000000000000060e-01 -1.693691636792870980e+01
4.697000000000000064e-01 -1.708866852710175266e+01
4.702999999999999958e-01 -1.724232896201430876e+01
4.707999999999999963e-01 -1.739745459221850155e+01
4.712999999999999967e-01 -1.755429664154319980e+01
4.718999999999999861e-01 -1.771286023853559044e+01
4.723999999999999866e-01 -1.787281300961011610e+01
4.729999999999999760e-01 -1.803468904715217391e+01
4.734999999999999765e-01 -1.819792221579526270e+01
4.739999999999999769e-01 -1.836280434490454994e+01
4.746000000000000218e-01 -1.852909779197428009e+01
4.751000000000000223e-01 -1.869714265053135449e+01
4.756000000000000227e-01 -1.886657408490340160e+01
4.762000000000000122e-01 -1.903756226892060965e+01
4.767000000000000126e-01 -1.921002154547418428e+01
4.772000000000000131e-01 -1.938400482143335779e+01
4.778000000000000025e-01 -1.955926815057135570e+01
4.783000000000000029e-01 -1.973593867514557587e+01
4.788000000000000034e-01 -1.991425980541116303e+01
4.793999999999999928e-01 -2.009367415170626714e+01
4.798999999999999932e-01 -2.027456978862879211e+01
4.804999999999999827e-01 -2.045686537562666985e+01
4.809999999999999831e-01 -2.064023492794670389e+01
4.814999999999999836e-01 -2.082498237503802940e+01
4.820999999999999730e-01 -2.101099579399256356e+01
4.825999999999999734e-01 -2.119820948197958543e+01
4.830999999999999739e-01 -2.138666508748378803e+01
4.837000000000000188e-01 -2.157617842241931783e+01
4.842000000000000193e-01 -2.176697234127522762e+01
4.847000000000000197e-01 -2.195868432257639213e+01
4.853000000000000091e-01 -2.215154220020127696e+01
4.858000000000000096e-01 -2.234543575675037630e+01
4.863000000000000100e-01 -2.254040855188750925e+01
4.868999999999999995e-01 -2.273617539810496524e+01
4.873999999999999999e-01 -2.293303133063839638e+01
4.879999999999999893e-01 -2.313075351430225624e+01
4.884999999999999898e-01 -2.332923445165359411e+01
4.889999999999999902e-01 -2.352863343411105390e+01
4.895999999999999797e-01 -2.372888707547634013e+01
4.900999999999999801e-01 -2.392991450656172603e+01
4.905999999999999805e-01 -2.413145895385111572e+01
4.912000000000000255e-01 -2.433398588525457029e+01
4.917000000000000259e-01 -2.453689832693935458e+01
4.922000000000000264e-01 -2.474053053950018466e+01
4.928000000000000158e-01 -2.494473526932764074e+01
4.933000000000000163e-01 -2.514946222825786393e+01
4.938000000000000167e-01 -2.535473664085830592e+01
4.944000000000000061e-01 -2.556056370639771913e+01
4.949000000000000066e-01 -2.576649983029317426e+01
4.954999999999999960e-01 -2.597312194035006527e+01
4.959999999999999964e-01 -2.618005467746372972e+01
4.964999999999999969e-01 -2.638717750401897533e+01
4.970999999999999863e-01 -2.659452024657106151e+01
4.975999999999999868e-01 -2.680207695593356121e+01
4.980999999999999872e-01 -2.700981379405179794e+01
4.986999999999999766e-01 -2.721780861831562959e+01
4.991999999999999771e-01 -2.742551578248881228e+01
4.996999999999999775e-01 -2.763360838240959083e+01
5.002999999999999670e-01 -2.784178444390730078e+01
5.008000000000000229e-01 -2.804960365298340008e+01
5.012999999999999678e-01 -2.825735278017621610e+01
5.019000000000000128e-01 -2.846506988619141509e+01
5.023999999999999577e-01 -2.867283871079831670e+01
5.030000000000000027e-01 -2.888019623308091610e+01
5.034999999999999476e-01 -2.908725653061383909e+01
5.040000000000000036e-01 -2.929406686594035492e+01
5.046000000000000485e-01 -2.950030730940195411e+01
5.050999999999999934e-01 -2.970641363372245181e+01
5.056000000000000494e-01 -2.991213412630554913e+01
5.061999999999999833e-01 -3.011714549364417337e+01
5.067000000000000393e-01 -3.032185025485272689e+01
5.071999999999999842e-01 -3.052586010473200773e+01
5.078000000000000291e-01 -3.072927303344812699e+01
5.082999999999999741e-01 -3.093229120552802414e+01
5.088000000000000300e-01 -3.113435835141968155e+01
5.093999999999999639e-01 -3.133579893363172886e+01
5.099000000000000199e-01 -3.153638501880188727e+01
5.104999999999999538e-01 -3.173627642622017220e+01
5.110000000000000098e-01 -3.193526386772293080e+01
5.114999999999999547e-01 -3.213315318243414254e+01
5.120999999999999996e-01 -3.233043294213264574e+01
5.125999999999999446e-01 -3.252671200013513442e+01
5.131000000000000005e-01 -3.272173050216667889e+01
5.137000000000000455e-01 -3.291605179240804802e+01
5.141999999999999904e-01 -3.310927253725175490e+01
5.147000000000000464e-01 -3.330109120232136632e+01
5.152999999999999803e-01 -3.349213794717535109e+01
5.158000000000000362e-01 -3.368165182480600350e+01
5.162999999999999812e-01 -3.386995326902262349e+01
5.169000000000000261e-01 -3.405704875428763501e+01
5.173999999999999710e-01 -3.424280816670626848e+01
5.179000000000000270e-01 -3.442764527444007427e+01
5.184999999999999609e-01 -3.461078356718140725e+01
5.190000000000000169e-01 -3.479249884393305337e+01
5.195999999999999508e-01 -3.497287822474043395e+01
5.201000000000000068e-01 -3.515176511510105684e+01
5.205999999999999517e-01 -3.532884624384629291e+01
5.211999999999999966e-01 -3.550482846064667797e+01
5.217000000000000526e-01 -3.567916637625849319e+01
5.221999999999999975e-01 -3.585205209451783048e+01
5.228000000000000425e-01 -3.602333798562751355e+01
5.232999999999999874e-01 -3.619260224447257457e+01
5.238000000000000433e-01 -3.636060973494113568e+01
5.243999999999999773e-01 -3.652667101937962713e+01
5.249000000000000332e-01 -3.669128162588504694e+01
5.253999999999999782e-01 -3.685422858696702519e+01
5.260000000000000231e-01 -3.701512199820755455e+01
5.264999999999999680e-01 -3.717423198783851035e+01
5.271000000000000130e-01 -3.733195804890801384e+01
5.275999999999999579e-01 -3.748740722220303212e+01
5.281000000000000139e-01 -3.764153678204949216e+01
5.286999999999999478e-01 -3.779342167719018164e+01
5.292000000000000037e-01 -3.794339954946755000e+01
5.296999999999999487e-01 -3.809192825847649289e+01
5.302999999999999936e-01 -3.823822306264969484e+01
5.308000000000000496e-01 -3.838259303514492871e+01
5.312999999999999945e-01 -3.852506226564442926e+01
5.319000000000000394e-01 -3.866599822455820146e+01
5.323999999999999844e-01 -3.880457473589381578e+01
5.329000000000000403e-01 -3.894122699183186853e+01
5.334999999999999742e-01 -3.907591824116389745e+01
5.340000000000000302e-01 -3.920860954186584024e+01
5.345999999999999641e-01 -3.933937402418663254e+01
5.351000000000000201e-01 -3.946807515665251742e+01
5.355999999999999650e-01 -3.959524195932162627e+01
5.362000000000000099e-01 -3.972002578640668702e+01
5.366999999999999549e-01 -3.984274507478547633e+01
5.372000000000000108e-01 -3.996350337003768516e+01
5.377999999999999448e-01 -4.008225559680584382e+01
5.383000000000000007e-01 -4.019895004263927518e+01
5.387999999999999456e-01 -4.031365836564264526e+01
5.393999999999999906e-01 -4.042635543033097179e+01
5.399000000000000465e-01 -4.053700803015014031e+01
5.403999999999999915e-01 -4.064561442137511449e+01
5.410000000000000364e-01 -4.075228123976654615e+01
5.414999999999999813e-01 -4.085689801072322069e+01
5.421000000000000263e-01 -4.095950215383642501e+01
5.425999999999999712e-01 -4.106007269026260076e+01
5.431000000000000272e-01 -4.115826845959713154e+01
5.436999999999999611e-01 -4.125490989774843342e+01
5.442000000000000171e-01 -4.134945366042899906e+01
5.446999999999999620e-01 -4.144209987589661637e+01
5.453000000000000069e-01 -4.153270171681982248e+01
5.457999999999999519e-01 -4.162136845715063771e+01
5.463000000000000078e-01 -4.170807774083985464e+01
5.469000000000000528e-01 -4.179286132197602655e+01
5.473999999999999977e-01 -4.187564226427895875e+01
5.479000000000000536e-01 -4.195650649940365184e+01
5.484999999999999876e-01 -4.203544894929461151e+01
5.490000000000000435e-01 -4.211246593033889241e+01
5.495999999999999774e-01 -4.218763258681647699e+01
5.501000000000000334e-01 -4.226085431964738603e+01
5.505999999999999783e-01 -4.233221948308158034e+01
5.512000000000000233e-01 -4.240175800889210933e+01
5.516999999999999682e-01 -4.246939677641731947e+01
5.522000000000000242e-01 -4.253522388666178244e+01
5.527999999999999581e-01 -4.259925231726506922e+01
5.533000000000000140e-01 -4.266144807130547889e+01
5.537999999999999590e-01 -4.272184916073657490e+01
5.544000000000000039e-01 -4.278051348495505835e+01
5.548999999999999488e-01 -4.283745714534065741e+01
5.554000000000000048e-01 -4.289299178728430206e+01
5.560000000000000497e-01 -4.294645349750836516e+01
5.564999999999999947e-01 -4.299816419740616880e+01
5.571000000000000396e-01 -4.304827272743506228e+01
5.575999999999999845e-01 -4.309661709066268287e+01
5.581000000000000405e-01 -4.314335995345930286e+01
5.586999999999999744e-01 -4.318888414353113347e+01
5.592000000000000304e-01 -4.323233974496155696e+01
5.596999999999999753e-01 -4.327425753259879571e+01
5.603000000000000203e-01 -4.331457316186592976e+01
5.607999999999999652e-01 -4.335377066847988914e+01
5.613000000000000211e-01 -4.339096399610844657e+01
5.618999999999999551e-01 -4.342667260012439101e+01
5.624000000000000110e-01 -4.346129995391959966e+01
5.628999999999999559e-01 -4.349396822835843324e+01
5.635000000000000009e-01 -4.352525585915660855e+01
5.639999999999999458e-01 -4.355551900116185493e+01
5.645000000000000018e-01 -4.358388919812870199e+01
5.651000000000000467e-01 -4.361132956509278813e+01
5.655999999999999917e-01 -4.363691840801288890e+01
5.662000000000000366e-01 -4.366158024192344556e+01
5.666999999999999815e-01 -4.368447851961172290e+01
5.672000000000000375e-01 -4.370645658803138645e+01
5.677999999999999714e-01 -4.372670949035626364e+01
5.683000000000000274e-01 -4.374612954121734987e+01
5.687999999999999723e-01 -4.376382454161348079e+01
5.694000000000000172e-01 -4.378071472895519634e+01
5.698999999999999622e-01 -4.379634892011915781e+01
5.704000000000000181e-01 -4.381033582916771962e+01
5.709999999999999520e-01 -4.382356525566513028e+01
5.715000000000000080e-01 -4.383561007123019948e+01
5.719999999999999529e-01 -4.384607490165046784e+01
5.725999999999999979e-01 -4.385584259062225954e+01
5.731000000000000538e-01 -4.386443606277207152e+01
5.736999999999999877e-01 -4.387196374904583251e+01
5.742000000000000437e-01 -4.387839556268907870e+01
5.746999999999999886e-01 -4.388372384039874419e+01
5.753000000000000336e-01 -4.388759826901068806e+01
5.757999999999999785e-01 -4.389083425821857531e+01
5.763000000000000345e-01 -4.389305842954879466e+01
5.768999999999999684e-01 -4.389423386875479594e+01
5.774000000000000243e-01 -4.389445674330177383e+01
5.778999999999999693e-01 -4.389369388341192746e+01
5.785000000000000142e-01 -4.389191571421228844e+01
5.789999999999999591e-01 -4.388922111738032328e+01
5.795000000000000151e-01 -4.388599073599993261e+01
5.800999999999999490e-01 -4.388144837755280037e+01
5.806000000000000050e-01 -4.387594137004754913e+01
5.812000000000000499e-01 -4.386961209851016008e+01
5.816999999999999948e-01 -4.386229845947865158e+01
5.822000000000000508e-01 -4.385417039954920426e+01
5.827999999999999847e-01 -4.384560824922507294e+01
5.833000000000000407e-01 -4.383573342191499478e+01
5.837999999999999856e-01 -4.382505035389146286e+01
5.844000000000000306e-01 -4.381352610335481046e+01
5.848999999999999755e-01 -4.380156383510963281e+01
5.854000000000000314e-01 -4.378842019954167597e+01
5.859999999999999654e-01 -4.377448043040521952e+01
5.865000000000000213e-01 -4.376018653159736260e+01
5.869999999999999662e-01 -4.374465396193841116e+01
5.876000000000000112e-01 -4.372879627759181176e+01
5.880999999999999561e-01 -4.371169078426459720e+01
5.887000000000000011e-01 -4.369435170465668250e+01
5.891999999999999460e-01 -4.367576349905503008e+01
5.897000000000000020e-01 -4.365690780316149500e+01
5.903000000000000469e-01 -4.363687629958287317e+01
5.907999999999999918e-01 -4.361656449135706737e+01
5.913000000000000478e-01 -4.359510681300606905e+01
5.918999999999999817e-01 -4.357331699259635371e+01
5.924000000000000377e-01 -4.355044745032451914e+01
5.928999999999999826e-01 -4.352727779143253173e+01
5.935000000000000275e-01 -4.350342997564801095e+01
5.939999999999999725e-01 -4.347847686005026446e+01
5.945000000000000284e-01 -4.345323219075159216e+01
5.950999999999999623e-01 -4.342733195291817339e+01
5.956000000000000183e-01 -4.340031724433743676e+01
5.961999999999999522e-01 -4.337306925086306109e+01
5.967000000000000082e-01 -4.334519323991030859e+01
5.971999999999999531e-01 -4.331615657659119023e+01
5.977999999999999980e-01 -4.328690318284486693e+01
5.983000000000000540e-01 -4.325703953863141038e+01
5.987999999999999989e-01 -4.322651729369422213e+01
5.994000000000000439e-01 -4.319492044148095999e+01
5.998999999999999888e-01 -4.316307682810212043e+01
6.004000000000000448e-01 -4.313062052997521789e+01
6.009999999999999787e-01 -4.309751889070820852e+01
6.015000000000000346e-01 -4.306379200656819251e+01
6.019999999999999796e-01 -4.302939377550658406e+01
6.026000000000000245e-01 -4.299395014741713794e+01
6.030999999999999694e-01 -4.295829723359879182e+01
6.036000000000000254e-01 -4.292204891465851802e+01
6.041999999999999593e-01 -4.288516653304797899e+01
6.047000000000000153e-01 -4.284767236350033670e+01
6.052999999999999492e-01 -4.280952974716124260e+01
6.058000000000000052e-01 -4.277078181349845210e+01
6.062999999999999501e-01 -4.273144948068259197e+01
6.068999999999999950e-01 -4.269101895183673889e+01
6.074000000000000510e-01 -4.265043893183700874e+01
6.078999999999999959e-01 -4.260924862908490951e+01
6.085000000000000409e-01 -4.256746125845386786e+01
6.089999999999999858e-01 -4.252506103745628963e+01
6.095000000000000417e-01 -4.248199779483170602e+01
6.100999999999999757e-01 -4.243839500735509773e+01
6.106000000000000316e-01 -4.239418113498147278e+01
6.110999999999999766e-01 -4.234937381141600810e+01
6.117000000000000215e-01 -4.230396274951126401e+01
6.121999999999999664e-01 -4.225796320013031249e+01
6.128000000000000114e-01 -4.221137987882931242e+01
6.132999999999999563e-01 -4.216418258537571973e+01
6.138000000000000123e-01 -4.211640224909096730e+01
6.143999999999999462e-01 -4.206804658629652494e+01
6.149000000000000021e-01 -4.201912557883406407e+01
6.153999999999999471e-01 -4.196962523792412014e+01
6.159999999999999920e-01 -4.191952127063778022e+01
6.165000000000000480e-01 -4.186891852372787071e+01
6.169999999999999929e-01 -4.181767125797730955e+01
6.176000000000000378e-01 -4.176589188463753999e+01
6.180999999999999828e-01 -4.171354154493737099e+01
6.186000000000000387e-01 -4.166065215661918586e+01
6.191999999999999726e-01 -4.160721148514716106e+01
6.197000000000000286e-01 -4.155320446092371611e+01
6.202999999999999625e-01 -4.149865755086879204e+01
6.208000000000000185e-01 -4.144359468197476559e+01
6.212999999999999634e-01 -4.138795134106481299e+01
6.219000000000000083e-01 -4.133179909741782154e+01
6.223999999999999533e-01 -4.127514652048912325e+01
6.229000000000000092e-01 -4.121796412060795944e+01
6.235000000000000542e-01 -4.116024061120506872e+01
6.239999999999999991e-01 -4.110207227343740755e+01
6.245000000000000551e-01 -4.104336887933773426e+01
6.250999999999999890e-01 -4.098417103152485907e+01
6.256000000000000449e-01 -4.092446105644944510e+01
6.260999999999999899e-01 -4.086429556984591471e+01
6.267000000000000348e-01 -4.080365242390077896e+01
6.271999999999999797e-01 -4.074252869145529843e+01
6.278000000000000247e-01 -4.068095931617766325e+01
6.282999999999999696e-01 -4.061896469859114944e+01
6.288000000000000256e-01 -4.055650722008170561e+01
6.293999999999999595e-01 -4.049357562857628068e+01
6.299000000000000155e-01 -4.043022626537540276e+01
6.303999999999999604e-01 -4.036649169667468584e+01
6.310000000000000053e-01 -4.030267647941914788e+01
6.314999999999999503e-01 -4.023817060321258055e+01
6.320000000000000062e-01 -4.017318614204760507e+01
6.326000000000000512e-01 -4.010781397971624074e+01
6.330999999999999961e-01 -4.004211598152020457e+01
6.336000000000000520e-01 -3.997601543247655087e+01
6.341999999999999860e-01 -3.990956302038473780e+01
6.347000000000000419e-01 -3.984277424304169557e+01
6.352999999999999758e-01 -3.977561270356434875e+01
6.358000000000000318e-01 -3.970858052402218874e+01
6.362999999999999767e-01 -3.964080237274517060e+01
6.369000000000000217e-01 -3.957271359680481737e+01
6.373999999999999666e-01 -3.950435605727378885e+01
6.379000000000000226e-01 -3.943565843538333837e+01
6.384999999999999565e-01 -3.936709904968832774e+01
6.390000000000000124e-01 -3.929793698809395153e+01
6.394999999999999574e-01 -3.922847931417008738e+01
6.401000000000000023e-01 -3.915876716069831787e+01
6.405999999999999472e-01 -3.908885385647400312e+01
6.411000000000000032e-01 -3.901909765874698621e+01
6.417000000000000481e-01 -3.894871780437106423e+01
6.421999999999999931e-01 -3.887820255256560387e+01
6.428000000000000380e-01 -3.880748213198892671e+01
6.432999999999999829e-01 -3.873696755140930037e+01
6.438000000000000389e-01 -3.866589318390449392e+01
6.443999999999999728e-01 -3.859468460221691544e+01
6.449000000000000288e-01 -3.852372406711836561e+01
6.453999999999999737e-01 -3.845226862445416316e+01
6.460000000000000187e-01 -3.838103462630646590e+01
6.464999999999999636e-01 -3.830934690890355654e+01
6.470000000000000195e-01 -3.823757898521924403e+01
6.475999999999999535e-01 -3.816611484793031650e+01
6.481000000000000094e-01 -3.809418518872775650e+01
6.485999999999999543e-01 -3.802259777592924905e+01
6.491999999999999993e-01 -3.795052443571530176e+01
6.497000000000000552e-01 -3.787886387652719833e+01
6.502000000000000002e-01 -3.780682929395089786e+01
6.508000000000000451e-01 -3.773506213989564628e+01
6.512999999999999901e-01 -3.766300333789023824e+01
6.519000000000000350e-01 -3.759131506377266874e+01
6.523999999999999799e-01 -3.751927331823316791e+01
6.529000000000000359e-01 -3.744763583374416527e+01
6.534999999999999698e-01 -3.737602199246760648e+01
6.540000000000000258e-01 -3.730414013322543099e+01
6.544999999999999707e-01 -3.723268961751637818e+01
6.551000000000000156e-01 -3.716124083347658313e+01
6.555999999999999606e-01 -3.708997342210195569e+01
6.561000000000000165e-01 -3.701838777477294684e+01
6.566999999999999504e-01 -3.694729548947782405e+01
6.572000000000000064e-01 -3.687629611221399983e+01
6.576999999999999513e-01 -3.680546590061140222e+01
6.582999999999999963e-01 -3.673435750585871773e+01
6.588000000000000522e-01 -3.666376963581908655e+01
6.593999999999999861e-01 -3.659336582653344294e+01
6.599000000000000421e-01 -3.652309626811621257e+01
6.603999999999999870e-01 -3.645301803107505378e+01
6.610000000000000320e-01 -3.638310135726904093e+01
6.614999999999999769e-01 -3.631336864718400648e+01
6.620000000000000329e-01 -3.624383639973615345e+01
6.625999999999999668e-01 -3.617453876081181363e+01
6.631000000000000227e-01 -3.610540095918649683e+01
6.635999999999999677e-01 -3.603651864814224126e+01
6.642000000000000126e-01 -3.596781818555338361e+01
6.646999999999999575e-01 -3.589937215902804013e+01
6.652000000000000135e-01 -3.583118883988969827e+01
6.657999999999999474e-01 -3.576318151779108945e+01
6.663000000000000034e-01 -3.569583388825616765e+01
6.669000000000000483e-01 -3.562840795794998172e+01
6.673999999999999932e-01 -3.556118674256257606e+01
6.679000000000000492e-01 -3.549423641417384800e+01
6.684999999999999831e-01 -3.542754824682650394e+01
6.690000000000000391e-01 -3.536151137234904240e+01
6.694999999999999840e-01 -3.529538446254031214e+01
6.701000000000000290e-01 -3.522954243163616894e+01
6.705999999999999739e-01 -3.516432941955920910e+01
6.711000000000000298e-01 -3.509906047043633492e+01
6.716999999999999638e-01 -3.503403764246255037e+01
6.722000000000000197e-01 -3.496971439045368868e+01
6.726999999999999647e-01 -3.490527750839611798e+01
6.733000000000000096e-01 -3.484152341967705979e+01
6.737999999999999545e-01 -3.477769581808600918e+01
6.743999999999999995e-01 -3.471419817300008503e+01
6.749000000000000554e-01 -3.465135168260103882e+01
6.754000000000000004e-01 -3.458878134958712280e+01
6.760000000000000453e-01 -3.452613635202826714e+01
6.764999999999999902e-01 -3.446418165118291910e+01
6.770000000000000462e-01 -3.440221365349551519e+01
6.775999999999999801e-01 -3.434080216296813859e+01
6.781000000000000361e-01 -3.427943397359209143e+01
6.785999999999999810e-01 -3.421865028328198832e+01
6.792000000000000259e-01 -3.415783059349120521e+01
6.796999999999999709e-01 -3.409769654556364316e+01
6.802000000000000268e-01 -3.403782622758159704e+01
6.807999999999999607e-01 -3.397787875324774376e+01
6.813000000000000167e-01 -3.391859256502264941e+01
6.818999999999999506e-01 -3.385959583688130436e+01
6.824000000000000066e-01 -3.380056527016657242e+01
6.828999999999999515e-01 -3.374214554979270986e+01
6.834999999999999964e-01 -3.368402898892919239e+01
6.840000000000000524e-01 -3.362616092539160917e+01
6.844999999999999973e-01 -3.356823797626873329e+01
6.851000000000000423e-01 -3.351093520457348518e+01
6.855999999999999872e-01 -3.345390295872619646e+01
6.861000000000000432e-01 -3.339715261993077888e+01
6.866999999999999771e-01 -3.334029677481593978e+01
6.872000000000000330e-01 -3.328407302328083972e+01
6.876999999999999780e-01 -3.322807574923812979e+01
6.883000000000000229e-01 -3.317233669849489530e+01
6.887999999999999678e-01 -3.311685216877636151e+01
6.893000000000000238e-01 -3.306126827168691307e+01
6.898999999999999577e-01 -3.300624001338812974e+01
6.904000000000000137e-01 -3.295147533624155756e+01
6.909999999999999476e-01 -3.289691656146819554e+01
6.915000000000000036e-01 -3.284259981821990237e+01
6.919999999999999485e-01 -3.278852752336382537e+01
6.925999999999999934e-01 -3.273428925312197180e+01
6.931000000000000494e-01 -3.268065802499924644e+01
6.935999999999999943e-01 -3.262720480761515063e+01
6.942000000000000393e-01 -3.257392632808330291e+01
6.946999999999999842e-01 -3.252088334509581813e+01
6.952000000000000401e-01 -3.246801213464951985e+01
6.957999999999999741e-01 -3.241498908236990673e+01
6.963000000000000300e-01 -3.236249870566283704e+01
6.967999999999999750e-01 -3.231019747555946253e+01
6.974000000000000199e-01 -3.225802626139807927e+01
6.978999999999999648e-01 -3.220607907779283607e+01
6.985000000000000098e-01 -3.215426192029007524e+01
6.989999999999999547e-01 -3.210230908473062783e+01
6.995000000000000107e-01 -3.205078257942825104e+01
7.000999999999999446e-01 -3.199946144235342516e+01
7.006000000000000005e-01 -3.194828918166162524e+01
7.010999999999999455e-01 -3.189724402324875285e+01
7.016999999999999904e-01 -3.184632105884780984e+01
7.022000000000000464e-01 -3.179526504753101790e+01
7.026999999999999913e-01 -3.174459758616798055e+01
7.033000000000000362e-01 -3.169406168594159823e+01
7.037999999999999812e-01 -3.164367727049853585e+01
7.043000000000000371e-01 -3.159344208664709797e+01
7.048999999999999710e-01 -3.154300059536489087e+01
7.054000000000000270e-01 -3.149298883919925274e+01
7.059999999999999609e-01 -3.144307408755720346e+01
7.065000000000000169e-01 -3.139326460562698884e+01
7.069999999999999618e-01 -3.134357445646450202e+01
7.076000000000000068e-01 -3.129366708081213133e+01
7.080999999999999517e-01 -3.124419721248555248e+01
7.086000000000000076e-01 -3.119483208066754187e+01
7.092000000000000526e-01 -3.114552450266296191e+01
7.096999999999999975e-01 -3.109606919629737831e+01
7.102000000000000535e-01 -3.104696278118627006e+01
7.107999999999999874e-01 -3.099797819142599309e+01
7.113000000000000433e-01 -3.094911750829986374e+01
7.117999999999999883e-01 -3.090002276846698948e+01
7.124000000000000332e-01 -3.085133190813289872e+01
7.128999999999999782e-01 -3.080271822269417470e+01
7.135000000000000231e-01 -3.075422072216158043e+01
7.139999999999999680e-01 -3.070551932444842791e+01
7.145000000000000240e-01 -3.065719188042986687e+01
7.150999999999999579e-01 -3.060900042730550652e+01
7.156000000000000139e-01 -3.056089863066942058e+01
7.160999999999999588e-01 -3.051257987117947579e+01
7.167000000000000037e-01 -3.046464517966494157e+01
7.171999999999999487e-01 -3.041684727915473019e+01
7.177000000000000046e-01 -3.036916213808633103e+01
7.183000000000000496e-01 -3.032124416424763069e+01
7.187999999999999945e-01 -3.027376890567036227e+01
7.193000000000000504e-01 -3.022640476691456257e+01
7.198999999999999844e-01 -3.017883183181185913e+01
7.204000000000000403e-01 -3.013170949749704874e+01
7.209999999999999742e-01 -3.008469029798745709e+01
7.215000000000000302e-01 -3.003780422461064248e+01
7.219999999999999751e-01 -2.999074541424357321e+01
7.226000000000000201e-01 -2.994410892893557374e+01
7.230999999999999650e-01 -2.989763275052832370e+01
7.236000000000000210e-01 -2.985124663605478545e+01
7.241999999999999549e-01 -2.980475978536186332e+01
7.247000000000000108e-01 -2.975870825910152817e+01
7.251999999999999558e-01 -2.971281506599970612e+01
7.258000000000000007e-01 -2.966676136813087794e+01
7.262999999999999456e-01 -2.962119669598423854e+01
7.268000000000000016e-01 -2.957581047975644850e+01
7.274000000000000465e-01 -2.953057457992084167e+01
7.278999999999999915e-01 -2.948553009470910169e+01
7.285000000000000364e-01 -2.944036950765219629e+01
7.289999999999999813e-01 -2.939569566572241754e+01
7.295000000000000373e-01 -2.935125438705451728e+01
7.300999999999999712e-01 -2.930698664717351676e+01
7.306000000000000272e-01 -2.926296990603440662e+01
7.310999999999999721e-01 -2.921884302397683797e+01
7.317000000000000171e-01 -2.917522402180883034e+01
7.321999999999999620e-01 -2.913187113825230767e+01
7.327000000000000179e-01 -2.908874386767849884e+01
7.332999999999999519e-01 -2.904583833477489918e+01
7.338000000000000078e-01 -2.900322028837302923e+01
7.342999999999999527e-01 -2.896086297732877668e+01
7.348999999999999977e-01 -2.891875057065441368e+01
7.354000000000000536e-01 -2.887692637027214815e+01
7.358999999999999986e-01 -2.883538403494562985e+01
7.365000000000000435e-01 -2.879410976317274162e+01
7.369999999999999885e-01 -2.875315037007408492e+01
7.376000000000000334e-01 -2.871249216960625716e+01
7.380999999999999783e-01 -2.867214166588839319e+01
7.386000000000000343e-01 -2.863207732593668453e+01
7.391999999999999682e-01 -2.859235726576638825e+01
7.397000000000000242e-01 -2.855296256046718284e+01
7.401999999999999691e-01 -2.851390616038795400e+01
7.408000000000000140e-01 -2.847518130700235162e+01
7.412999999999999590e-01 -2.843681237410508800e+01
7.418000000000000149e-01 -2.839880994164950678e+01
7.423999999999999488e-01 -2.836143700423955494e+01
7.429000000000000048e-01 -2.832415711489619525e+01
7.433999999999999497e-01 -2.828725466972133518e+01
7.439999999999999947e-01 -2.825071520157579030e+01
7.445000000000000506e-01 -2.821460875740194041e+01
7.450999999999999845e-01 -2.817910120715921707e+01
7.456000000000000405e-01 -2.814377785202034588e+01
7.460999999999999854e-01 -2.810879145425371561e+01
7.467000000000000304e-01 -2.807458695161193774e+01
7.471999999999999753e-01 -2.804045247718161704e+01
7.477000000000000313e-01 -2.800703264233421308e+01
7.482999999999999652e-01 -2.797374207186161854e+01
7.488000000000000211e-01 -2.794090098093156627e+01
7.492999999999999661e-01 -2.790876415880344652e+01
7.499000000000000110e-01 -2.787680478933404160e+01
7.503999999999999559e-01 -2.784553716091797781e+01
7.509000000000000119e-01 -2.781443596203466484e+01
7.514999999999999458e-01 -2.778406925434799746e+01
7.520000000000000018e-01 -2.775417357447665623e+01
7.526000000000000467e-01 -2.772442266174509484e+01
7.530999999999999917e-01 -2.769545949565030796e+01
7.536000000000000476e-01 -2.766660436498859355e+01
7.541999999999999815e-01 -2.763855602076503359e+01
7.547000000000000375e-01 -2.761092994967942360e+01
7.551999999999999824e-01 -2.758352768488710538e+01
7.558000000000000274e-01 -2.755684670354850851e+01
7.562999999999999723e-01 -2.753063331582987061e+01
7.568000000000000282e-01 -2.750493371571103296e+01
7.573999999999999622e-01 -2.747965335453378088e+01
7.579000000000000181e-01 -2.745461096180451577e+01
7.583999999999999631e-01 -2.743028512695711640e+01
7.590000000000000080e-01 -2.740642298817457601e+01
7.594999999999999529e-01 -2.738304703425518127e+01
7.600999999999999979e-01 -2.736017003904635558e+01
7.606000000000000538e-01 -2.733774493461546129e+01
7.610999999999999988e-01 -2.731578339346783935e+01
7.617000000000000437e-01 -2.729429170448535302e+01
7.621999999999999886e-01 -2.727298963609242577e+01
7.627000000000000446e-01 -2.725244675268049477e+01
7.632999999999999785e-01 -2.723230640268614167e+01
7.638000000000000345e-01 -2.721268569119861880e+01
7.642999999999999794e-01 -2.719349319167773515e+01
7.649000000000000243e-01 -2.717476104596275377e+01
7.653999999999999693e-01 -2.715644917760409172e+01
7.659000000000000252e-01 -2.713860463298757608e+01
7.664999999999999591e-01 -2.712117678945189425e+01
7.670000000000000151e-01 -2.710448030902597694e+01
7.675999999999999490e-01 -2.708791795595350749e+01
7.681000000000000050e-01 -2.707184958287061605e+01
7.685999999999999499e-01 -2.705611519319807812e+01
7.691999999999999948e-01 -2.704082572931368489e+01
7.697000000000000508e-01 -2.702597217796813567e+01
7.701999999999999957e-01 -2.701150073279327302e+01
7.708000000000000407e-01 -2.699744554025355825e+01
7.712999999999999856e-01 -2.698372187135101186e+01
7.718000000000000416e-01 -2.697045733714117688e+01
7.723999999999999755e-01 -2.695753644755162526e+01
7.729000000000000314e-01 -2.694523722362587748e+01
7.733999999999999764e-01 -2.693307805943151578e+01
7.740000000000000213e-01 -2.692121442904550577e+01
7.744999999999999662e-01 -2.690976124539748326e+01
7.750000000000000222e-01 -2.689859191469615851e+01
7.755999999999999561e-01 -2.688778141439371439e+01
7.761000000000000121e-01 -2.687731110875621354e+01
7.766999999999999460e-01 -2.686710982757230681e+01
7.772000000000000020e-01 -2.685726838144455897e+01
7.776999999999999469e-01 -2.684769107386919984e+01
7.782999999999999918e-01 -2.683841293818616691e+01
7.788000000000000478e-01 -2.682968808985931375e+01
7.792999999999999927e-01 -2.682097407598373096e+01
7.799000000000000377e-01 -2.681249816539344266e+01
7.803999999999999826e-01 -2.680430048049008818e+01
7.809000000000000385e-01 -2.679632721916666327e+01
7.814999999999999725e-01 -2.678857147161443919e+01
7.820000000000000284e-01 -2.678108765489307075e+01
7.824999999999999734e-01 -2.677379343404009049e+01
7.831000000000000183e-01 -2.676670582794169562e+01
7.835999999999999632e-01 -2.675983594492589290e+01
7.842000000000000082e-01 -2.675313445599906359e+01
7.846999999999999531e-01 -2.674660155525335270e+01
7.852000000000000091e-01 -2.673999863503793861e+01
7.858000000000000540e-01 -2.673380496649943439e+01
7.862999999999999989e-01 -2.672774500832423428e+01
7.868000000000000549e-01 -2.672184781869131243e+01
7.873999999999999888e-01 -2.671606557046725072e+01
7.879000000000000448e-01 -2.671041353655451545e+01
7.883999999999999897e-01 -2.670487740126760912e+01
7.890000000000000346e-01 -2.669918448470846073e+01
7.894999999999999796e-01 -2.669384018041462525e+01
7.900000000000000355e-01 -2.668858607519148052e+01
7.905999999999999694e-01 -2.668341797882793642e+01
7.911000000000000254e-01 -2.667803422666656132e+01
7.916999999999999593e-01 -2.667300084874437260e+01
7.922000000000000153e-01 -2.666800677571020728e+01
7.926999999999999602e-01 -2.666276506131589841e+01
7.933000000000000052e-01 -2.665785672829662545e+01
7.937999999999999501e-01 -2.665296266008037307e+01
7.943000000000000060e-01 -2.664781295493644819e+01
7.949000000000000510e-01 -2.664296067433604165e+01
7.953999999999999959e-01 -2.663782693759197429e+01
7.959000000000000519e-01 -2.663295563232921381e+01
7.964999999999999858e-01 -2.662780396341062428e+01
7.970000000000000417e-01 -2.662291365545517863e+01
7.974999999999999867e-01 -2.661774198037501549e+01
7.981000000000000316e-01 -2.661280575527692349e+01
7.985999999999999766e-01 -2.660755307519147905e+01
7.992000000000000215e-01 -2.660252983910855207e+01
7.996999999999999664e-01 -2.659720815497606239e+01
8.002000000000000224e-01 -2.659181124054213896e+01
8.007999999999999563e-01 -2.658662999135450278e+01
8.013000000000000123e-01 -2.658113435617197240e+01
8.017999999999999572e-01 -2.657554746023882686e+01
8.024000000000000021e-01 -2.656988745291025467e+01
8.028999999999999471e-01 -2.656443230876374173e+01
8.034000000000000030e-01 -2.655863570306147636e+01
8.040000000000000480e-01 -2.655277065044455398e+01
8.044999999999999929e-01 -2.654681189153810550e+01
8.050000000000000488e-01 -2.654076499213606155e+01
8.055999999999999828e-01 -2.653461292699257257e+01
8.061000000000000387e-01 -2.652867187072473598e+01
8.066999999999999726e-01 -2.652231812163612545e+01
8.072000000000000286e-01 -2.651590241996644792e+01
8.076999999999999735e-01 -2.650939352634589241e+01
8.083000000000000185e-01 -2.650277637505818262e+01
8.087999999999999634e-01 -2.649606376338705260e+01
8.093000000000000194e-01 -2.648925087786058796e+01
8.098999999999999533e-01 -2.648235264582470805e+01
8.104000000000000092e-01 -2.647533112068324002e+01
8.108999999999999542e-01 -2.646825418312334932e+01
8.114999999999999991e-01 -2.646105593489929220e+01
8.120000000000000551e-01 -2.645377542016450789e+01
8.125000000000000000e-01 -2.644639153810694054e+01
8.131000000000000449e-01 -2.643892719121209112e+01
8.135999999999999899e-01 -2.643135775433473000e+01
8.142000000000000348e-01 -2.642347859109860053e+01
8.146999999999999797e-01 -2.641572496709362383e+01
8.152000000000000357e-01 -2.640795098906329130e+01
8.157999999999999696e-01 -2.640006060169800151e+01
8.163000000000000256e-01 -2.639212118216511627e+01
8.167999999999999705e-01 -2.638411325963710397e+01
8.174000000000000155e-01 -2.637601280405020887e+01
8.178999999999999604e-01 -2.636763868515489406e+01
8.184000000000000163e-01 -2.635942849320936787e+01
8.189999999999999503e-01 -2.635118494184242977e+01
8.195000000000000062e-01 -2.634289658571323756e+01
8.199999999999999512e-01 -2.633460858340064092e+01
8.205999999999999961e-01 -2.632622307867106670e+01
8.211000000000000520e-01 -2.631761994994721121e+01
8.215999999999999970e-01 -2.630921072331274146e+01
8.222000000000000419e-01 -2.630079910372419860e+01
8.226999999999999869e-01 -2.629238573025052972e+01
8.233000000000000318e-01 -2.628398209601554214e+01
8.237999999999999767e-01 -2.627557472331274013e+01
8.243000000000000327e-01 -2.626692600082433771e+01
8.248999999999999666e-01 -2.625858103916420561e+01
8.254000000000000226e-01 -2.625022766087262838e+01
8.258999999999999675e-01 -2.624193958340064015e+01
8.265000000000000124e-01 -2.623370992835228321e+01
8.269999999999999574e-01 -2.622552646430191103e+01
8.275000000000000133e-01 -2.621738141804997824e+01
8.280999999999999472e-01 -2.620910996882272670e+01
8.286000000000000032e-01 -2.620112623304224186e+01
8.290999999999999481e-01 -2.619327008387975653e+01
8.296999999999999931e-01 -2.618544853521084903e+01
8.302000000000000490e-01 -2.617782182024373583e+01
8.307999999999999829e-01 -2.617025029431535899e+01
8.313000000000000389e-01 -2.616283457626478537e+01
8.317999999999999838e-01 -2.615555941207042068e+01
8.324000000000000288e-01 -2.614839290406466787e+01
8.328999999999999737e-01 -2.614144004089865447e+01
8.334000000000000297e-01 -2.613461888711097458e+01
8.339999999999999636e-01 -2.612797040492921852e+01
8.345000000000000195e-01 -2.612148749743843368e+01
8.349999999999999645e-01 -2.611524521761423756e+01
8.356000000000000094e-01 -2.610919682678004961e+01
8.360999999999999543e-01 -2.610359347989589551e+01
8.366000000000000103e-01 -2.609796850417815861e+01
8.372000000000000552e-01 -2.609254322646849644e+01
8.377000000000000002e-01 -2.608738896071794144e+01
8.383000000000000451e-01 -2.608250170806140744e+01
8.387999999999999901e-01 -2.607813205302374371e+01
8.393000000000000460e-01 -2.607374307499341270e+01
8.398999999999999799e-01 -2.606966093237793558e+01
8.404000000000000359e-01 -2.606585939624628523e+01
8.408999999999999808e-01 -2.606260676028220047e+01
8.415000000000000258e-01 -2.605940408538940289e+01
8.419999999999999707e-01 -2.605680100984458036e+01
8.425000000000000266e-01 -2.605425594277927459e+01
8.430999999999999606e-01 -2.605201915456924056e+01
8.436000000000000165e-01 -2.605040286857811793e+01
8.440999999999999615e-01 -2.604888475526087888e+01
8.447000000000000064e-01 -2.604798386722375270e+01
8.451999999999999513e-01 -2.604746659780624185e+01
8.457999999999999963e-01 -2.604705239892292923e+01
8.463000000000000522e-01 -2.604730670514392443e+01
8.467999999999999972e-01 -2.604769355251254126e+01
8.474000000000000421e-01 -2.604873799305686433e+01
8.478999999999999870e-01 -2.605018732336740683e+01
8.484000000000000430e-01 -2.605182210945221399e+01
8.489999999999999769e-01 -2.605414076545345736e+01
8.495000000000000329e-01 -2.605689181786696906e+01
8.499999999999999778e-01 -2.606008231025199606e+01
8.506000000000000227e-01 -2.606370550894259353e+01
8.510999999999999677e-01 -2.606755454825139040e+01
8.516000000000000236e-01 -2.607213969721581392e+01
8.521999999999999575e-01 -2.607721011463951299e+01
8.527000000000000135e-01 -2.608273760682648046e+01
8.532999999999999474e-01 -2.608878417418353024e+01
8.538000000000000034e-01 -2.609532643318366496e+01
8.542999999999999483e-01 -2.610236785734709031e+01
8.548999999999999932e-01 -2.610989874422791601e+01
8.554000000000000492e-01 -2.611794769064206889e+01
8.558999999999999941e-01 -2.612681874132113080e+01
8.565000000000000391e-01 -2.613594620635112520e+01
8.569999999999999840e-01 -2.614564378390610599e+01
