0.000000000000000000e+00 -4.635711554719023297e+01
1.299999999999999940e-03 -5.314505789429222915e+01
2.599999999999999881e-03 -6.032522356492637527e+01
4.000000000000000083e-03 -6.790873374778637128e+01
5.300000000000000024e-03 -7.586483704481959478e+01
6.599999999999999964e-03 -8.418719431443346934e+01
7.900000000000000772e-03 -9.285313713034061323e+01
9.299999999999999239e-03 -1.018687223966929309e+02
1.060000000000000005e-02 -1.111919484744755096e+02
1.190000000000000085e-02 -1.208106218458842420e+02
1.319999999999999993e-02 -1.307023864595196869e+02
1.450000000000000074e-02 -1.408351112743706040e+02
1.590000000000000094e-02 -1.512108071735356418e+02
1.720000000000000001e-02 -1.617773620987640584e+02
1.849999999999999908e-02 -1.725167628796080237e+02
1.980000000000000163e-02 -1.833911235690655985e+02
2.120000000000000009e-02 -1.944022535216153358e+02
2.249999999999999917e-02 -2.054917691303730862e+02
2.380000000000000171e-02 -2.166415728744061937e+02
2.510000000000000078e-02 -2.278118593297138830e+02
2.649999999999999925e-02 -2.390037700051724983e+02
2.779999999999999832e-02 -2.501590216746265867e+02
2.910000000000000087e-02 -2.612591698874905433e+02
3.039999999999999994e-02 -2.722776363493208578e+02
3.169999999999999901e-02 -2.831767991014156109e+02
3.309999999999999748e-02 -2.939607987525955650e+02
3.440000000000000002e-02 -3.045754175922020295e+02
3.570000000000000256e-02 -3.150071054853211763e+02
3.699999999999999817e-02 -3.252241778999041912e+02
3.839999999999999664e-02 -3.352329129932914498e+02
3.969999999999999918e-02 -3.449869981405992689e+02
4.100000000000000172e-02 -3.544781167468845524e+02
4.229999999999999732e-02 -3.636891929557144181e+02
4.359999999999999987e-02 -3.725997614729055840e+02
4.499999999999999833e-02 -3.812184426474120755e+02
4.630000000000000088e-02 -3.895124128067428160e+02
4.760000000000000342e-02 -3.974793609806442305e+02
4.889999999999999902e-02 -4.051063794057708378e+02
5.029999999999999749e-02 -4.124067924274501138e+02
5.160000000000000003e-02 -4.193573041041583451e+02
5.290000000000000258e-02 -4.259619478617507866e+02
5.419999999999999818e-02 -4.322145170607831801e+02
5.559999999999999665e-02 -4.381327685632407452e+02
5.689999999999999919e-02 -4.437018459672418658e+02
5.820000000000000173e-02 -4.489316061337514157e+02
5.949999999999999734e-02 -4.538262938294783453e+02
6.079999999999999988e-02 -4.583891244566538035e+02
6.219999999999999835e-02 -4.626372601737198806e+02
6.350000000000000089e-02 -4.665683789410867917e+02
6.479999999999999649e-02 -4.701950117592356264e+02
6.610000000000000597e-02 -4.735239290746732195e+02
6.750000000000000444e-02 -4.765732194165564692e+02
6.880000000000000004e-02 -4.793459942557284990e+02
7.009999999999999565e-02 -4.818549933071422515e+02
7.140000000000000513e-02 -4.841119499352332696e+02
7.270000000000000073e-02 -4.861271139559461858e+02
7.409999999999999920e-02 -4.879152711583693645e+02
7.539999999999999480e-02 -4.894845357591452171e+02
7.670000000000000429e-02 -4.908459757196692408e+02
7.799999999999999989e-02 -4.920104598150670085e+02
7.939999999999999836e-02 -4.929912587268324273e+02
8.069999999999999396e-02 -4.937957941890456937e+02
8.200000000000000344e-02 -4.944336379992845991e+02
8.329999999999999905e-02 -4.949148769881279577e+02
8.459999999999999465e-02 -4.952470944209032382e+02
8.599999999999999312e-02 -4.954393654749434859e+02
8.730000000000000260e-02 -4.954979576805723696e+02
8.859999999999999820e-02 -4.954292581030824181e+02
8.989999999999999380e-02 -4.952407523205033044e+02
9.130000000000000615e-02 -4.949357654078495443e+02
9.260000000000000175e-02 -4.945208853261527224e+02
9.389999999999999736e-02 -4.939988197097207490e+02
9.520000000000000684e-02 -4.933737471164224075e+02
9.660000000000000531e-02 -4.926478074350317797e+02
9.790000000000000091e-02 -4.918236276024533140e+02
9.919999999999999651e-02 -4.909039620671185844e+02
1.005000000000000060e-01 -4.898894916186597470e+02
1.018000000000000016e-01 -4.887824089126647777e+02
1.032000000000000001e-01 -4.875801200378394924e+02
1.044999999999999957e-01 -4.862859046770872169e+02
1.058000000000000052e-01 -4.849002802597742061e+02
1.071000000000000008e-01 -4.834229481129902410e+02
1.084999999999999992e-01 -4.818509937355145780e+02
1.097999999999999948e-01 -4.801878813919548179e+02
1.111000000000000043e-01 -4.784316821366712134e+02
1.123999999999999999e-01 -4.765830295573288709e+02
1.136999999999999955e-01 -4.746424203951777372e+02
1.150999999999999940e-01 -4.726063571819759090e+02
1.164000000000000035e-01 -4.704790987777856230e+02
1.176999999999999991e-01 -4.682598864907865845e+02
1.189999999999999947e-01 -4.659514013306510947e+02
1.203999999999999931e-01 -4.635474546372591362e+02
1.217000000000000026e-01 -4.610572827229181030e+02
1.229999999999999982e-01 -4.584787114465024160e+02
1.242999999999999938e-01 -4.558160865241529223e+02
1.257000000000000062e-01 -4.530649068357928400e+02
1.270000000000000018e-01 -4.502342463612537813e+02
1.282999999999999974e-01 -4.473247449744212645e+02
1.295999999999999930e-01 -4.443386961077532078e+02
1.308999999999999886e-01 -4.412818300636420759e+02
1.323000000000000009e-01 -4.381498862771229028e+02
1.335999999999999965e-01 -4.349541787461882905e+02
1.348999999999999921e-01 -4.316950353155132802e+02
1.361999999999999877e-01 -4.283804444832511535e+02
1.376000000000000001e-01 -4.250046042526700489e+02
1.388999999999999957e-01 -4.215804896024786785e+02
1.401999999999999913e-01 -4.181087871891614327e+02
1.414999999999999869e-01 -4.145940534023077930e+02
1.428000000000000103e-01 -4.110425143067458862e+02
1.441999999999999948e-01 -4.074488120820496420e+02
1.454999999999999905e-01 -4.038258524951455115e+02
1.468000000000000138e-01 -4.001746372598151993e+02
1.481000000000000094e-01 -3.965001821052234732e+02
1.494999999999999940e-01 -3.927969181314494449e+02
1.507999999999999896e-01 -3.890768769649241676e+02
1.521000000000000130e-01 -3.853391969475664496e+02
1.534000000000000086e-01 -3.815861564386506188e+02
1.547000000000000042e-01 -3.778224201742823425e+02
1.560999999999999888e-01 -3.740396503221725766e+02
1.574000000000000121e-01 -3.702489222408144656e+02
1.587000000000000077e-01 -3.664465797272591203e+02
1.600000000000000033e-01 -3.626380151430439014e+02
1.613999999999999879e-01 -3.588116691626609622e+02
1.627000000000000113e-01 -3.549779657840591653e+02
1.640000000000000069e-01 -3.511319391082136008e+02
1.653000000000000025e-01 -3.472763087552722823e+02
1.666999999999999871e-01 -3.433997005608559334e+02
1.680000000000000104e-01 -3.395099931607786061e+02
1.693000000000000060e-01 -3.356025568240016241e+02
1.706000000000000016e-01 -3.316739262940495223e+02
1.718999999999999972e-01 -3.277263294453977096e+02
1.733000000000000096e-01 -3.237458222839316591e+02
1.746000000000000052e-01 -3.197410495021914016e+02
1.759000000000000008e-01 -3.157044633732081138e+02
1.771999999999999964e-01 -3.116378245482391094e+02
1.786000000000000087e-01 -3.075262578134540945e+02
1.799000000000000044e-01 -3.033782170213087852e+02
1.812000000000000000e-01 -2.991876773350713279e+02
1.824999999999999956e-01 -2.949506143573210579e+02
1.837999999999999912e-01 -2.906695564110315217e+02
1.852000000000000035e-01 -2.863290354384840839e+02
1.864999999999999991e-01 -2.819387004130128958e+02
1.877999999999999947e-01 -2.774929338696078389e+02
1.890999999999999903e-01 -2.729934281999163090e+02
1.905000000000000027e-01 -2.684263934439551917e+02
1.917999999999999983e-01 -2.638026682509020588e+02
1.930999999999999939e-01 -2.591176475218919677e+02
1.943999999999999895e-01 -2.543738240793920795e+02
1.958000000000000018e-01 -2.495585078180275218e+02
1.970999999999999974e-01 -2.446843961078709810e+02
1.983999999999999930e-01 -2.397478295452209807e+02
1.996999999999999886e-01 -2.347488415554046526e+02
2.010000000000000120e-01 -2.296936675508074757e+02
2.023999999999999966e-01 -2.245694552073968850e+02
2.036999999999999922e-01 -2.193925734269394638e+02
2.049999999999999878e-01 -2.141592122389997428e+02
2.063000000000000111e-01 -2.088775027008645964e+02
2.076999999999999957e-01 -2.035352679745328430e+02
2.089999999999999913e-01 -1.981511450578044276e+02
2.102999999999999869e-01 -1.927223354162267697e+02
2.116000000000000103e-01 -1.872529363513743306e+02
2.129000000000000059e-01 -1.817524734858207296e+02
2.142999999999999905e-01 -1.762093926631324337e+02
2.156000000000000139e-01 -1.706440892061031320e+02
2.169000000000000095e-01 -1.650552955347666568e+02
2.182000000000000051e-01 -1.594526685374736701e+02
2.195999999999999897e-01 -1.538278298292233046e+02
2.209000000000000130e-01 -1.481991827212631563e+02
2.222000000000000086e-01 -1.425682327989080136e+02
2.235000000000000042e-01 -1.369402762891485565e+02
2.247999999999999998e-01 -1.313250083368227479e+02
2.262000000000000122e-01 -1.257140980682190161e+02
2.275000000000000078e-01 -1.201281885094558533e+02
2.288000000000000034e-01 -1.145671322174428042e+02
2.300999999999999990e-01 -1.090427490626150018e+02
2.315000000000000113e-01 -1.035459081367321232e+02
2.328000000000000069e-01 -9.809641007270539603e+01
2.341000000000000025e-01 -9.269642750731986780e+01
2.353999999999999981e-01 -8.735537493270540210e+01
2.368000000000000105e-01 -8.206523448817436872e+01
2.381000000000000061e-01 -7.684634906472967941e+01
2.394000000000000017e-01 -7.169940992522769818e+01
2.406999999999999973e-01 -6.662974189840791439e+01
2.419999999999999929e-01 -6.164806541312550792e+01
2.434000000000000052e-01 -5.674658280862647786e+01
2.447000000000000008e-01 -5.194344717086146801e+01
2.459999999999999964e-01 -4.723981806721417342e+01
2.472999999999999921e-01 -4.264488512294384748e+01
2.487000000000000044e-01 -3.815181551354172740e+01
2.500000000000000000e-01 -3.377746680174940508e+01
2.513000000000000234e-01 -2.952270537166919340e+01
2.525999999999999912e-01 -2.539218827316998883e+01
2.539000000000000146e-01 -2.139373244611588376e+01
2.553000000000000269e-01 -1.752143874475570939e+01
2.565999999999999948e-01 -1.378956626274114150e+01
2.579000000000000181e-01 -1.019860094664751315e+01
2.591999999999999860e-01 -6.755030668805248162e+00
2.605999999999999983e-01 -3.453508011698704472e+00
2.619000000000000217e-01 -3.058434108665938345e-01
2.631999999999999895e-01 2.688083594647610930e+00
2.645000000000000129e-01 5.523433728469753667e+00
2.659000000000000252e-01 8.205104897936788433e+00
2.671999999999999931e-01 1.072421772650750427e+01
2.685000000000000164e-01 1.308165654991698013e+01
2.697999999999999843e-01 1.527636767043972199e+01
2.711000000000000076e-01 1.730600729218618028e+01
2.725000000000000200e-01 1.917526413414514508e+01
2.737999999999999878e-01 2.087922930676738531e+01
2.751000000000000112e-01 2.242019079618695443e+01
2.763999999999999790e-01 2.379808421342426783e+01
2.777999999999999914e-01 2.501754573280990002e+01
2.791000000000000147e-01 2.607724905862169607e+01
2.803999999999999826e-01 2.698057382288327233e+01
2.817000000000000060e-01 2.773040601260237281e+01
2.829999999999999738e-01 2.832948096720485154e+01
2.843999999999999861e-01 2.878282099400239247e+01
2.857000000000000095e-01 2.909319122610282804e+01
2.869999999999999774e-01 2.926558561629317978e+01
2.883000000000000007e-01 2.930498077965832948e+01
2.897000000000000131e-01 2.921656159561459987e+01
2.909999999999999809e-01 2.900610724843732413e+01
2.923000000000000043e-01 2.867961166612959900e+01
2.936000000000000276e-01 2.824332558915484270e+01
2.948999999999999955e-01 2.770451833327561886e+01
2.963000000000000078e-01 2.706824424914800176e+01
2.975999999999999757e-01 2.634330003821541766e+01
2.988999999999999990e-01 2.553626332255418774e+01
3.002000000000000224e-01 2.465532951683282903e+01
3.015999999999999792e-01 2.370542606470965552e+01
3.029000000000000026e-01 2.269658684645465030e+01
3.042000000000000259e-01 2.163534957395211933e+01
3.054999999999999938e-01 2.053019669121212587e+01
3.069000000000000061e-01 1.938547912574105681e+01
3.081999999999999740e-01 1.821145063546580189e+01
3.094999999999999973e-01 1.701411816246570297e+01
3.108000000000000207e-01 1.580031519479857494e+01
3.120999999999999885e-01 1.457782478194870990e+01
3.135000000000000009e-01 1.334960128867508544e+01
3.148000000000000242e-01 1.212488419978151910e+01
3.160999999999999921e-01 1.090835816994012042e+01
3.174000000000000155e-01 9.706191561885050945e+00
3.187999999999999723e-01 8.520200011823886754e+00
3.200999999999999956e-01 7.357922328868931494e+00
3.214000000000000190e-01 6.222315398230434447e+00
3.226999999999999869e-01 5.116852905341668922e+00
3.240000000000000102e-01 4.045565554378550921e+00
3.254000000000000226e-01 3.008303652718292032e+00
3.266999999999999904e-01 2.009918448933473378e+00
3.280000000000000138e-01 1.051150081849621332e+00
3.292999999999999816e-01 1.339698672164834903e-01
3.306999999999999940e-01 -7.431871821529035804e-01
3.320000000000000173e-01 -1.577688453699263915e+00
3.332999999999999852e-01 -2.370402428832407704e+00
3.346000000000000085e-01 -3.121173151550864056e+00
3.360000000000000209e-01 -3.832722313567753059e+00
3.372999999999999887e-01 -4.504333733712033272e+00
3.386000000000000121e-01 -5.138090308754711621e+00
3.398999999999999799e-01 -5.735715349631811399e+00
3.412000000000000033e-01 -6.298654556693106699e+00
3.426000000000000156e-01 -6.830509314146880229e+00
3.438999999999999835e-01 -7.332059831441768871e+00
3.452000000000000068e-01 -7.806185759671367741e+00
3.464999999999999747e-01 -8.254984944828787974e+00
3.478999999999999870e-01 -8.681944746966287596e+00
3.492000000000000104e-01 -9.088467756862756985e+00
3.504999999999999782e-01 -9.477285026556677039e+00
3.518000000000000016e-01 -9.850694105566930148e+00
3.531000000000000250e-01 -1.021056795894042857e+01
3.544999999999999818e-01 -1.055988235308532452e+01
3.558000000000000052e-01 -1.089954348178617849e+01
3.570999999999999730e-01 -1.123150399167606928e+01
3.583999999999999964e-01 -1.155689349450747017e+01
3.598000000000000087e-01 -1.187773186281006943e+01
3.610999999999999766e-01 -1.219405638525304880e+01
3.623999999999999999e-01 -1.250684759535989876e+01
3.637000000000000233e-01 -1.281613544462744869e+01
3.650999999999999801e-01 -1.312295179361371389e+01
3.664000000000000035e-01 -1.342625220179607481e+01
3.677000000000000268e-01 -1.372583630840397539e+01
3.689999999999999947e-01 -1.402110517196783057e+01
3.703000000000000180e-01 -1.431081351606823659e+01
3.716999999999999749e-01 -1.459469477368193857e+01
3.729999999999999982e-01 -1.487059111988148352e+01
3.743000000000000216e-01 -1.513722257294980622e+01
3.755999999999999894e-01 -1.539283555814388826e+01
3.770000000000000018e-01 -1.563630117922083507e+01
3.783000000000000251e-01 -1.586504129554690401e+01
3.795999999999999930e-01 -1.607749652810331398e+01
3.809000000000000163e-01 -1.627172529049454042e+01
3.821999999999999842e-01 -1.644576497333119391e+01
3.835999999999999965e-01 -1.659813479017082472e+01
3.849000000000000199e-01 -1.672666911678204471e+01
3.861999999999999877e-01 -1.682991133696366504e+01
3.875000000000000111e-01 -1.690634713395409250e+01
3.889000000000000234e-01 -1.695475512404820506e+01
3.901999999999999913e-01 -1.697400110385555294e+01
3.915000000000000147e-01 -1.696313780667286508e+01
3.927999999999999825e-01 -1.692157685870294870e+01
3.941000000000000059e-01 -1.684911352529581308e+01
3.955000000000000182e-01 -1.674530857374305626e+01
3.967999999999999861e-01 -1.661066820210703909e+01
3.981000000000000094e-01 -1.644558122172167458e+01
3.993999999999999773e-01 -1.625101242149457903e+01
4.007999999999999896e-01 -1.602755111523581633e+01
4.021000000000000130e-01 -1.577708712728030527e+01
4.033999999999999808e-01 -1.550102341211451673e+01
4.047000000000000042e-01 -1.520169714971840769e+01
4.061000000000000165e-01 -1.488027703300408255e+01
4.073999999999999844e-01 -1.454002352312734736e+01
4.087000000000000077e-01 -1.418324734973198886e+01
4.099999999999999756e-01 -1.381266266395526721e+01
4.112999999999999989e-01 -1.343149973374448969e+01
4.127000000000000113e-01 -1.304173406982445904e+01
4.139999999999999791e-01 -1.264740261195149529e+01
4.153000000000000025e-01 -1.225128253036719705e+01
4.166000000000000258e-01 -1.185683729923380803e+01
4.179999999999999827e-01 -1.146604419379008988e+01
4.193000000000000060e-01 -1.108293377536780966e+01
4.205999999999999739e-01 -1.070999234491419294e+01
4.218999999999999972e-01 -1.034998211209690844e+01
4.232000000000000206e-01 -1.000572586553842491e+01
4.245999999999999774e-01 -9.678709852451449436e+00
4.259000000000000008e-01 -9.371860060575421869e+00
4.272000000000000242e-01 -9.086766387421207014e+00
4.284999999999999920e-01 -8.825109313190985461e+00
4.299000000000000044e-01 -8.587553793429236748e+00
4.312000000000000277e-01 -8.375608145120322590e+00
4.324999999999999956e-01 -8.189646123014213686e+00
4.338000000000000189e-01 -8.030075837419950346e+00
4.351999999999999758e-01 -7.896478437376329929e+00
4.364999999999999991e-01 -7.788623172926227411e+00
4.378000000000000225e-01 -7.705788465125969822e+00
4.390999999999999903e-01 -7.646797113669449253e+00
4.404000000000000137e-01 -7.610304772333865486e+00
4.418000000000000260e-01 -7.594558200566984496e+00
4.430999999999999939e-01 -7.597708148632630554e+00
4.444000000000000172e-01 -7.617502123952475834e+00
4.456999999999999851e-01 -7.651540811461635450e+00
4.470999999999999974e-01 -7.697407765104112620e+00
4.484000000000000208e-01 -7.752215542265872728e+00
4.496999999999999886e-01 -7.813233807224571059e+00
4.510000000000000120e-01 -7.877574322097406601e+00
4.522999999999999798e-01 -7.942354467255063000e+00
4.536999999999999922e-01 -8.004851901279383952e+00
4.550000000000000155e-01 -8.062018153602419801e+00
4.562999999999999834e-01 -8.111201232873545663e+00
4.576000000000000068e-01 -8.149843205394878609e+00
4.590000000000000191e-01 -8.175542084158342604e+00
4.602999999999999869e-01 -8.185996047116557151e+00
4.616000000000000103e-01 -8.179340613662871462e+00
4.628999999999999782e-01 -8.153758762143509031e+00
4.642000000000000015e-01 -8.107896084506547751e+00
4.656000000000000139e-01 -8.040462145589454934e+00
4.668999999999999817e-01 -7.950870309032078254e+00
4.682000000000000051e-01 -7.838592370506298757e+00
4.694999999999999729e-01 -7.703601188413701450e+00
4.708999999999999853e-01 -7.545773863051614683e+00
4.722000000000000086e-01 -7.366121607989385645e+00
4.734999999999999765e-01 -7.165393570686725333e+00
4.747999999999999998e-01 -6.945041561016761733e+00
4.762000000000000122e-01 -6.706029731555304352e+00
4.774999999999999800e-01 -6.450873768527671359e+00
4.788000000000000034e-01 -6.181431778245839226e+00
4.801000000000000267e-01 -5.900064116483927812e+00
4.813999999999999946e-01 -5.609662597718495292e+00
4.828000000000000069e-01 -5.312146523314047464e+00
4.840999999999999748e-01 -5.011175972264625855e+00
4.853999999999999981e-01 -4.709465260977260037e+00
4.867000000000000215e-01 -4.410270223944892543e+00
4.880999999999999783e-01 -4.115850107513677969e+00
4.894000000000000017e-01 -3.829961116518637354e+00
4.907000000000000250e-01 -3.555252371628730312e+00
4.919999999999999929e-01 -3.294507881505467140e+00
4.933000000000000163e-01 -3.050547125698501283e+00
4.946999999999999731e-01 -2.825199266346761551e+00
4.959999999999999964e-01 -2.621228773945037283e+00
4.973000000000000198e-01 -2.440342072006079110e+00
4.985999999999999877e-01 -2.284259705278492092e+00
5.000000000000000000e-01 -2.153910297522492190e+00
5.012999999999999678e-01 -2.050547411461219216e+00
5.026000000000000467e-01 -1.974611602783921338e+00
5.039000000000000146e-01 -1.926285843346592142e+00
5.052999999999999714e-01 -1.905293054021357735e+00
5.066000000000000503e-01 -1.911064885808798852e+00
5.079000000000000181e-01 -1.942594705173589231e+00
5.091999999999999860e-01 -1.998494222133428089e+00
5.104999999999999538e-01 -2.076939373341121886e+00
5.119000000000000217e-01 -2.176106582259857092e+00
5.131999999999999895e-01 -2.293328976345431425e+00
5.144999999999999574e-01 -2.426004292786150263e+00
5.158000000000000362e-01 -2.571059173945697385e+00
5.171999999999999931e-01 -2.725741465611892789e+00
5.184999999999999609e-01 -2.886319548287555659e+00
5.198000000000000398e-01 -3.049464177990625302e+00
5.211000000000000076e-01 -3.211640145753481779e+00
5.223999999999999755e-01 -3.369163967920863811e+00
5.238000000000000433e-01 -3.518877005082309939e+00
5.251000000000000112e-01 -3.656912502597416292e+00
5.263999999999999790e-01 -3.780061849414443120e+00
5.276999999999999469e-01 -3.885068947373989001e+00
5.291000000000000147e-01 -3.969215977524129801e+00
5.303999999999999826e-01 -4.029582888300270227e+00
5.316999999999999504e-01 -4.063884821299803107e+00
5.330000000000000293e-01 -4.070094619654608614e+00
5.342999999999999972e-01 -4.046626948472834329e+00
5.356999999999999540e-01 -3.992129660023115534e+00
5.370000000000000329e-01 -3.905963087950553803e+00
5.383000000000000007e-01 -3.787780347417713411e+00
5.395999999999999686e-01 -3.637895377093287586e+00
5.410000000000000364e-01 -3.456484625799457699e+00
5.423000000000000043e-01 -3.245157346900721773e+00
5.435999999999999721e-01 -3.005359414544980901e+00
5.449000000000000510e-01 -2.739412857325860262e+00
5.463000000000000078e-01 -2.449073297510462766e+00
5.475999999999999757e-01 -2.138032897433152169e+00
5.489000000000000545e-01 -1.809351462270621269e+00
5.502000000000000224e-01 -1.466690556764611353e+00
5.514999999999999902e-01 -1.114316181340803791e+00
5.528999999999999471e-01 -7.554983196297289094e-01
5.542000000000000259e-01 -3.955779706778345672e-01
5.554999999999999938e-01 -3.877728882739949617e-02
5.567999999999999616e-01 3.099977627995748608e-01
5.582000000000000295e-01 6.470144669199066056e-01
5.594999999999999973e-01 9.668307657073120787e-01
5.607999999999999652e-01 1.265304896343178997e+00
5.621000000000000441e-01 1.538196079387287307e+00
5.634000000000000119e-01 1.781341282152199001e+00
5.647999999999999687e-01 1.991629951343380389e+00
5.661000000000000476e-01 2.165237002590838511e+00
5.674000000000000155e-01 2.299526290060115219e+00
5.686999999999999833e-01 2.392120890577711823e+00
5.701000000000000512e-01 2.441369218850933276e+00
5.714000000000000190e-01 2.445956635412378066e+00
5.726999999999999869e-01 2.405347121396344878e+00
5.739999999999999547e-01 2.319749541801502613e+00
5.754000000000000226e-01 2.189580109548068698e+00
5.766999999999999904e-01 2.016620599554050930e+00
5.779999999999999583e-01 1.802896446295082500e+00
5.793000000000000371e-01 1.551210922430443340e+00
5.806000000000000050e-01 1.265317602406206499e+00
5.819999999999999618e-01 9.485038498905733473e-01
5.833000000000000407e-01 6.063164003835352922e-01
5.846000000000000085e-01 2.437439875748340645e-01
5.858999999999999764e-01 -1.330906069493259514e-01
5.873000000000000442e-01 -5.189902982897228734e-01
5.886000000000000121e-01 -9.063529601473627739e-01
5.898999999999999799e-01 -1.288638630014324882e+00
5.911999999999999478e-01 -1.658768906578338198e+00
5.925000000000000266e-01 -2.009267550795140966e+00
5.938999999999999835e-01 -2.333783673148334792e+00
5.951999999999999513e-01 -2.624337654142779641e+00
5.965000000000000302e-01 -2.874295162350138266e+00
5.977999999999999980e-01 -3.076901335109182511e+00
5.991999999999999549e-01 -3.226324927594204528e+00
6.005000000000000338e-01 -3.316482283799106590e+00
6.018000000000000016e-01 -3.342427984494710014e+00
6.030999999999999694e-01 -3.299807465769764470e+00
6.044000000000000483e-01 -3.185281291214303145e+00
6.058000000000000052e-01 -2.995754755226677446e+00
6.070999999999999730e-01 -2.730152586023241401e+00
6.084000000000000519e-01 -2.387829603433594627e+00
6.097000000000000197e-01 -1.969898769000991479e+00
6.110999999999999766e-01 -1.476993941881057593e+00
6.124000000000000554e-01 -9.136214070548940303e-01
6.137000000000000233e-01 -2.838940889795056322e-01
6.149999999999999911e-01 4.056437285712936602e-01
6.163999999999999480e-01 1.149667699721789393e+00
6.177000000000000268e-01 1.937559366762228619e+00
6.189999999999999947e-01 2.759940283634231939e+00
6.202999999999999625e-01 3.605425396707754526e+00
6.216000000000000414e-01 4.460575482424652627e+00
6.229999999999999982e-01 5.313673959362493093e+00
6.242999999999999661e-01 6.147347969093815756e+00
6.256000000000000449e-01 6.945992503594446532e+00
6.269000000000000128e-01 7.691796172138539056e+00
6.282999999999999696e-01 8.368271002636458178e+00
6.296000000000000485e-01 8.954539237476087266e+00
6.309000000000000163e-01 9.431565382913554174e+00
6.321999999999999842e-01 9.779078899491597809e+00
6.334999999999999520e-01 9.976257466948361241e+00
6.349000000000000199e-01 1.000226194480106479e+01
6.361999999999999877e-01 9.836039322395231821e+00
6.374999999999999556e-01 9.456532185390592815e+00
6.388000000000000345e-01 8.843877088119747043e+00
6.401999999999999913e-01 7.975309368415392619e+00
6.414999999999999591e-01 6.833374663990843700e+00
6.428000000000000380e-01 5.398209819025558076e+00
6.441000000000000059e-01 3.653492445179240988e+00
6.454999999999999627e-01 1.576639642072284575e+00
6.468000000000000416e-01 -8.428251972662664793e-01
6.481000000000000094e-01 -3.621283015424924923e+00
6.493999999999999773e-01 -6.771809370453643950e+00
6.506999999999999451e-01 -1.030237362669718415e+01
6.521000000000000130e-01 -1.423311004261249479e+01
6.533999999999999808e-01 -1.856150440348935859e+01
6.546999999999999487e-01 -2.329698229402273313e+01
6.560000000000000275e-01 -2.843859026631688280e+01
6.573999999999999844e-01 -3.400287324101044817e+01
6.586999999999999522e-01 -3.997488442865708436e+01
6.600000000000000311e-01 -4.635711554718996297e+01
