0.000000000000000000e+00 -9.340223293473283661e+01
6.999999999999999929e-04 -9.556581872724683535e+01
1.399999999999999986e-03 -9.775141677678753638e+01
2.099999999999999870e-03 -9.995814446808167020e+01
2.799999999999999972e-03 -1.021849978247146140e+02
3.500000000000000073e-03 -1.041910211991764186e+02
4.199999999999999740e-03 -1.063714346683489538e+02
4.899999999999999842e-03 -1.086504055051943141e+02
5.599999999999999943e-03 -1.109456155241217630e+02
6.400000000000000307e-03 -1.135865867637969870e+02
7.100000000000000408e-03 -1.159129344434434898e+02
7.799999999999999642e-03 -1.182518788205192521e+02
8.500000000000000611e-03 -1.206023805781588436e+02
9.199999999999999845e-03 -1.229631402331311705e+02
9.900000000000000813e-03 -1.253329429617543980e+02
1.060000000000000005e-02 -1.277106208177744548e+02
1.129999999999999928e-02 -1.300946870487480567e+02
1.200000000000000025e-02 -1.324840607295942050e+02
1.269999999999999948e-02 -1.348774025925480657e+02
1.340000000000000045e-02 -1.372733608912591308e+02
1.409999999999999969e-02 -1.396705113645377310e+02
1.480000000000000066e-02 -1.420677122957114875e+02
1.549999999999999989e-02 -1.442078040554875713e+02
1.619999999999999912e-02 -1.465146140000233004e+02
1.689999999999999836e-02 -1.489040488037788066e+02
1.760000000000000106e-02 -1.512882896156593517e+02
1.839999999999999969e-02 -1.540052034531319691e+02
1.909999999999999892e-02 -1.563735236150869810e+02
1.980000000000000163e-02 -1.587322607667863679e+02
2.050000000000000086e-02 -1.610801498846447259e+02
2.120000000000000009e-02 -1.634158819304788892e+02
2.189999999999999933e-02 -1.657380352970381807e+02
2.259999999999999856e-02 -1.680451991611232074e+02
2.330000000000000127e-02 -1.703363748055790836e+02
2.400000000000000050e-02 -1.726099501564517311e+02
2.469999999999999973e-02 -1.748649040491260678e+02
2.539999999999999897e-02 -1.770999718928790969e+02
2.610000000000000167e-02 -1.793138796259422634e+02
2.680000000000000090e-02 -1.815054817862575476e+02
2.750000000000000014e-02 -1.834425117140704060e+02
2.819999999999999937e-02 -1.855112180435482401e+02
2.889999999999999861e-02 -1.876325542296092408e+02
2.960000000000000131e-02 -1.897272799273113719e+02
3.039999999999999994e-02 -1.920884201819210659e+02
3.109999999999999917e-02 -1.941225017129031016e+02
3.180000000000000188e-02 -1.961268584697863560e+02
3.250000000000000111e-02 -1.981004109693396913e+02
3.320000000000000034e-02 -2.000423488178489322e+02
3.389999999999999958e-02 -2.019518188234330864e+02
3.459999999999999881e-02 -2.038279970935841163e+02
3.529999999999999805e-02 -2.056700915358903501e+02
3.599999999999999728e-02 -2.074773611116862355e+02
3.670000000000000345e-02 -2.092492871354247939e+02
3.740000000000000269e-02 -2.109850665623476118e+02
3.810000000000000192e-02 -2.126842136677596500e+02
3.880000000000000115e-02 -2.143462074059375766e+02
3.950000000000000039e-02 -2.157976567387725311e+02
4.019999999999999962e-02 -2.173307257749295900e+02
4.089999999999999886e-02 -2.188838362916253573e+02
4.159999999999999809e-02 -2.203981557843045209e+02
4.240000000000000019e-02 -2.220825045363202435e+02
4.309999999999999942e-02 -2.235127010827965535e+02
4.379999999999999866e-02 -2.249032742299483516e+02
4.449999999999999789e-02 -2.262542178693187509e+02
4.519999999999999712e-02 -2.275652119024034050e+02
4.590000000000000330e-02 -2.288363512117580001e+02
4.660000000000000253e-02 -2.300676008982991050e+02
4.730000000000000177e-02 -2.312590240152903220e+02
4.800000000000000100e-02 -2.324106245938571078e+02
4.870000000000000023e-02 -2.335227017249636390e+02
4.939999999999999947e-02 -2.345952889253789238e+02
5.009999999999999870e-02 -2.356285803633984131e+02
5.079999999999999793e-02 -2.366231110069316799e+02
5.149999999999999717e-02 -2.374774787242795639e+02
5.220000000000000334e-02 -2.383661263561980945e+02
5.290000000000000258e-02 -2.392511099265885832e+02
5.360000000000000181e-02 -2.400986727647182590e+02
5.439999999999999697e-02 -2.410233500474389814e+02
5.510000000000000314e-02 -2.417920223131239368e+02
5.580000000000000238e-02 -2.425248393689529394e+02
5.650000000000000161e-02 -2.432222433309229075e+02
5.720000000000000084e-02 -2.438848904210753687e+02
5.790000000000000008e-02 -2.445133717629474290e+02
5.859999999999999931e-02 -2.451084482018764561e+02
5.929999999999999855e-02 -2.456706753696633996e+02
5.999999999999999778e-02 -2.462009550569347596e+02
6.069999999999999701e-02 -2.466998274886267950e+02
6.140000000000000319e-02 -2.471681857321183884e+02
6.210000000000000242e-02 -2.476067994036476989e+02
6.279999999999999472e-02 -2.480164386569124417e+02
6.350000000000000089e-02 -2.483576107880963662e+02
6.419999999999999318e-02 -2.487019192481085099e+02
6.489999999999999936e-02 -2.490332195888577758e+02
6.560000000000000553e-02 -2.493388148107152631e+02
6.640000000000000069e-02 -2.496586275615015893e+02
6.710000000000000686e-02 -2.499117949887960322e+02
6.779999999999999916e-02 -2.501419417351889365e+02
6.850000000000000533e-02 -2.503499562245550862e+02
6.919999999999999762e-02 -2.505366561801422165e+02
6.990000000000000380e-02 -2.507028372327862940e+02
7.059999999999999609e-02 -2.508495493890625596e+02
7.130000000000000226e-02 -2.509774990045020786e+02
7.199999999999999456e-02 -2.510876462700207981e+02
7.270000000000000073e-02 -2.511808379786575358e+02
7.340000000000000691e-02 -2.512579143303158276e+02
7.409999999999999920e-02 -2.513196211331147651e+02
7.480000000000000537e-02 -2.513669136553016301e+02
7.549999999999999767e-02 -2.513971118128459921e+02
7.620000000000000384e-02 -2.514184962289585599e+02
7.689999999999999614e-02 -2.514288239140825851e+02
7.760000000000000231e-02 -2.514276654449752471e+02
7.839999999999999747e-02 -2.514137673548562475e+02
7.910000000000000364e-02 -2.513905888144334995e+02
7.979999999999999594e-02 -2.513582113866304724e+02
8.050000000000000211e-02 -2.513173510408041125e+02
8.119999999999999440e-02 -2.512686684002503057e+02
8.190000000000000058e-02 -2.512128188803388298e+02
8.260000000000000675e-02 -2.511503782198800820e+02
8.329999999999999905e-02 -2.510818810959159180e+02
8.400000000000000522e-02 -2.510079386234783669e+02
8.469999999999999751e-02 -2.509290221109277468e+02
8.540000000000000369e-02 -2.508456448656594659e+02
8.609999999999999598e-02 -2.507584232488149212e+02
8.680000000000000215e-02 -2.506676058851373625e+02
8.749999999999999445e-02 -2.505837853947654992e+02
8.820000000000000062e-02 -2.504910325475599393e+02
8.890000000000000679e-02 -2.503923864775168227e+02
8.959999999999999909e-02 -2.502917117558446591e+02
9.039999999999999425e-02 -2.501746294971441955e+02
9.110000000000000042e-02 -2.500705187410204928e+02
9.180000000000000659e-02 -2.499652964987708970e+02
9.249999999999999889e-02 -2.498590615332736604e+02
9.320000000000000506e-02 -2.497520673282423331e+02
9.389999999999999736e-02 -2.496444483381947919e+02
9.460000000000000353e-02 -2.495363151246583868e+02
9.529999999999999583e-02 -2.494278393104465579e+02
9.600000000000000200e-02 -2.493191012883085591e+02
9.669999999999999429e-02 -2.492100393972478685e+02
9.740000000000000047e-02 -2.491008652129071095e+02
9.810000000000000664e-02 -2.489914633369266994e+02
9.879999999999999893e-02 -2.488819141912516102e+02
9.950000000000000511e-02 -2.487838446739652056e+02
1.001999999999999974e-01 -2.486777585241622432e+02
1.009000000000000036e-01 -2.485673646793073317e+02
1.015999999999999959e-01 -2.484565134756721534e+02
1.024000000000000049e-01 -2.483291195681350132e+02
1.030999999999999972e-01 -2.482168158864478187e+02
1.038000000000000034e-01 -2.481037249124455002e+02
1.044999999999999957e-01 -2.479895250398423627e+02
1.052000000000000018e-01 -2.478741082290077600e+02
1.058999999999999941e-01 -2.477572844035753405e+02
1.066000000000000003e-01 -2.476388347328055204e+02
1.073000000000000065e-01 -2.475185298244314822e+02
1.079999999999999988e-01 -2.473961173323921514e+02
1.087000000000000050e-01 -2.472714488408352906e+02
1.093999999999999972e-01 -2.471441407585554373e+02
1.101000000000000034e-01 -2.470140785918866015e+02
1.107999999999999957e-01 -2.468809434804111049e+02
1.115000000000000019e-01 -2.467589784664122874e+02
1.121999999999999942e-01 -2.466243408888298347e+02
1.129000000000000004e-01 -2.464807937218066058e+02
1.136000000000000065e-01 -2.463331682313427393e+02
1.144000000000000017e-01 -2.461592972765109550e+02
1.150999999999999940e-01 -2.460019940171273163e+02
1.158000000000000002e-01 -2.458396061439178197e+02
1.165000000000000063e-01 -2.456720791014478493e+02
1.171999999999999986e-01 -2.454989085842518648e+02
1.179000000000000048e-01 -2.453200584437600185e+02
1.185999999999999971e-01 -2.451351607587509704e+02
1.193000000000000033e-01 -2.449439837206232085e+02
1.199999999999999956e-01 -2.447462502143446272e+02
1.207000000000000017e-01 -2.445418178085002694e+02
1.213999999999999940e-01 -2.443303466502126184e+02
1.221000000000000002e-01 -2.441116901307836144e+02
1.228000000000000064e-01 -2.438856174430590897e+02
1.234999999999999987e-01 -2.436769634385747167e+02
1.242000000000000048e-01 -2.434450444632285269e+02
1.248999999999999971e-01 -2.431966584535363722e+02
1.255999999999999894e-01 -2.429401888945792223e+02
1.264000000000000123e-01 -2.426373208528478358e+02
1.270999999999999908e-01 -2.423629808073592073e+02
1.277999999999999969e-01 -2.420800324393948699e+02
1.285000000000000031e-01 -2.417884298715270290e+02
1.292000000000000093e-01 -2.414879840198491650e+02
1.298999999999999877e-01 -2.411786870757597114e+02
1.305999999999999939e-01 -2.408604765319596765e+02
1.313000000000000000e-01 -2.405332547500729561e+02
1.320000000000000062e-01 -2.401969753760158710e+02
1.327000000000000124e-01 -2.398515091948046063e+02
1.333999999999999908e-01 -2.394970185897185218e+02
1.340999999999999970e-01 -2.391333471392950401e+02
1.348000000000000032e-01 -2.387605873498681888e+02
1.355000000000000093e-01 -2.384196104107700762e+02
1.361999999999999877e-01 -2.380437651142575817e+02
1.368999999999999939e-01 -2.376450631541485166e+02
1.376000000000000001e-01 -2.372374482058192768e+02
1.383999999999999952e-01 -2.367609673942288566e+02
1.391000000000000014e-01 -2.363342380654126202e+02
1.398000000000000076e-01 -2.358987899284772993e+02
1.405000000000000138e-01 -2.354547687217508383e+02
1.411999999999999922e-01 -2.350022332302493737e+02
1.418999999999999984e-01 -2.345412093771240905e+02
1.426000000000000045e-01 -2.340718900770210666e+02
1.433000000000000107e-01 -2.335945007453100573e+02
1.439999999999999891e-01 -2.331090154984705407e+02
1.446999999999999953e-01 -2.326157657886080301e+02
1.454000000000000015e-01 -2.321148092249030697e+02
1.461000000000000076e-01 -2.316062737375645213e+02
1.468000000000000138e-01 -2.310904544798075619e+02
1.474999999999999922e-01 -2.306234222400779572e+02
1.481999999999999984e-01 -2.301133729619070039e+02
1.489000000000000046e-01 -2.295775911406928742e+02
1.496000000000000107e-01 -2.290351881464353880e+02
1.504000000000000059e-01 -2.284077033897821991e+02
1.511000000000000121e-01 -2.278517631050626164e+02
1.517999999999999905e-01 -2.272898300579473130e+02
1.524999999999999967e-01 -2.267221258561693276e+02
1.532000000000000028e-01 -2.261487321772530663e+02
1.539000000000000090e-01 -2.255699896430469380e+02
1.545999999999999874e-01 -2.249860575699339336e+02
1.552999999999999936e-01 -2.243972011111292773e+02
1.559999999999999998e-01 -2.238034925368100687e+02
1.567000000000000060e-01 -2.232051393231497798e+02
1.574000000000000121e-01 -2.226023921316274823e+02
1.580999999999999905e-01 -2.219954962776611751e+02
1.587999999999999967e-01 -2.213845856155757303e+02
1.595000000000000029e-01 -2.208355151432829189e+02
1.602000000000000091e-01 -2.202398887529292040e+02
1.608999999999999875e-01 -2.196184882407330292e+02
1.615999999999999936e-01 -2.189938004866416179e+02
1.623999999999999888e-01 -2.182761895024605110e+02
1.630999999999999950e-01 -2.176449801057275693e+02
1.638000000000000012e-01 -2.170110286080779360e+02
1.645000000000000073e-01 -2.163744146563929007e+02
1.652000000000000135e-01 -2.157352737810742553e+02
1.658999999999999919e-01 -2.150938242895173858e+02
1.665999999999999981e-01 -2.144502031128960482e+02
1.673000000000000043e-01 -2.138045338127376169e+02
1.680000000000000104e-01 -2.131568088973059218e+02
1.686999999999999889e-01 -2.125073689342210059e+02
1.693999999999999950e-01 -2.118562191790622080e+02
1.701000000000000012e-01 -2.112034563003662981e+02
1.708000000000000074e-01 -2.105490514603360452e+02
1.715000000000000135e-01 -2.099633682865472508e+02
1.721999999999999920e-01 -2.093302501720087321e+02
1.728999999999999981e-01 -2.086721894578254819e+02
1.736000000000000043e-01 -2.080129373622158937e+02
1.743999999999999995e-01 -2.072581397060182837e+02
1.751000000000000056e-01 -2.065967307320159989e+02
1.758000000000000118e-01 -2.059341505289145289e+02
1.764999999999999902e-01 -2.052707431701855114e+02
1.771999999999999964e-01 -2.046065122117459509e+02
1.779000000000000026e-01 -2.039414078303964573e+02
1.786000000000000087e-01 -2.032755131025034530e+02
1.792999999999999872e-01 -2.026088297131314278e+02
1.799999999999999933e-01 -2.019415354845147021e+02
1.806999999999999995e-01 -2.012735664793868864e+02
1.814000000000000057e-01 -2.006048116977479197e+02
1.821000000000000119e-01 -1.999354419076038880e+02
1.827999999999999903e-01 -1.992654242254342591e+02
1.834999999999999964e-01 -1.986663961308789510e+02
1.842000000000000026e-01 -1.980195076781503474e+02
1.849000000000000088e-01 -1.973477981968235042e+02
1.855999999999999872e-01 -1.966754539234227934e+02
1.864000000000000101e-01 -1.959063017367721784e+02
1.870999999999999885e-01 -1.952327015463387170e+02
1.877999999999999947e-01 -1.945584793794905352e+02
1.885000000000000009e-01 -1.938835921588964482e+02
1.892000000000000071e-01 -1.932080598458907446e+02
1.899000000000000132e-01 -1.925319445941711649e+02
1.905999999999999917e-01 -1.918552332887056195e+02
1.912999999999999978e-01 -1.911778246452016106e+02
1.920000000000000040e-01 -1.904998070243180450e+02
1.927000000000000102e-01 -1.898211096038204744e+02
1.933999999999999886e-01 -1.891417760984514302e+02
1.940999999999999948e-01 -1.884616970551403767e+02
1.948000000000000009e-01 -1.877810185111056853e+02
1.955000000000000071e-01 -1.871723518717780905e+02
1.962000000000000133e-01 -1.865148890652208991e+02
1.968999999999999917e-01 -1.858320920171877333e+02
1.975999999999999979e-01 -1.851485991945220064e+02
1.983999999999999930e-01 -1.843666022016565478e+02
1.990999999999999992e-01 -1.836815670965769698e+02
1.998000000000000054e-01 -1.829956725921728378e+02
2.005000000000000115e-01 -1.823089663720612066e+02
2.011999999999999900e-01 -1.816214978671746394e+02
2.018999999999999961e-01 -1.809332042010501880e+02
2.026000000000000023e-01 -1.802441213501025459e+02
2.033000000000000085e-01 -1.795542421299909108e+02
2.039999999999999869e-01 -1.788634879179019208e+02
2.046999999999999931e-01 -1.781718849825652455e+02
2.053999999999999992e-01 -1.774793358784505983e+02
2.061000000000000054e-01 -1.767859645121814367e+02
2.068000000000000116e-01 -1.760916021775202296e+02
2.074999999999999900e-01 -1.754705522197523351e+02
2.081999999999999962e-01 -1.747996271149660572e+02
2.089000000000000024e-01 -1.741025333201510250e+02
2.096000000000000085e-01 -1.734044295314543831e+02
2.104000000000000037e-01 -1.726054325032493182e+02
2.111000000000000099e-01 -1.719050623614339202e+02
2.117999999999999883e-01 -1.712035565194738354e+02
2.124999999999999944e-01 -1.705009027468224190e+02
2.132000000000000006e-01 -1.697971116356500829e+02
2.139000000000000068e-01 -1.690920728172753513e+02
2.146000000000000130e-01 -1.683856705147045716e+02
2.152999999999999914e-01 -1.676779001659280084e+02
2.159999999999999976e-01 -1.669686775790647744e+02
2.167000000000000037e-01 -1.662579768922497294e+02
2.174000000000000099e-01 -1.655457962054347263e+02
2.180999999999999883e-01 -1.648319809731376324e+02
2.187999999999999945e-01 -1.641163168955031040e+02
2.195000000000000007e-01 -1.634754970324556211e+02
2.202000000000000068e-01 -1.627824018859091950e+02
2.209000000000000130e-01 -1.620613801868830706e+02
2.215999999999999914e-01 -1.613382099961208098e+02
2.223999999999999866e-01 -1.605091064790999837e+02
2.230999999999999928e-01 -1.597810343802923967e+02
2.237999999999999989e-01 -1.590504231282696139e+02
2.245000000000000051e-01 -1.583172231148160165e+02
2.252000000000000113e-01 -1.575813242248995607e+02
2.258999999999999897e-01 -1.568424590129898490e+02
2.265999999999999959e-01 -1.561004533093439761e+02
2.273000000000000020e-01 -1.553552180059875525e+02
2.280000000000000082e-01 -1.546065845956217402e+02
2.286999999999999866e-01 -1.538542973554813216e+02
2.293999999999999928e-01 -1.530982522233152281e+02
2.300999999999999990e-01 -1.523383638068566199e+02
2.308000000000000052e-01 -1.515742001537587669e+02
2.315000000000000113e-01 -1.508876589087998639e+02
2.321999999999999897e-01 -1.501429239796051718e+02
2.328999999999999959e-01 -1.493656532096222236e+02
2.336000000000000021e-01 -1.485834213293294113e+02
2.343999999999999972e-01 -1.476831444132401430e+02
2.351000000000000034e-01 -1.468893415259152562e+02
2.358000000000000096e-01 -1.460898542548285945e+02
2.364999999999999880e-01 -1.452843398927777798e+02
2.371999999999999942e-01 -1.444725909852447501e+02
2.379000000000000004e-01 -1.436544410475511881e+02
2.386000000000000065e-01 -1.428294912730253259e+02
2.393000000000000127e-01 -1.419975613759272903e+02
2.399999999999999911e-01 -1.411583906952604366e+02
2.406999999999999973e-01 -1.403117945690632098e+02
2.414000000000000035e-01 -1.394573573830273006e+02
2.421000000000000096e-01 -1.385950070739367277e+02
2.427999999999999881e-01 -1.377243585357470579e+02
2.434999999999999942e-01 -1.369391734628085544e+02
2.442000000000000004e-01 -1.360842349983256838e+02
2.449000000000000066e-01 -1.351885054427457931e+02
2.456000000000000127e-01 -1.342836114703999613e+02
2.464000000000000079e-01 -1.332382609266512077e+02
2.470999999999999863e-01 -1.323127995630290741e+02
2.477999999999999925e-01 -1.313773201772689276e+02
2.484999999999999987e-01 -1.304317226071680693e+02
2.492000000000000048e-01 -1.294757800149291995e+02
2.499000000000000110e-01 -1.285090882704400030e+02
2.505999999999999894e-01 -1.275315922105328781e+02
2.513000000000000234e-01 -1.265431710511563494e+02
2.520000000000000018e-01 -1.255435383467803234e+02
2.526999999999999802e-01 -1.245326213194460649e+02
2.534000000000000141e-01 -1.235101873161795680e+02
2.540999999999999925e-01 -1.224761127825113789e+02
2.548000000000000265e-01 -1.214302884723319380e+02
2.555000000000000049e-01 -1.204857130680431681e+02
2.561999999999999833e-01 -1.194560592169231086e+02
2.569000000000000172e-01 -1.183760447629728105e+02
2.575999999999999956e-01 -1.172839517253317325e+02
2.584000000000000186e-01 -1.160214801341858362e+02
2.590999999999999970e-01 -1.149033629716114859e+02
2.597999999999999754e-01 -1.137730700245033404e+02
2.605000000000000093e-01 -1.126305434314787561e+02
2.611999999999999877e-01 -1.114758250690009049e+02
2.619000000000000217e-01 -1.103090645905259350e+02
2.626000000000000001e-01 -1.091302476891411857e+02
2.632999999999999785e-01 -1.079395001333349882e+02
2.640000000000000124e-01 -1.067369052003420933e+02
2.646999999999999909e-01 -1.055225449901145680e+02
2.654000000000000248e-01 -1.042967067171533557e+02
2.661000000000000032e-01 -1.030594937977934649e+02
2.667999999999999816e-01 -1.018110354163756170e+02
2.675000000000000155e-01 -1.006862738696670476e+02
2.681999999999999940e-01 -9.946320573409460053e+01
2.688999999999999724e-01 -9.818413585141928479e+01
2.696000000000000063e-01 -9.689489568018608168e+01
2.703999999999999737e-01 -9.540973045518138917e+01
2.711000000000000076e-01 -9.409966459789312410e+01
2.717999999999999861e-01 -9.278041889333782422e+01
2.725000000000000200e-01 -9.145240007182043485e+01
2.731999999999999984e-01 -9.011592896456332369e+01
2.738999999999999768e-01 -8.877154508592285254e+01
2.746000000000000107e-01 -8.741965083667086844e+01
2.752999999999999892e-01 -8.606062419370483951e+01
2.760000000000000231e-01 -8.469504395615592784e+01
2.767000000000000015e-01 -8.332337540928192254e+01
2.773999999999999799e-01 -8.194614649885417634e+01
2.781000000000000139e-01 -8.056386265580513850e+01
2.787999999999999923e-01 -7.917712107201604965e+01
2.795000000000000262e-01 -7.793498575512587934e+01
2.802000000000000046e-01 -7.659173046205404489e+01
2.808999999999999830e-01 -7.519543765180438299e+01
2.816000000000000170e-01 -7.379696788346944913e+01
2.823999999999999844e-01 -7.219687357429795327e+01
2.831000000000000183e-01 -7.079580475399326644e+01
2.837999999999999967e-01 -6.939458406187122819e+01
2.844999999999999751e-01 -6.799386836733680184e+01
2.852000000000000091e-01 -6.659432389339630731e+01
2.858999999999999875e-01 -6.519662903231699147e+01
2.866000000000000214e-01 -6.380149793779613532e+01
2.872999999999999998e-01 -6.240959511007536520e+01
2.879999999999999782e-01 -6.102161482590675945e+01
2.887000000000000122e-01 -5.963830504662460896e+01
2.893999999999999906e-01 -5.826033126493035041e+01
2.901000000000000245e-01 -5.688841349590386187e+01
2.908000000000000029e-01 -5.552328459338797728e+01
2.914999999999999813e-01 -5.431038613416870220e+01
2.922000000000000153e-01 -5.300869198856258890e+01
2.928999999999999937e-01 -5.166678098921605056e+01
2.936000000000000276e-01 -5.033434224016717451e+01
2.943999999999999950e-01 -4.882359347314340425e+01
2.950999999999999734e-01 -4.751370927843620251e+01
2.958000000000000074e-01 -4.621544301954799749e+01
2.964999999999999858e-01 -4.492942216607728767e+01
2.972000000000000197e-01 -4.365631692546735110e+01
2.978999999999999981e-01 -4.239677485170572879e+01
2.985999999999999766e-01 -4.115144733705903235e+01
2.993000000000000105e-01 -3.992087808969458251e+01
2.999999999999999889e-01 -3.870562370178303979e+01
3.007000000000000228e-01 -3.750639388806663277e+01
3.014000000000000012e-01 -3.632362651137565734e+01
3.020999999999999797e-01 -3.515794081685427841e+01
3.028000000000000136e-01 -3.400980795916508725e+01
3.034999999999999920e-01 -3.300007131688786899e+01
3.042000000000000259e-01 -3.192659306025736754e+01
3.049000000000000044e-01 -3.083132719159970137e+01
3.055999999999999828e-01 -2.975541709848819849e+01
3.064000000000000057e-01 -2.854920692141883620e+01
3.070999999999999841e-01 -2.751607230018981909e+01
3.078000000000000180e-01 -2.650348772371907202e+01
3.084999999999999964e-01 -2.551181979974000313e+01
3.091999999999999749e-01 -2.454130630572846883e+01
3.099000000000000088e-01 -2.359222984139497115e+01
3.105999999999999872e-01 -2.266484683767225761e+01
3.113000000000000211e-01 -2.175937399470480216e+01
3.119999999999999996e-01 -2.087601035869865740e+01
3.126999999999999780e-01 -2.001487096077915950e+01
3.134000000000000119e-01 -1.917614730824520208e+01
3.140999999999999903e-01 -1.835988844024510058e+01
3.148000000000000242e-01 -1.756621454865952359e+01
3.155000000000000027e-01 -1.687706479523926006e+01
3.161999999999999811e-01 -1.615310588194235919e+01
3.169000000000000150e-01 -1.542401859478949611e+01
3.175999999999999934e-01 -1.471748507048934762e+01
3.184000000000000163e-01 -1.393666598372248266e+01
3.190999999999999948e-01 -1.327824085453277014e+01
3.197999999999999732e-01 -1.264209153346212133e+01
3.205000000000000071e-01 -1.202803385927267321e+01
3.211999999999999855e-01 -1.143590854718959982e+01
3.219000000000000195e-01 -1.086551136666617801e+01
3.225999999999999979e-01 -1.031659516400486076e+01
3.232999999999999763e-01 -9.788928285266601748e+00
3.240000000000000102e-01 -9.282234061432165007e+00
3.246999999999999886e-01 -8.796199315701059618e+00
3.254000000000000226e-01 -8.330491532751626238e+00
3.261000000000000010e-01 -7.884763758789795851e+00
3.267999999999999794e-01 -7.458665286130593763e+00
3.275000000000000133e-01 -7.094918157362629429e+00
3.281999999999999917e-01 -6.718808138650024020e+00
3.289000000000000257e-01 -6.346567632149778149e+00
3.296000000000000041e-01 -5.992371465617895687e+00
3.304000000000000270e-01 -5.608385630574829861e+00
3.311000000000000054e-01 -5.291331490523083048e+00
3.317999999999999838e-01 -4.990845060086101626e+00
3.325000000000000178e-01 -4.706456154440608941e+00
3.331999999999999962e-01 -4.437642150773260852e+00
3.338999999999999746e-01 -4.183908471993917466e+00
3.346000000000000085e-01 -3.944737233617084282e+00
3.352999999999999869e-01 -3.719602020273047316e+00
3.360000000000000209e-01 -3.507978393489069369e+00
3.366999999999999993e-01 -3.309322714889029626e+00
3.373999999999999777e-01 -3.123101645951968930e+00
3.381000000000000116e-01 -2.948776502095900032e+00
3.387999999999999901e-01 -2.785815821745290410e+00
3.395000000000000240e-01 -2.649741095708422645e+00
3.402000000000000024e-01 -2.511860993478171711e+00
3.408999999999999808e-01 -2.378369776252974521e+00
3.416000000000000147e-01 -2.254176736818912730e+00
3.423999999999999821e-01 -2.122625988329429614e+00
3.431000000000000161e-01 -2.016623796696288551e+00
3.437999999999999945e-01 -1.918300268472101333e+00
3.444999999999999729e-01 -1.827153965184177054e+00
3.452000000000000068e-01 -1.742694986784266709e+00
3.458999999999999853e-01 -1.664445579381701901e+00
3.466000000000000192e-01 -1.591933158346229282e+00
3.472999999999999976e-01 -1.524714754320917409e+00
3.479999999999999760e-01 -1.462342975038884108e+00
3.487000000000000099e-01 -1.404389312718749450e+00
3.493999999999999884e-01 -1.350447551894264464e+00
3.501000000000000223e-01 -1.300126646359609284e+00
3.508000000000000007e-01 -1.253043573011895839e+00
3.514999999999999791e-01 -1.213510971061019461e+00
3.522000000000000131e-01 -1.173063775297928490e+00
3.528999999999999915e-01 -1.133291769457124953e+00
3.536000000000000254e-01 -1.095468913099902464e+00
3.543999999999999928e-01 -1.054201432533094840e+00
3.551000000000000267e-01 -1.019612381502640108e+00
3.558000000000000052e-01 -9.861264313888709054e-01
3.564999999999999836e-01 -9.535136590406387835e-01
3.572000000000000175e-01 -9.215701182038865680e-01
3.578999999999999959e-01 -8.901094703577043799e-01
3.585999999999999743e-01 -8.589630846660523122e-01
3.593000000000000083e-01 -8.279888687173218020e-01
3.599999999999999867e-01 -7.970556532510605363e-01
3.607000000000000206e-01 -7.660590535405373824e-01
3.613999999999999990e-01 -7.349178541194972825e-01
3.620999999999999774e-01 -7.035574703577046618e-01
3.628000000000000114e-01 -6.719389097953041290e-01
3.634999999999999898e-01 -6.434432614389511418e-01
3.642000000000000237e-01 -6.124354350692975402e-01
3.649000000000000021e-01 -5.799816713029797288e-01
3.655999999999999805e-01 -5.472633700515516786e-01
3.664000000000000035e-01 -5.096066378675939701e-01
3.670999999999999819e-01 -4.764764153436521488e-01
3.678000000000000158e-01 -4.432672078999971843e-01
3.684999999999999942e-01 -4.100687001186212322e-01
3.691999999999999726e-01 -3.769872611634845216e-01
3.699000000000000066e-01 -3.441421371438967425e-01
3.705999999999999850e-01 -3.116688433813895598e-01
3.713000000000000189e-01 -2.797105029306092283e-01
3.719999999999999973e-01 -2.484230695857605753e-01
3.726999999999999758e-01 -2.179756432985909820e-01
3.734000000000000097e-01 -1.885417855964272305e-01
3.740999999999999881e-01 -1.603091579583576509e-01
3.748000000000000220e-01 -1.334686142268166897e-01
3.755000000000000004e-01 -1.108892312229574767e-01
3.761999999999999789e-01 -8.807980582597052521e-02
3.769000000000000128e-01 -6.634308288150153610e-02
3.775999999999999912e-01 -4.679622177647353026e-02
3.784000000000000141e-01 -2.730978403821165273e-02
3.790999999999999925e-01 -1.317720483897743926e-02
3.798000000000000265e-01 -1.919324819551128380e-03
3.805000000000000049e-01 6.243709862507061496e-03
3.811999999999999833e-01 1.109531457696808117e-02
3.819000000000000172e-01 1.241778163894765794e-02
3.825999999999999956e-01 9.999087945543157913e-03
3.832999999999999741e-01 3.629941181639976741e-03
3.840000000000000080e-01 -6.895243282992622944e-03
3.846999999999999864e-01 -2.177463470881151053e-02
3.854000000000000203e-01 -4.120181772605007592e-02
3.860999999999999988e-01 -6.536125391027770848e-02
3.867999999999999772e-01 -9.442996636440009750e-02
3.875000000000000111e-01 -1.248529838052672702e-01
3.881999999999999895e-01 -1.622244817543943007e-01
3.889000000000000234e-01 -2.062193572993894775e-01
3.896000000000000019e-01 -2.557187707863395332e-01
3.904000000000000248e-01 -3.189580739378326535e-01
3.911000000000000032e-01 -3.806585755710490404e-01
3.917999999999999816e-01 -4.482224614485186831e-01
3.925000000000000155e-01 -5.217386316185017581e-01
3.931999999999999940e-01 -6.012778630745703179e-01
3.938999999999999724e-01 -6.869038866045250602e-01
3.946000000000000063e-01 -7.786609176746339678e-01
3.952999999999999847e-01 -8.765831255453343518e-01
3.960000000000000187e-01 -9.806830179980312590e-01
3.966999999999999971e-01 -1.090961910450714001e+00
3.973999999999999755e-01 -1.207408702951649149e+00
3.981000000000000094e-01 -1.329992464809547359e+00
3.987999999999999878e-01 -1.458670657599954179e+00
3.995000000000000218e-01 -1.578902957793425266e+00
4.002000000000000002e-01 -1.713817171440104037e+00
4.008999999999999786e-01 -1.859508435443468333e+00
4.016000000000000125e-01 -2.010976467960968073e+00
4.023999999999999799e-01 -2.190772803177281958e+00
4.031000000000000139e-01 -2.354194567447508213e+00
4.037999999999999923e-01 -2.522965986139110495e+00
4.045000000000000262e-01 -2.696920959300382670e+00
4.052000000000000046e-01 -2.875877825452208825e+00
4.058999999999999830e-01 -3.059644046170161946e+00
4.066000000000000170e-01 -3.248027329139165698e+00
4.072999999999999954e-01 -3.440793836079482304e+00
4.079999999999999738e-01 -3.637716228470229574e+00
4.087000000000000077e-01 -3.838556698674775891e+00
4.093999999999999861e-01 -4.043062439056435586e+00
4.101000000000000201e-01 -4.250975888087937804e+00
4.107999999999999985e-01 -4.462011722811063841e+00
4.114999999999999769e-01 -4.653019912780408163e+00
4.122000000000000108e-01 -4.861361144803097112e+00
4.128999999999999893e-01 -5.079743711330174882e+00
4.136000000000000232e-01 -5.300127670149757719e+00
4.143999999999999906e-01 -5.553993535643994228e+00
4.151000000000000245e-01 -5.777626015497836498e+00
4.158000000000000029e-01 -6.002265704242696565e+00
4.164999999999999813e-01 -6.227585332666403239e+00
4.172000000000000153e-01 -6.453278246830029374e+00
4.178999999999999937e-01 -6.678989362344523784e+00
4.186000000000000276e-01 -6.904404202071620311e+00
4.193000000000000060e-01 -7.129168950834487539e+00
4.199999999999999845e-01 -7.352990769870975996e+00
4.207000000000000184e-01 -7.575510959518855003e+00
4.213999999999999968e-01 -7.796418996433930104e+00
4.220999999999999752e-01 -8.015371334651673507e+00
4.228000000000000091e-01 -8.232066497033761365e+00
4.234999999999999876e-01 -8.423363300198587922e+00
4.242000000000000215e-01 -8.627273903445791703e+00
4.248999999999999999e-01 -8.835752311074683618e+00
4.255999999999999783e-01 -9.040759648481174082e+00
4.264000000000000012e-01 -9.270606857197114081e+00
4.270999999999999797e-01 -9.467236172491247714e+00
4.278000000000000136e-01 -9.659505411901475824e+00
4.284999999999999920e-01 -9.847161044543476294e+00
4.292000000000000259e-01 -1.002990967061028371e+01
4.299000000000000044e-01 -1.020754592045543241e+01
4.305999999999999828e-01 -1.037980565594397397e+01
4.313000000000000167e-01 -1.054646566914982841e+01
4.319999999999999951e-01 -1.070732647539447235e+01
4.326999999999999735e-01 -1.086216119019244886e+01
4.334000000000000075e-01 -1.101079672867229675e+01
4.340999999999999859e-01 -1.115305472167001710e+01
4.348000000000000198e-01 -1.128877209987694386e+01
4.354999999999999982e-01 -1.140411852559645034e+01
4.361999999999999766e-01 -1.152266784029677460e+01
4.369000000000000106e-01 -1.163890005305172792e+01
4.375999999999999890e-01 -1.174807116727670397e+01
4.384000000000000119e-01 -1.186437767519034026e+01
4.390999999999999903e-01 -1.195815356359095283e+01
4.398000000000000242e-01 -1.204460777543220473e+01
4.405000000000000027e-01 -1.212370122584261267e+01
4.411999999999999811e-01 -1.219540064560997727e+01
4.419000000000000150e-01 -1.225965154251567846e+01
4.425999999999999934e-01 -1.231648983922838170e+01
4.433000000000000274e-01 -1.236589666682537469e+01
4.440000000000000058e-01 -1.240786664057992184e+01
4.446999999999999842e-01 -1.244246450636010159e+01
4.454000000000000181e-01 -1.246971076440715365e+01
4.460999999999999965e-01 -1.248967874521938093e+01
4.467999999999999750e-01 -1.250242512583862364e+01
4.475000000000000089e-01 -1.250755129091580820e+01
4.481999999999999873e-01 -1.250694688941259081e+01
4.489000000000000212e-01 -1.249954133931492528e+01
4.495999999999999996e-01 -1.248528555252672767e+01
4.504000000000000226e-01 -1.246104471574984629e+01
4.511000000000000010e-01 -1.243255234006607601e+01
4.517999999999999794e-01 -1.239763262537891997e+01
4.525000000000000133e-01 -1.235644779469478749e+01
4.531999999999999917e-01 -1.230914064811017994e+01
4.539000000000000257e-01 -1.225589885464431106e+01
4.546000000000000041e-01 -1.219688084522971572e+01
4.552999999999999825e-01 -1.213230265804959096e+01
4.560000000000000164e-01 -1.206232469339340163e+01
4.566999999999999948e-01 -1.198715401254726132e+01
4.573999999999999733e-01 -1.190699480787451670e+01
4.581000000000000072e-01 -1.182204907937516758e+01
4.587999999999999856e-01 -1.173251370399457372e+01
4.595000000000000195e-01 -1.164869727143169165e+01
4.601999999999999980e-01 -1.155465456609432806e+01
4.608999999999999764e-01 -1.145323701244011794e+01
4.616000000000000103e-01 -1.134806563274294788e+01
4.623999999999999777e-01 -1.122368679946720427e+01
4.631000000000000116e-01 -1.111123098832942269e+01
4.637999999999999901e-01 -1.099569820735223935e+01
4.645000000000000240e-01 -1.087733357156766800e+01
4.652000000000000024e-01 -1.075633801968964498e+01
4.658999999999999808e-01 -1.063295207457981739e+01
4.666000000000000147e-01 -1.050737265184918456e+01
4.672999999999999932e-01 -1.037982275903791773e+01
4.680000000000000271e-01 -1.025049041170874276e+01
4.687000000000000055e-01 -1.011960271735358141e+01
4.693999999999999839e-01 -9.987334053159012015e+00
4.701000000000000179e-01 -9.853905626568659315e+00
4.707999999999999963e-01 -9.719498060878448698e+00
4.714999999999999747e-01 -9.598742750932192536e+00
4.722000000000000086e-01 -9.467916317473918042e+00
4.728999999999999870e-01 -9.331739836603938798e+00
4.736000000000000210e-01 -9.195275755058492706e+00
4.743999999999999884e-01 -9.039175145446739279e+00
4.751000000000000223e-01 -8.902635598999692590e+00
4.758000000000000007e-01 -8.766319351925462300e+00
4.764999999999999791e-01 -8.630344173677464426e+00
4.772000000000000131e-01 -8.494875417856905031e+00
4.778999999999999915e-01 -8.360017215541082791e+00
4.786000000000000254e-01 -8.225920481858498334e+00
4.793000000000000038e-01 -8.092684740153311296e+00
4.799999999999999822e-01 -7.960437413335438528e+00
4.807000000000000162e-01 -7.829268955440281452e+00
4.813999999999999946e-01 -7.699288835583597113e+00
4.820999999999999730e-01 -7.570577753910098906e+00
4.828000000000000069e-01 -7.443225225741305628e+00
4.834999999999999853e-01 -7.330726015898394010e+00
4.842000000000000193e-01 -7.210645423510047003e+00
4.848999999999999977e-01 -7.087575404518817734e+00
4.855999999999999761e-01 -6.966136218145758008e+00
4.863999999999999990e-01 -6.829346896455698257e+00
4.870999999999999774e-01 -6.711563897723801908e+00
4.878000000000000114e-01 -6.595567398750662669e+00
4.884999999999999898e-01 -6.481383976626392318e+00
4.892000000000000237e-01 -6.369052415884695506e+00
4.899000000000000021e-01 -6.258596785834306786e+00
4.905999999999999805e-01 -6.150057724851385466e+00
4.913000000000000145e-01 -6.043439956183569883e+00
4.919999999999999929e-01 -5.938757702837293095e+00
4.927000000000000268e-01 -5.836043333976492775e+00
4.934000000000000052e-01 -5.735295988218600982e+00
4.940999999999999837e-01 -5.636530011624683034e+00
4.948000000000000176e-01 -5.539741204291209975e+00
4.954999999999999960e-01 -5.455025190571540783e+00
4.961999999999999744e-01 -5.365347194996319402e+00
4.969000000000000083e-01 -5.274247766728061393e+00
4.975999999999999868e-01 -5.185142893386301743e+00
4.984000000000000097e-01 -5.085666328861730534e+00
4.990999999999999881e-01 -5.000826475322467601e+00
4.998000000000000220e-01 -4.917980037152968720e+00
5.004999999999999449e-01 -4.837125037456143417e+00
5.011999999999999789e-01 -4.758261037759313972e+00
5.019000000000000128e-01 -4.681382061165388464e+00
5.026000000000000467e-01 -4.606493061468551531e+00
5.032999999999999696e-01 -4.533602746353718516e+00
5.040000000000000036e-01 -4.462711577396431650e+00
5.047000000000000375e-01 -4.393815139226922462e+00
5.053999999999999604e-01 -4.326939170173152327e+00
5.060999999999999943e-01 -4.262076247325177647e+00
5.068000000000000282e-01 -4.199243962853381085e+00
5.074999999999999512e-01 -4.144908198368848495e+00
5.081999999999999851e-01 -4.088064995981405936e+00
5.089000000000000190e-01 -4.031113689346024209e+00
5.096000000000000529e-01 -3.976254914534233631e+00
5.103999999999999648e-01 -3.916062485783520675e+00
5.110999999999999988e-01 -3.865760270137965193e+00
5.118000000000000327e-01 -3.817635208190106599e+00
5.124999999999999556e-01 -3.771705953878899731e+00
5.131999999999999895e-01 -3.728005437895618890e+00
5.139000000000000234e-01 -3.686579906349582103e+00
5.145999999999999464e-01 -3.647456867022168314e+00
5.152999999999999803e-01 -3.610671419865127518e+00
5.160000000000000142e-01 -3.576273372515101912e+00
5.167000000000000481e-01 -3.544292525068579280e+00
5.173999999999999710e-01 -3.514787323538389963e+00
5.181000000000000050e-01 -3.487790175754146293e+00
5.188000000000000389e-01 -3.463357112358896206e+00
5.194999999999999618e-01 -3.443815444655862645e+00
5.201999999999999957e-01 -3.425038696071240896e+00
5.209000000000000297e-01 -3.408184044262884793e+00
5.215999999999999526e-01 -3.394072941719516123e+00
5.223999999999999755e-01 -3.381256238983159967e+00
5.231000000000000094e-01 -3.373193374526490373e+00
5.238000000000000433e-01 -3.368031348349506793e+00
5.244999999999999662e-01 -3.365800375918474252e+00
5.252000000000000002e-01 -3.366568441670634293e+00
5.259000000000000341e-01 -3.370367853483859477e+00
5.265999999999999570e-01 -3.377231295940130718e+00
5.272999999999999909e-01 -3.387220945840055730e+00
5.280000000000000249e-01 -3.400351718794635936e+00
5.286999999999999478e-01 -3.416662914659131633e+00
5.293999999999999817e-01 -3.436189287324233455e+00
5.301000000000000156e-01 -3.458956152207956602e+00
5.308000000000000496e-01 -3.484978117043437074e+00
5.314999999999999725e-01 -3.511105229232438951e+00
5.322000000000000064e-01 -3.542153838788270281e+00
5.329000000000000403e-01 -3.577575090277349101e+00
5.335999999999999632e-01 -3.616304162604723427e+00
5.343999999999999861e-01 -3.664465317442464176e+00
5.351000000000000201e-01 -3.710253289818087108e+00
5.358000000000000540e-01 -3.759315354605323733e+00
5.364999999999999769e-01 -3.811632050228581203e+00
5.372000000000000108e-01 -3.867180253633223153e+00
5.379000000000000448e-01 -3.925924011025055282e+00
5.385999999999999677e-01 -3.987812514767414385e+00
5.393000000000000016e-01 -4.052803010969636688e+00
5.400000000000000355e-01 -4.120844253522411016e+00
5.406999999999999584e-01 -4.191870434789070288e+00
5.413999999999999924e-01 -4.265815262454530021e+00
5.421000000000000263e-01 -4.342590536615272612e+00
5.427999999999999492e-01 -4.422116211065492131e+00
5.434999999999999831e-01 -4.495481819388252198e+00
5.442000000000000171e-01 -4.576868692947450690e+00
5.449000000000000510e-01 -4.663702520181682409e+00
5.455999999999999739e-01 -4.752874075385730812e+00
5.463999999999999968e-01 -4.857420535360229330e+00
5.471000000000000307e-01 -4.951204912367514588e+00
5.477999999999999536e-01 -5.046926582172376996e+00
5.484999999999999876e-01 -5.144430491028873398e+00
5.492000000000000215e-01 -5.243573861943406911e+00
5.499000000000000554e-01 -5.344196202697371945e+00
5.505999999999999783e-01 -5.446122413338973622e+00
5.513000000000000123e-01 -5.549182324607793149e+00
5.520000000000000462e-01 -5.653223159510239348e+00
5.526999999999999691e-01 -5.758024049123536159e+00
5.534000000000000030e-01 -5.863423716212904147e+00
5.541000000000000369e-01 -5.969215099492246601e+00
5.547999999999999599e-01 -6.075219621871436715e+00
5.554999999999999938e-01 -6.169900426979195274e+00
5.562000000000000277e-01 -6.271885429533691436e+00
5.568999999999999506e-01 -6.377318728957708238e+00
5.575999999999999845e-01 -6.482151501762799306e+00
5.584000000000000075e-01 -6.601004914848308758e+00
5.591000000000000414e-01 -6.703852372743470234e+00
5.597999999999999643e-01 -6.805424400671006957e+00
5.604999999999999982e-01 -6.905516098582713092e+00
5.612000000000000322e-01 -7.003904828102410995e+00
5.618999999999999551e-01 -7.100366296914945252e+00
5.625999999999999890e-01 -7.194701266451189348e+00
5.633000000000000229e-01 -7.286694244492508687e+00
5.639999999999999458e-01 -7.376119400299361750e+00
5.646999999999999797e-01 -7.462779618357243017e+00
5.654000000000000137e-01 -7.546471798714393664e+00
5.661000000000000476e-01 -7.626990087528384699e+00
5.667999999999999705e-01 -7.704144707805591352e+00
5.675000000000000044e-01 -7.769937495420733420e+00
5.682000000000000384e-01 -7.837686281270660693e+00
5.688999999999999613e-01 -7.904176467366161418e+00
5.695999999999999952e-01 -7.966588809063616772e+00
5.704000000000000181e-01 -8.032901496365280281e+00
5.711000000000000520e-01 -8.086047312865584757e+00
5.717999999999999750e-01 -8.134620760684374119e+00
5.725000000000000089e-01 -8.178485793615864807e+00
5.732000000000000428e-01 -8.217501580920515636e+00
5.738999999999999657e-01 -8.251556007083799216e+00
5.745999999999999996e-01 -8.280544633633059703e+00
5.753000000000000336e-01 -8.304341260664788393e+00
5.759999999999999565e-01 -8.322866264883089116e+00
5.766999999999999904e-01 -8.336041815548428602e+00
5.774000000000000243e-01 -8.343806843352096436e+00
5.780999999999999472e-01 -8.346092248342342756e+00
5.787999999999999812e-01 -8.342855207319772148e+00
5.795000000000000151e-01 -8.335091723482344506e+00
5.802000000000000490e-01 -8.321876220047332851e+00
5.808999999999999719e-01 -8.302738055030790321e+00
5.816000000000000059e-01 -8.278015780161249282e+00
5.824000000000000288e-01 -8.243180941403283057e+00
5.830999999999999517e-01 -8.206587292647581577e+00
5.837999999999999856e-01 -8.164506528377367900e+00
5.845000000000000195e-01 -8.117000117708364826e+00
5.852000000000000535e-01 -8.064137476010335703e+00
5.858999999999999764e-01 -8.005990310968185142e+00
5.866000000000000103e-01 -7.942669045491810742e+00
5.873000000000000442e-01 -7.874270187362585993e+00
5.879999999999999671e-01 -7.800919182593357704e+00
5.887000000000000011e-01 -7.722733369705016671e+00
5.894000000000000350e-01 -7.639867879292362218e+00
5.900999999999999579e-01 -7.552486419040312704e+00
5.907999999999999918e-01 -7.460734204415098603e+00
5.915000000000000258e-01 -7.375101058708636970e+00
5.921999999999999487e-01 -7.279223445554453775e+00
5.928999999999999826e-01 -7.176037429842198279e+00
5.936000000000000165e-01 -7.069225501336894979e+00
5.944000000000000394e-01 -6.943112281912632078e+00
5.950999999999999623e-01 -6.829267516498212842e+00
5.957999999999999963e-01 -6.712499350311833979e+00
5.965000000000000302e-01 -6.593054206263428085e+00
5.971999999999999531e-01 -6.471164592134375226e+00
5.978999999999999870e-01 -6.347110738471222646e+00
5.986000000000000210e-01 -6.221142368521617172e+00
5.993000000000000549e-01 -6.093529805243704800e+00
5.999999999999999778e-01 -5.964537802528225185e+00
6.007000000000000117e-01 -5.834456683333288929e+00
6.014000000000000457e-01 -5.703544732433863729e+00
6.020999999999999686e-01 -5.572100057321903499e+00
6.028000000000000025e-01 -5.440402188881634515e+00
6.035000000000000364e-01 -5.322785710233173262e+00
6.041999999999999593e-01 -5.196144318029044307e+00
6.048999999999999932e-01 -5.065325834238652902e+00
6.056000000000000272e-01 -4.935356073670295274e+00
6.064000000000000501e-01 -4.788183692141520176e+00
6.070999999999999730e-01 -4.661015263442043199e+00
6.078000000000000069e-01 -4.535608595208453941e+00
6.085000000000000409e-01 -4.412240733646556556e+00
6.091999999999999638e-01 -4.291204609447696328e+00
6.098999999999999977e-01 -4.172753530489694107e+00
6.106000000000000316e-01 -4.057177042737120765e+00
6.112999999999999545e-01 -3.944737992492321599e+00
6.119999999999999885e-01 -3.835706187391887845e+00
6.127000000000000224e-01 -3.730328866005001132e+00
6.133999999999999453e-01 -3.628865251338072362e+00
6.140999999999999792e-01 -3.531555143487586701e+00
6.148000000000000131e-01 -3.438644788562863042e+00
6.155000000000000471e-01 -3.359701022982184870e+00
6.161999999999999700e-01 -3.278736983889481316e+00
6.169000000000000039e-01 -3.199643899065061081e+00
6.176000000000000378e-01 -3.125795098050680121e+00
6.183999999999999497e-01 -3.047856617150901837e+00
6.190999999999999837e-01 -2.985927495970693180e+00
6.198000000000000176e-01 -2.929854797217937179e+00
6.205000000000000515e-01 -2.879818643947281487e+00
6.211999999999999744e-01 -2.835987228522107273e+00
6.219000000000000083e-01 -2.798531673997049385e+00
6.226000000000000423e-01 -2.767595803571505808e+00
6.232999999999999652e-01 -2.743313494190833257e+00
6.239999999999999991e-01 -2.725836530388756174e+00
6.247000000000000330e-01 -2.715294296891999970e+00
6.253999999999999559e-01 -2.711792155324389775e+00
6.260999999999999899e-01 -2.715461136328968461e+00
6.268000000000000238e-01 -2.726397963153379234e+00
6.274999999999999467e-01 -2.742639998565663983e+00
6.281999999999999806e-01 -2.766640354165204929e+00
6.289000000000000146e-01 -2.798877957957593754e+00
6.296000000000000485e-01 -2.838735307618065917e+00
6.303999999999999604e-01 -2.893402399846191297e+00
6.310999999999999943e-01 -2.949842394001202184e+00
6.318000000000000282e-01 -3.014116372593456550e+00
6.324999999999999512e-01 -3.086301366266000823e+00
6.331999999999999851e-01 -3.166458028957775728e+00
6.339000000000000190e-01 -3.254634822244349746e+00
6.346000000000000529e-01 -3.350889846077491629e+00
6.352999999999999758e-01 -3.455283100457162249e+00
6.360000000000000098e-01 -3.567867754643859524e+00
6.367000000000000437e-01 -3.688690685582932449e+00
6.373999999999999666e-01 -3.817810700910968968e+00
6.381000000000000005e-01 -3.955276846833823967e+00
6.388000000000000345e-01 -4.101160030939891676e+00
6.394999999999999574e-01 -4.238903683211358242e+00
6.401999999999999913e-01 -4.394940462316699659e+00
6.409000000000000252e-01 -4.565189178703196404e+00
6.415999999999999481e-01 -4.744108484898961642e+00
6.423999999999999710e-01 -4.958934732626593345e+00
6.431000000000000050e-01 -5.156672261346312069e+00
6.438000000000000389e-01 -5.363350128104511505e+00
6.444999999999999618e-01 -5.579048179203406121e+00
6.451999999999999957e-01 -5.803890791347190437e+00
6.459000000000000297e-01 -6.037973395468365645e+00
6.465999999999999526e-01 -6.281441345168134127e+00
6.472999999999999865e-01 -6.534418048276139146e+00
6.480000000000000204e-01 -6.797041143168541133e+00
6.487000000000000544e-01 -7.069502006549496009e+00
6.493999999999999773e-01 -7.351937454078140810e+00
6.501000000000000112e-01 -7.644546062362207905e+00
6.508000000000000451e-01 -7.947520046867962762e+00
6.514999999999999680e-01 -8.227427827767250790e+00
6.522000000000000020e-01 -8.538823375090853318e+00
6.529000000000000359e-01 -8.872596427432265287e+00
6.535999999999999588e-01 -9.217592318510199334e+00
6.543999999999999817e-01 -9.625497495276830406e+00
6.551000000000000156e-01 -9.995452428269627987e+00
6.558000000000000496e-01 -1.037751929852898591e+01
6.564999999999999725e-01 -1.077197485240529318e+01
6.572000000000000064e-01 -1.117916237419121117e+01
6.579000000000000403e-01 -1.159938919486751630e+01
6.585999999999999632e-01 -1.203303372178119979e+01
6.592999999999999972e-01 -1.248042733211900668e+01
6.600000000000000311e-01 -1.294194054874261290e+01
6.606999999999999540e-01 -1.341800018682861584e+01
6.613999999999999879e-01 -1.390898574661843412e+01
6.621000000000000218e-01 -1.441529540491261407e+01
6.627999999999999448e-01 -1.493738168457280935e+01
6.634999999999999787e-01 -1.541797260192292640e+01
6.642000000000000126e-01 -1.595099838522615521e+01
6.649000000000000465e-01 -1.652059713577832767e+01
6.655999999999999694e-01 -1.710770802631833831e+01
6.663999999999999924e-01 -1.780001983477927396e+01
6.671000000000000263e-01 -1.842627881953274738e+01
6.677999999999999492e-01 -1.907158087166505567e+01
6.684999999999999831e-01 -1.973638059136922607e+01
6.692000000000000171e-01 -2.042127696259999325e+01
6.699000000000000510e-01 -2.112672677839627866e+01
6.705999999999999739e-01 -2.185324342300205203e+01
6.713000000000000078e-01 -2.260135148104783198e+01
6.720000000000000417e-01 -2.337157836790339971e+01
6.726999999999999647e-01 -2.416442390676783347e+01
6.733999999999999986e-01 -2.498041042059961114e+01
6.741000000000000325e-01 -2.582006917861095374e+01
6.747999999999999554e-01 -2.668387070414565443e+01
6.754999999999999893e-01 -2.747715940389789324e+01
6.762000000000000233e-01 -2.835500600637559998e+01
6.768999999999999462e-01 -2.929067236912267447e+01
6.775999999999999801e-01 -3.025238825328411352e+01
6.784000000000000030e-01 -3.138296146507461515e+01
6.791000000000000369e-01 -3.240214318743899469e+01
6.797999999999999599e-01 -3.344885211579936168e+01
6.804999999999999938e-01 -3.452351536567062595e+01
6.812000000000000277e-01 -3.562654981399800391e+01
6.818999999999999506e-01 -3.675834072245353923e+01
6.825999999999999845e-01 -3.791929797552278814e+01
6.833000000000000185e-01 -3.910976228891318129e+01
6.840000000000000524e-01 -4.033007020104933815e+01
6.846999999999999753e-01 -4.158055885808830965e+01
6.854000000000000092e-01 -4.286147560657412470e+01
6.861000000000000432e-01 -4.417310965395044065e+01
6.867999999999999661e-01 -4.551570023124575926e+01
6.875000000000000000e-01 -4.674232321076122076e+01
6.882000000000000339e-01 -4.809311442775162249e+01
6.888999999999999568e-01 -4.952515406582507040e+01
6.895999999999999908e-01 -5.098875864636981703e+01
6.904000000000000137e-01 -5.269895657815457923e+01
6.911000000000000476e-01 -5.423051134491885961e+01
6.917999999999999705e-01 -5.579378354261523754e+01
6.925000000000000044e-01 -5.738876076341473720e+01
6.932000000000000384e-01 -5.901539075366789433e+01
6.938999999999999613e-01 -6.067358704425834048e+01
6.945999999999999952e-01 -6.236318605857911734e+01
6.953000000000000291e-01 -6.408407583481317715e+01
6.959999999999999520e-01 -6.583596838146559094e+01
6.966999999999999860e-01 -6.761860773671965319e+01
6.974000000000000199e-01 -6.943171047766531956e+01
6.981000000000000538e-01 -7.127502246568546695e+01
6.987999999999999767e-01 -7.314800795587622417e+01
6.995000000000000107e-01 -7.484691270055421342e+01
7.002000000000000446e-01 -7.670517292031570378e+01
7.008999999999999675e-01 -7.866074082740048823e+01
7.016000000000000014e-01 -8.064422704523255447e+01
7.024000000000000243e-01 -8.294343083124392990e+01
7.030999999999999472e-01 -8.498473307134199217e+01
7.037999999999999812e-01 -8.705202188291991661e+01
7.045000000000000151e-01 -8.914454782044752790e+01
7.052000000000000490e-01 -9.126152151476040331e+01
7.058999999999999719e-01 -9.340223293473283661e+01
