0.000000000000000000e+00 -2.615956269950475699e-01
2.899999999999999800e-03 -2.410805028731725919e-01
5.899999999999999863e-03 -2.278638809980713942e-01
8.800000000000000530e-03 -2.219048554739113943e-01
1.170000000000000033e-02 -2.229810987793703070e-01
1.469999999999999953e-02 -2.307092937296210122e-01
1.760000000000000106e-02 -2.445550267885935602e-01
2.050000000000000086e-02 -2.638605535736101571e-01
2.350000000000000006e-02 -2.878721537005275999e-01
2.639999999999999986e-02 -3.157522105051048245e-01
2.929999999999999966e-02 -3.466178324721541637e-01
3.219999999999999946e-02 -3.795629574946348117e-01
3.520000000000000212e-02 -4.136958581780557087e-01
3.810000000000000192e-02 -4.481324641459384917e-01
4.100000000000000172e-02 -4.820470816179750484e-01
4.399999999999999745e-02 -5.146867359409796894e-01
4.689999999999999725e-02 -5.453638628503281183e-01
4.979999999999999705e-02 -5.734884155188505472e-01
5.279999999999999971e-02 -5.985784307078945155e-01
5.569999999999999951e-02 -6.202384298082368463e-01
5.859999999999999931e-02 -6.381876657410715525e-01
6.160000000000000198e-02 -6.522452011528028226e-01
6.450000000000000178e-02 -6.623224857105706187e-01
6.740000000000000158e-02 -6.684258072987209198e-01
7.040000000000000424e-02 -6.706439608121631535e-01
7.330000000000000404e-02 -6.691365234574040421e-01
7.620000000000000384e-02 -6.641305771148171555e-01
7.920000000000000651e-02 -6.559030323540591123e-01
8.210000000000000631e-02 -6.447821916200523473e-01
8.500000000000000611e-02 -6.311268223944375144e-01
8.799999999999999489e-02 -6.153227053707214234e-01
9.089999999999999469e-02 -5.977791326578483222e-01
9.379999999999999449e-02 -5.789117005167074836e-01
9.669999999999999429e-02 -5.591452182230257639e-01
9.969999999999999696e-02 -5.388932013254943421e-01
1.025999999999999968e-01 -5.185710749549063969e-01
1.054999999999999966e-01 -4.985756970116629327e-01
1.084999999999999992e-01 -4.792777855431247236e-01
1.113999999999999990e-01 -4.610294607187065963e-01
1.142999999999999988e-01 -4.441462611865802934e-01
1.173000000000000015e-01 -4.289039466084330621e-01
1.202000000000000013e-01 -4.155385065585797677e-01
1.231000000000000011e-01 -4.042362364710778144e-01
1.260999999999999899e-01 -3.951245297485428409e-01
1.290000000000000036e-01 -3.882806829038457641e-01
1.318999999999999895e-01 -3.837189138049760251e-01
1.348999999999999921e-01 -3.813894337587144800e-01
1.378000000000000058e-01 -3.811847132846054587e-01
1.406999999999999917e-01 -3.829370758591320589e-01
1.436999999999999944e-01 -3.864233363304681590e-01
1.466000000000000081e-01 -3.913724398719903852e-01
1.494999999999999940e-01 -3.974716131599720925e-01
1.524000000000000077e-01 -4.043751500106385621e-01
1.554000000000000103e-01 -4.117230098884764322e-01
1.582999999999999963e-01 -4.191432306326120516e-01
1.612000000000000099e-01 -4.262729449052894415e-01
1.642000000000000126e-01 -4.327719973049058422e-01
1.670999999999999985e-01 -4.383307643368040685e-01
1.700000000000000122e-01 -4.426897204752295312e-01
1.729999999999999871e-01 -4.456478477443546193e-01
1.759000000000000008e-01 -4.470705416141974031e-01
1.787999999999999867e-01 -4.468964386118663978e-01
1.817999999999999894e-01 -4.451422744914284024e-01
1.847000000000000031e-01 -4.419027125641035725e-01
1.875999999999999890e-01 -4.373432914781498204e-01
1.905999999999999917e-01 -4.316976298744690244e-01
1.935000000000000053e-01 -4.252543679653184028e-01
1.963999999999999913e-01 -4.183446971043005558e-01
1.993999999999999939e-01 -4.113227454595087540e-01
2.023000000000000076e-01 -4.045543767736885510e-01
2.051999999999999935e-01 -3.983923471136892602e-01
2.081999999999999962e-01 -3.931571119889950561e-01
2.111000000000000099e-01 -3.891229058056081547e-01
2.139999999999999958e-01 -3.864960474561539017e-01
2.169000000000000095e-01 -3.854052380910648612e-01
2.199000000000000121e-01 -3.858843523283420063e-01
2.227999999999999980e-01 -3.878729843617306772e-01
2.257000000000000117e-01 -3.912075207631716678e-01
2.286999999999999866e-01 -3.956299079645279049e-01
2.316000000000000003e-01 -4.007887492372950167e-01
2.344999999999999862e-01 -4.062577936377159693e-01
2.374999999999999889e-01 -4.115483710238956871e-01
2.404000000000000026e-01 -4.161330059328273157e-01
2.432999999999999885e-01 -4.194680635452001649e-01
2.462999999999999912e-01 -4.210210559049196166e-01
2.492000000000000048e-01 -4.202927433031748428e-01
2.520999999999999908e-01 -4.168520863728006343e-01
2.550999999999999934e-01 -4.103536266380288233e-01
2.580000000000000071e-01 -4.005634724039124350e-01
2.609000000000000208e-01 -3.873799066114214096e-01
2.639000000000000234e-01 -3.708368838710284776e-01
2.667999999999999816e-01 -3.511302719703184305e-01
2.696999999999999953e-01 -3.286042204689805790e-01
2.726999999999999980e-01 -3.037443974412488146e-01
2.756000000000000116e-01 -2.771868277843672623e-01
2.785000000000000253e-01 -2.496785365745632923e-01
2.813999999999999835e-01 -2.220671117142709594e-01
2.843999999999999861e-01 -1.952564312363116172e-01
2.872999999999999998e-01 -1.702047168741856742e-01
2.902000000000000135e-01 -1.478591540493580658e-01
2.932000000000000162e-01 -1.291294982889697740e-01
2.960999999999999743e-01 -1.148645195017547888e-01
2.989999999999999880e-01 -1.058014662944289364e-01
3.019999999999999907e-01 -1.025440217515452695e-01
3.049000000000000044e-01 -1.055365752313972699e-01
3.078000000000000180e-01 -1.150378709365588170e-01
3.108000000000000207e-01 -1.311206929766496054e-01
3.136999999999999789e-01 -1.536461786872202750e-01
3.165999999999999925e-01 -1.822811816542803665e-01
3.195999999999999952e-01 -2.165124610912398662e-01
3.225000000000000089e-01 -2.556353895480509841e-01
3.254000000000000226e-01 -2.988045613981319404e-01
3.284000000000000252e-01 -3.450682166209666502e-01
3.312999999999999834e-01 -3.933637512248162604e-01
3.341999999999999971e-01 -4.425963036245619819e-01
3.371000000000000107e-01 -4.916556484018996254e-01
3.401000000000000134e-01 -5.394758716625769335e-01
3.430000000000000271e-01 -5.850363537758100918e-01
3.458999999999999853e-01 -6.274322931957737604e-01
3.488999999999999879e-01 -6.659014938061963429e-01
3.518000000000000016e-01 -6.998200550130193598e-01
3.547000000000000153e-01 -7.287518107189713268e-01
3.577000000000000179e-01 -7.524536728426779453e-01
3.605999999999999761e-01 -7.708617406106663683e-01
3.634999999999999898e-01 -7.841028712044736393e-01
3.664999999999999925e-01 -7.924827477988770630e-01
3.694000000000000061e-01 -7.964584610821896504e-01
3.723000000000000198e-01 -7.966213055898455631e-01
3.753000000000000225e-01 -7.936626821846367585e-01
3.781999999999999806e-01 -7.883484839099625940e-01
3.810999999999999943e-01 -7.814801358063050429e-01
3.840999999999999970e-01 -7.738584966726890224e-01
3.870000000000000107e-01 -7.662564596424789043e-01
3.899000000000000243e-01 -7.593845912265129172e-01
3.929000000000000270e-01 -7.538611150449865406e-01
3.957999999999999852e-01 -7.502011630411936638e-01
3.986999999999999988e-01 -7.487848905269433031e-01
4.016000000000000125e-01 -7.498635763085730321e-01
4.046000000000000152e-01 -7.535448551155997654e-01
4.074999999999999734e-01 -7.598023911578672962e-01
4.103999999999999870e-01 -7.684822415088156111e-01
4.133999999999999897e-01 -7.793230850290029377e-01
4.163000000000000034e-01 -7.919678114359393062e-01
4.192000000000000171e-01 -8.059919412221233648e-01
4.222000000000000197e-01 -8.209344542548763224e-01
4.250999999999999779e-01 -8.363083544885545617e-01
4.279999999999999916e-01 -8.516427405210454937e-01
4.309999999999999942e-01 -8.665047736865202355e-01
4.339000000000000079e-01 -8.805106485739014888e-01
4.368000000000000216e-01 -8.933559070671112101e-01
4.398000000000000242e-01 -9.048269045502248531e-01
4.426999999999999824e-01 -9.148008195238075402e-01
4.455999999999999961e-01 -9.232593107152219369e-01
4.485999999999999988e-01 -9.302815257967723683e-01
4.515000000000000124e-01 -9.360367781783438534e-01
4.544000000000000261e-01 -9.407738637435213436e-01
4.572999999999999843e-01 -9.448015789150805421e-01
4.602999999999999869e-01 -9.484769739357867824e-01
4.632000000000000006e-01 -9.521770632761646924e-01
4.661000000000000143e-01 -9.562816858720264435e-01
4.691000000000000170e-01 -9.611520515922518104e-01
4.719999999999999751e-01 -9.671086863220275109e-01
4.748999999999999888e-01 -9.744130493458658115e-01
4.778999999999999915e-01 -9.832612985823421248e-01
4.808000000000000052e-01 -9.937608177270781384e-01
4.837000000000000188e-01 -1.005934912460402675e+00
4.867000000000000215e-01 -1.019718079457073046e+00
4.895999999999999797e-01 -1.034956377138464667e+00
4.924999999999999933e-01 -1.051415303706942694e+00
4.954999999999999960e-01 -1.068799408237140369e+00
4.984000000000000097e-01 -1.086752888194039368e+00
5.012999999999999678e-01 -1.104881661697352913e+00
5.042999999999999705e-01 -1.122783547730059173e+00
5.071999999999999842e-01 -1.140043767754985726e+00
5.100999999999999979e-01 -1.156270690997402761e+00
5.131000000000000005e-01 -1.171111452097249428e+00
5.160000000000000142e-01 -1.184254210320777601e+00
5.189000000000000279e-01 -1.195452480498245151e+00
5.218000000000000416e-01 -1.204524854576408677e+00
5.248000000000000442e-01 -1.211369365631121520e+00
5.276999999999999469e-01 -1.215949352687946350e+00
5.305999999999999606e-01 -1.218299591677203697e+00
5.335999999999999632e-01 -1.218521273233459157e+00
5.364999999999999769e-01 -1.216763446700596774e+00
5.393999999999999906e-01 -1.213216670320619972e+00
5.423999999999999932e-01 -1.208098600214211116e+00
5.453000000000000069e-01 -1.201642601831784729e+00
5.482000000000000206e-01 -1.194075941126986118e+00
5.512000000000000233e-01 -1.185610260648595649e+00
5.541000000000000369e-01 -1.176433753368221424e+00
5.570000000000000506e-01 -1.166699460540584932e+00
5.600000000000000533e-01 -1.156515520759723969e+00
5.628999999999999559e-01 -1.145952566238699788e+00
5.657999999999999696e-01 -1.135036585562807065e+00
5.687999999999999723e-01 -1.123749468449556144e+00
5.716999999999999860e-01 -1.112054195754857311e+00
5.745999999999999996e-01 -1.099887871289612518e+00
5.776000000000000023e-01 -1.087175092213334970e+00
5.805000000000000160e-01 -1.073856331472575532e+00
5.834000000000000297e-01 -1.059884532982397376e+00
5.863000000000000433e-01 -1.045247203843415074e+00
5.893000000000000460e-01 -1.029976353942037015e+00
5.921999999999999487e-01 -1.014159280779981520e+00
5.950999999999999623e-01 -9.979462532769195482e-01
5.980999999999999650e-01 -9.815450165340482425e-01
6.009999999999999787e-01 -9.652341517130064164e-01
6.038999999999999924e-01 -9.493466704082583751e-01
6.068999999999999950e-01 -9.342595984148960309e-01
6.098000000000000087e-01 -9.203930474535680917e-01
6.127000000000000224e-01 -9.081785778334228176e-01
6.157000000000000250e-01 -8.980473888172060271e-01
6.186000000000000387e-01 -8.904110896986895396e-01
6.215000000000000524e-01 -8.856317409667369134e-01
6.245000000000000551e-01 -8.840066566604768417e-01
6.273999999999999577e-01 -8.857429915525272257e-01
6.302999999999999714e-01 -8.909404941597672822e-01
6.332999999999999741e-01 -8.995801382375354649e-01
6.361999999999999877e-01 -9.115072166132093257e-01
6.391000000000000014e-01 -9.264291382388284424e-01
6.420000000000000151e-01 -9.439147930117481877e-01
6.450000000000000178e-01 -9.634071145113978218e-01
6.479000000000000314e-01 -9.842195624712566371e-01
6.508000000000000451e-01 -1.005564788787753017e+00
6.538000000000000478e-01 -1.026583318358001984e+00
6.566999999999999504e-01 -1.046351410573922669e+00
6.595999999999999641e-01 -1.063924692705028541e+00
6.625999999999999668e-01 -1.078376166459375618e+00
6.654999999999999805e-01 -1.088809148302581908e+00
6.683999999999999941e-01 -1.094412213733615413e+00
6.713999999999999968e-01 -1.094477754267878966e+00
6.743000000000000105e-01 -1.088435176520543113e+00
6.772000000000000242e-01 -1.075874707437692868e+00
6.802000000000000268e-01 -1.056559662046786530e+00
6.831000000000000405e-01 -1.030455776911324284e+00
6.860000000000000542e-01 -9.977233618463536846e-01
6.889999999999999458e-01 -9.587104148736618203e-01
6.918999999999999595e-01 -9.139759194563562561e-01
6.947999999999999732e-01 -8.642436421773683763e-01
6.977999999999999758e-01 -8.103814057031014650e-01
7.006999999999999895e-01 -7.534130048397921220e-01
7.036000000000000032e-01 -6.944447749276818627e-01
7.065000000000000169e-01 -6.346581395696109240e-01
7.095000000000000195e-01 -5.752440598463470778e-01
7.124000000000000332e-01 -5.174184425541556998e-01
7.153000000000000469e-01 -4.623383539341934245e-01
7.183000000000000496e-01 -4.110726719287985942e-01
7.211999999999999522e-01 -3.646078660699608176e-01
7.240999999999999659e-01 -3.237830077218856184e-01
7.270999999999999686e-01 -2.892723208635973875e-01
7.299999999999999822e-01 -2.615956269950475144e-01
