0.000000000000000000e+00 -1.567137452581260071e+01
5.000000000000000104e-04 -1.577486644154904383e+01
1.000000000000000021e-03 -1.588089886337630929e+01
1.500000000000000031e-03 -1.598948999887769240e+01
2.099999999999999870e-03 -1.610146273076552959e+01
2.599999999999999881e-03 -1.621592100449120721e+01
3.099999999999999891e-03 -1.633335486342334519e+01
3.599999999999999901e-03 -1.645350717884188541e+01
4.100000000000000346e-03 -1.657669793065361219e+01
4.599999999999999922e-03 -1.670266160192634786e+01
5.100000000000000366e-03 -1.683138391147428692e+01
5.700000000000000205e-03 -1.696380381076999910e+01
6.199999999999999782e-03 -1.709889117579295714e+01
6.700000000000000226e-03 -1.723702495418610070e+01
7.199999999999999803e-03 -1.737823014594942350e+01
7.700000000000000247e-03 -1.752253194950061754e+01
8.200000000000000691e-03 -1.766996705067833773e+01
8.699999999999999400e-03 -1.782055384631796713e+01
9.199999999999999845e-03 -1.797390129808437464e+01
9.799999999999999684e-03 -1.813131408245471121e+01
1.030000000000000013e-02 -1.829151684431304403e+01
1.080000000000000057e-02 -1.845479582325891599e+01
1.129999999999999928e-02 -1.862151805742677979e+01
1.179999999999999973e-02 -1.879152103566096699e+01
1.230000000000000017e-02 -1.896484607069946193e+01
1.280000000000000061e-02 -1.914082854591995897e+01
1.340000000000000045e-02 -1.932132765549051712e+01
1.389999999999999916e-02 -1.950449475089171969e+01
1.439999999999999961e-02 -1.969122952999653720e+01
1.490000000000000005e-02 -1.988115979794569554e+01
1.540000000000000049e-02 -2.007449333045176942e+01
1.590000000000000094e-02 -2.027124571414457677e+01
1.640000000000000138e-02 -2.047084478175573707e+01
1.700000000000000122e-02 -2.067480244054901561e+01
1.750000000000000167e-02 -2.088183996372016438e+01
1.799999999999999864e-02 -2.109211789306160867e+01
1.849999999999999908e-02 -2.130583900428593935e+01
1.899999999999999953e-02 -2.152301409897545881e+01
1.949999999999999997e-02 -2.174364216059536403e+01
2.000000000000000042e-02 -2.196771799792785274e+01
2.050000000000000086e-02 -2.219441694070967586e+01
2.110000000000000070e-02 -2.242581902195882293e+01
2.160000000000000114e-02 -2.266004980248700562e+01
2.210000000000000159e-02 -2.289771087921835857e+01
2.259999999999999856e-02 -2.313858539518962587e+01
2.309999999999999901e-02 -2.338287827492665016e+01
2.359999999999999945e-02 -2.363061077436310953e+01
2.409999999999999989e-02 -2.388105855035782454e+01
2.469999999999999973e-02 -2.413629671358500062e+01
2.520000000000000018e-02 -2.439397355162916980e+01
2.570000000000000062e-02 -2.465502681095508208e+01
2.620000000000000107e-02 -2.491941796964879074e+01
2.670000000000000151e-02 -2.518690703055701618e+01
2.719999999999999848e-02 -2.545772536393372221e+01
2.769999999999999893e-02 -2.573106508372920942e+01
2.829999999999999877e-02 -2.600919116945379628e+01
2.879999999999999921e-02 -2.628957633028254648e+01
2.929999999999999966e-02 -2.657341027331207783e+01
2.980000000000000010e-02 -2.686020314157913802e+01
3.030000000000000054e-02 -2.714989964101559750e+01
3.080000000000000099e-02 -2.744300361640306463e+01
3.130000000000000143e-02 -2.773812852322152267e+01
3.189999999999999780e-02 -2.803796921274716780e+01
3.239999999999999825e-02 -2.833976359572829651e+01
3.289999999999999869e-02 -2.864483694208140818e+01
3.339999999999999913e-02 -2.895259190813395378e+01
3.389999999999999958e-02 -2.926301432347301201e+01
3.440000000000000002e-02 -2.957659685099732982e+01
3.490000000000000047e-02 -2.989275533034057375e+01
3.540000000000000091e-02 -3.021083763735528649e+01
3.599999999999999728e-02 -3.053345959243013041e+01
3.649999999999999772e-02 -3.085764851892485439e+01
3.699999999999999817e-02 -3.118478619383907358e+01
3.749999999999999861e-02 -3.151426152943389880e+01
3.799999999999999906e-02 -3.184600467016944236e+01
3.849999999999999950e-02 -3.218058735228354550e+01
3.899999999999999994e-02 -3.251639812234809312e+01
3.960000000000000325e-02 -3.285652008312422367e+01
4.009999999999999676e-02 -3.319808015273876833e+01
4.059999999999999720e-02 -3.354164448833360268e+01
4.109999999999999765e-02 -3.388746581530518398e+01
4.159999999999999809e-02 -3.423548376197619802e+01
4.209999999999999853e-02 -3.458567435279302060e+01
4.259999999999999898e-02 -3.493697518942788349e+01
4.320000000000000229e-02 -3.529194063870034626e+01
4.370000000000000273e-02 -3.564786686503972390e+01
4.420000000000000318e-02 -3.600573407199756559e+01
4.469999999999999668e-02 -3.636507085118547167e+01
4.519999999999999712e-02 -3.672621321051499166e+01
4.569999999999999757e-02 -3.708941472016421415e+01
4.619999999999999801e-02 -3.745256250789849872e+01
4.680000000000000132e-02 -3.781969702980623538e+01
4.730000000000000177e-02 -3.818730500314174492e+01
4.780000000000000221e-02 -3.855600498652385255e+01
4.830000000000000265e-02 -3.892609369672580044e+01
4.880000000000000310e-02 -3.929748834656505352e+01
4.929999999999999660e-02 -3.966977976056382715e+01
4.979999999999999705e-02 -4.004359516166928756e+01
5.029999999999999749e-02 -4.041712982973783852e+01
5.090000000000000080e-02 -4.079373961949596605e+01
5.140000000000000124e-02 -4.117026411838690336e+01
5.190000000000000169e-02 -4.154731472075677345e+01
5.240000000000000213e-02 -4.192559553238569237e+01
5.290000000000000258e-02 -4.230417382565905626e+01
5.340000000000000302e-02 -4.268343392842629669e+01
5.390000000000000346e-02 -4.306225524454706033e+01
5.449999999999999983e-02 -4.344368272494376981e+01
5.500000000000000028e-02 -4.382408911813766395e+01
5.550000000000000072e-02 -4.420529021663482894e+01
5.600000000000000117e-02 -4.458638158973551668e+01
5.650000000000000161e-02 -4.496767654946601311e+01
5.700000000000000205e-02 -4.534914797937100417e+01
5.750000000000000250e-02 -4.572958794496732793e+01
5.809999999999999887e-02 -4.611172754946601771e+01
5.859999999999999931e-02 -4.649318862858164891e+01
5.909999999999999976e-02 -4.687405511457926366e+01
5.960000000000000020e-02 -4.725464926196917048e+01
6.010000000000000064e-02 -4.763500736695453952e+01
6.060000000000000109e-02 -4.801494833966144427e+01
6.110000000000000153e-02 -4.839341156047976256e+01
6.169999999999999790e-02 -4.877296016506152654e+01
6.219999999999999835e-02 -4.915089646126470058e+01
6.270000000000000573e-02 -4.952859291712250212e+01
6.320000000000000617e-02 -4.990511309402361917e+01
6.370000000000000662e-02 -5.028079684101975033e+01
6.419999999999999318e-02 -5.065560820415690557e+01
6.469999999999999363e-02 -5.102894610210134374e+01
6.519999999999999407e-02 -5.140075197373550253e+01
6.579999999999999738e-02 -5.177297900590537694e+01
6.629999999999999782e-02 -5.214350225187552468e+01
6.679999999999999827e-02 -5.251229395504375930e+01
6.729999999999999871e-02 -5.287979577324395564e+01
6.779999999999999916e-02 -5.324589507886513218e+01
6.829999999999999960e-02 -5.361056044200228854e+01
6.880000000000000004e-02 -5.397273048885713109e+01
6.940000000000000335e-02 -5.433479916685325861e+01
6.990000000000000380e-02 -5.469473996353688250e+01
7.040000000000000424e-02 -5.505244739423663702e+01
7.090000000000000469e-02 -5.540889270278761103e+01
7.140000000000000513e-02 -5.576300536932782848e+01
7.190000000000000557e-02 -5.611522174615307534e+01
7.240000000000000602e-02 -5.646450451130326087e+01
7.299999999999999545e-02 -5.681367839988304524e+01
7.349999999999999589e-02 -5.715984644530045955e+01
7.399999999999999634e-02 -5.750389918446811066e+01
7.449999999999999678e-02 -5.784574863898562569e+01
7.499999999999999722e-02 -5.818480151327845107e+01
7.549999999999999767e-02 -5.852213288441026151e+01
7.599999999999999811e-02 -5.885653301107835489e+01
7.649999999999999856e-02 -5.918767949710569809e+01
7.710000000000000187e-02 -5.951871445278563044e+01
7.760000000000000231e-02 -5.984576689219170476e+01
7.810000000000000275e-02 -6.017024600952487390e+01
7.860000000000000320e-02 -6.049219001040271593e+01
7.910000000000000364e-02 -6.081147244909710992e+01
7.960000000000000409e-02 -6.112805932560805644e+01
8.010000000000000453e-02 -6.144105097387967618e+01
8.069999999999999396e-02 -6.175241319366192272e+01
8.119999999999999440e-02 -6.206069792927116424e+01
8.169999999999999485e-02 -6.236617234644899099e+01
8.219999999999999529e-02 -6.266812395262650170e+01
8.269999999999999574e-02 -6.296773336980432134e+01
8.319999999999999618e-02 -6.326380917875267329e+01
8.369999999999999662e-02 -6.355611747438834414e+01
8.429999999999999993e-02 -6.384755210147580584e+01
8.480000000000000038e-02 -6.413453829001304030e+01
8.530000000000000082e-02 -6.441845045339225351e+01
8.580000000000000127e-02 -6.469922768291066006e+01
8.630000000000000171e-02 -6.497687330064121625e+01
8.680000000000000215e-02 -6.525135038925793651e+01
8.730000000000000260e-02 -6.552188839954746413e+01
8.790000000000000591e-02 -6.579069230193445605e+01
8.840000000000000635e-02 -6.605555211737102184e+01
8.890000000000000679e-02 -6.631713539578217365e+01
8.939999999999999336e-02 -6.657545791794537138e+01
8.989999999999999380e-02 -6.682984256368068543e+01
9.039999999999999425e-02 -6.708159299019344246e+01
9.089999999999999469e-02 -6.732997247928702222e+01
9.139999999999999514e-02 -6.757374447430679254e+01
9.199999999999999845e-02 -6.781612316696444509e+01
9.249999999999999889e-02 -6.805382990328537574e+01
9.299999999999999933e-02 -6.828883744989492754e+01
9.349999999999999978e-02 -6.851983588431923522e+01
9.400000000000000022e-02 -6.874742606707997084e+01
9.450000000000000067e-02 -6.897234172872148861e+01
9.500000000000000111e-02 -6.919253801649264801e+01
9.560000000000000442e-02 -6.941059869313748720e+01
9.610000000000000486e-02 -6.962533223112380654e+01
9.660000000000000531e-02 -6.983599686396580353e+01
9.710000000000000575e-02 -7.004325291017798349e+01
9.760000000000000620e-02 -7.024712627917475061e+01
9.810000000000000664e-02 -7.044770386597072331e+01
9.859999999999999321e-02 -7.064492079852411166e+01
9.919999999999999651e-02 -7.083923007058032795e+01
9.969999999999999696e-02 -7.102962620808980887e+01
1.001999999999999974e-01 -7.121670318816275369e+01
1.006999999999999978e-01 -7.140039304458048264e+01
1.011999999999999983e-01 -7.158074839704244141e+01
1.016999999999999987e-01 -7.175779917940938901e+01
1.021999999999999992e-01 -7.193156977127021889e+01
1.026999999999999996e-01 -7.210153002894072927e+01
1.033000000000000029e-01 -7.226915003046600816e+01
1.038000000000000034e-01 -7.243305527580754699e+01
1.043000000000000038e-01 -7.259369814520169939e+01
1.048000000000000043e-01 -7.275042622155368122e+01
1.053000000000000047e-01 -7.290466616926870813e+01
1.058000000000000052e-01 -7.305563989483135856e+01
1.063000000000000056e-01 -7.320311237333748977e+01
1.068999999999999950e-01 -7.334820050268146474e+01
1.073999999999999955e-01 -7.348981887238990396e+01
1.078999999999999959e-01 -7.362825678845867117e+01
1.083999999999999964e-01 -7.376365310500429473e+01
1.088999999999999968e-01 -7.389528284346026510e+01
1.093999999999999972e-01 -7.402458679259862606e+01
1.098999999999999977e-01 -7.415052429592266492e+01
1.105000000000000010e-01 -7.427414143565339089e+01
1.110000000000000014e-01 -7.439451963716705052e+01
1.115000000000000019e-01 -7.451124590544851856e+01
1.120000000000000023e-01 -7.462579946708645195e+01
1.125000000000000028e-01 -7.473748414446804134e+01
1.130000000000000032e-01 -7.484630778086844316e+01
1.135000000000000037e-01 -7.495204353667433850e+01
1.140999999999999931e-01 -7.505558161158261044e+01
1.145999999999999935e-01 -7.515531571593938054e+01
1.150999999999999940e-01 -7.525310785700723670e+01
1.155999999999999944e-01 -7.534818760986296127e+01
1.160999999999999949e-01 -7.544059268550329023e+01
1.165999999999999953e-01 -7.553040128163418387e+01
1.170999999999999958e-01 -7.561757389865304901e+01
1.175999999999999962e-01 -7.570125558709388258e+01
1.181999999999999995e-01 -7.578356471630772262e+01
1.187000000000000000e-01 -7.586315752019125114e+01
1.192000000000000004e-01 -7.594031881149572882e+01
1.197000000000000008e-01 -7.601501878072733120e+01
1.202000000000000013e-01 -7.608729875858215053e+01
1.207000000000000017e-01 -7.615721976159504436e+01
1.212000000000000022e-01 -7.622466182421190695e+01
1.218000000000000055e-01 -7.629010868494677311e+01
1.223000000000000059e-01 -7.635313108479502375e+01
1.228000000000000064e-01 -7.641388110505440068e+01
1.233000000000000068e-01 -7.647245515838336871e+01
1.237999999999999934e-01 -7.652885511250350703e+01
1.242999999999999938e-01 -7.658307693505686586e+01
1.247999999999999943e-01 -7.663509309396063429e+01
1.254000000000000115e-01 -7.668528058016360660e+01
1.259000000000000119e-01 -7.673330214678328787e+01
1.264000000000000123e-01 -7.677930186221625775e+01
1.269000000000000128e-01 -7.682328995003820182e+01
1.274000000000000132e-01 -7.686534772369881807e+01
1.279000000000000137e-01 -7.690545790281807115e+01
1.283999999999999864e-01 -7.694361372472714322e+01
1.290000000000000036e-01 -7.698081197205324600e+01
1.295000000000000040e-01 -7.701537371335594173e+01
1.300000000000000044e-01 -7.704810649635149389e+01
1.305000000000000049e-01 -7.707907189904646827e+01
1.310000000000000053e-01 -7.710826158781492268e+01
1.315000000000000058e-01 -7.713650027595478775e+01
1.320000000000000062e-01 -7.716231331559568218e+01
1.325000000000000067e-01 -7.718638455479704419e+01
1.330999999999999961e-01 -7.720967362707646942e+01
1.335999999999999965e-01 -7.723055040287214013e+01
1.340999999999999970e-01 -7.724985410888709225e+01
1.345999999999999974e-01 -7.726832912843477175e+01
1.350999999999999979e-01 -7.728453314069949442e+01
1.355999999999999983e-01 -7.729998624292122145e+01
1.360999999999999988e-01 -7.731312844861403732e+01
1.366999999999999882e-01 -7.732486720566461713e+01
1.371999999999999886e-01 -7.733591077948418047e+01
1.376999999999999891e-01 -7.734477723027713125e+01
1.381999999999999895e-01 -7.735299382561328230e+01
1.386999999999999900e-01 -7.735984179626822765e+01
1.391999999999999904e-01 -7.736453796668114080e+01
1.396999999999999909e-01 -7.736866894969173813e+01
1.403000000000000080e-01 -7.737076652974242563e+01
1.408000000000000085e-01 -7.737228891874933367e+01
1.413000000000000089e-01 -7.737249266725190466e+01
1.418000000000000094e-01 -7.737071056519633316e+01
1.423000000000000098e-01 -7.736842579747838045e+01
1.428000000000000103e-01 -7.736487370341747294e+01
1.433000000000000107e-01 -7.735942141450510690e+01
1.439000000000000001e-01 -7.735346432177662734e+01
1.444000000000000006e-01 -7.734632781070403951e+01
1.449000000000000010e-01 -7.733801113428337715e+01
1.454000000000000015e-01 -7.732849382598165278e+01
1.459000000000000019e-01 -7.731716689789740826e+01
1.464000000000000024e-01 -7.730540906475191321e+01
1.469000000000000028e-01 -7.729251256230257638e+01
1.474000000000000032e-01 -7.727853955706372346e+01
1.479999999999999927e-01 -7.726342420226137619e+01
1.484999999999999931e-01 -7.724721019585625470e+01
1.489999999999999936e-01 -7.722990745400804258e+01
1.494999999999999940e-01 -7.721153227434328414e+01
1.499999999999999944e-01 -7.719211736714701999e+01
1.504999999999999949e-01 -7.717161950955515692e+01
1.509999999999999953e-01 -7.715010475981107163e+01
1.516000000000000125e-01 -7.712743726596927729e+01
1.521000000000000130e-01 -7.710378976423162101e+01
1.526000000000000134e-01 -7.707914274129169030e+01
1.531000000000000139e-01 -7.705340709074076244e+01
1.535999999999999865e-01 -7.702666424177215276e+01
1.540999999999999870e-01 -7.699890237626873102e+01
1.545999999999999874e-01 -7.697020261986243383e+01
1.552000000000000046e-01 -7.694032033110056545e+01
1.557000000000000051e-01 -7.690948029233749139e+01
1.562000000000000055e-01 -7.687768260507547780e+01
1.567000000000000060e-01 -7.684563582588756958e+01
1.572000000000000064e-01 -7.681180100998857085e+01
1.577000000000000068e-01 -7.677695028538684596e+01
1.582000000000000073e-01 -7.674114669235190433e+01
1.587000000000000077e-01 -7.670438498822275619e+01
1.592999999999999972e-01 -7.666646450335224472e+01
1.597999999999999976e-01 -7.662836496427487987e+01
1.602999999999999980e-01 -7.658855085074934266e+01
1.607999999999999985e-01 -7.654770267970783948e+01
1.612999999999999989e-01 -7.650587576459999184e+01
1.617999999999999994e-01 -7.646303887892028683e+01
1.622999999999999998e-01 -7.642006563163336352e+01
1.628999999999999893e-01 -7.637512001136489914e+01
1.633999999999999897e-01 -7.632926174111454998e+01
1.638999999999999901e-01 -7.628243202078290608e+01
1.643999999999999906e-01 -7.623535147308230364e+01
1.648999999999999910e-01 -7.618649644223080486e+01
1.653999999999999915e-01 -7.613661227118929276e+01
1.658999999999999919e-01 -7.608590246564101278e+01
1.665000000000000091e-01 -7.603460182127417966e+01
1.670000000000000095e-01 -7.598171537705250955e+01
1.675000000000000100e-01 -7.592777553670714497e+01
1.680000000000000104e-01 -7.587288812982515651e+01
1.685000000000000109e-01 -7.581765029312126103e+01
1.690000000000000113e-01 -7.576068057643111331e+01
1.695000000000000118e-01 -7.570286209375834119e+01
1.701000000000000012e-01 -7.564369898197280406e+01
1.706000000000000016e-01 -7.558439926892413041e+01
1.711000000000000021e-01 -7.552331575065167613e+01
1.716000000000000025e-01 -7.546123270326536669e+01
1.721000000000000030e-01 -7.539813056094030230e+01
1.726000000000000034e-01 -7.533469352581872158e+01
1.731000000000000039e-01 -7.526951213120148054e+01
1.736000000000000043e-01 -7.520346502323458537e+01
1.741999999999999937e-01 -7.513607194149011548e+01
1.746999999999999942e-01 -7.506848555122601852e+01
1.751999999999999946e-01 -7.499919315660876862e+01
1.756999999999999951e-01 -7.492884937377938570e+01
1.761999999999999955e-01 -7.485748971460522228e+01
1.766999999999999960e-01 -7.478507490297629090e+01
1.771999999999999964e-01 -7.471255013921964405e+01
1.778000000000000136e-01 -7.463787731651264323e+01
1.782999999999999863e-01 -7.456240149199039990e+01
1.787999999999999867e-01 -7.448586069689629596e+01
1.792999999999999872e-01 -7.440900658772390841e+01
1.797999999999999876e-01 -7.433046335845473607e+01
1.802999999999999881e-01 -7.425087760007173188e+01
1.807999999999999885e-01 -7.417044437130418544e+01
1.814000000000000057e-01 -7.408858356352679664e+01
1.819000000000000061e-01 -7.400593957863824812e+01
1.824000000000000066e-01 -7.392302876638072462e+01
1.829000000000000070e-01 -7.383832821503862931e+01
1.834000000000000075e-01 -7.375262805262036636e+01
1.839000000000000079e-01 -7.366600832730696879e+01
1.844000000000000083e-01 -7.357856304227280475e+01
1.849999999999999978e-01 -7.348969193561951840e+01
1.854999999999999982e-01 -7.340005559558844084e+01
1.859999999999999987e-01 -7.331019220532435554e+01
1.864999999999999991e-01 -7.321862421616570771e+01
1.869999999999999996e-01 -7.312608954116842597e+01
1.875000000000000000e-01 -7.303260683310151080e+01
1.880000000000000004e-01 -7.293817429038267619e+01
1.885000000000000009e-01 -7.284306746752834272e+01
1.890999999999999903e-01 -7.274651460178036189e+01
1.895999999999999908e-01 -7.264928572836538478e+01
1.900999999999999912e-01 -7.255109840922227704e+01
1.905999999999999917e-01 -7.245204475938304256e+01
1.910999999999999921e-01 -7.235211670044370180e+01
1.915999999999999925e-01 -7.225198011247360341e+01
1.920999999999999930e-01 -7.215053024641997581e+01
1.927000000000000102e-01 -7.204763297885484974e+01
1.932000000000000106e-01 -7.194425916366753881e+01
1.937000000000000111e-01 -7.183998974531560577e+01
1.942000000000000115e-01 -7.173484964974822731e+01
1.947000000000000119e-01 -7.162891712427587265e+01
1.952000000000000124e-01 -7.152216727673062735e+01
1.957000000000000128e-01 -7.141493840294728557e+01
1.963000000000000023e-01 -7.130630280450418468e+01
1.968000000000000027e-01 -7.119717573409488409e+01
1.973000000000000032e-01 -7.108731915972977333e+01
1.978000000000000036e-01 -7.097676108069721579e+01
1.983000000000000040e-01 -7.086541345672770831e+01
1.988000000000000045e-01 -7.075336266741012992e+01
1.993000000000000049e-01 -7.064059935760195685e+01
1.998000000000000054e-01 -7.052746656738615627e+01
2.003999999999999948e-01 -7.041302288679887056e+01
2.008999999999999952e-01 -7.029822915997903010e+01
2.013999999999999957e-01 -7.018348903640688263e+01
2.018999999999999961e-01 -7.006742275175675161e+01
2.023999999999999966e-01 -6.995073504582489932e+01
2.028999999999999970e-01 -6.983345986038361275e+01
2.033999999999999975e-01 -6.971589605585897687e+01
2.039999999999999869e-01 -6.959712365556080726e+01
2.044999999999999873e-01 -6.947813252834718867e+01
2.049999999999999878e-01 -6.935858974836452262e+01
2.054999999999999882e-01 -6.923851654710011871e+01
2.059999999999999887e-01 -6.911794714741802181e+01
2.064999999999999891e-01 -6.899687050833705371e+01
2.069999999999999896e-01 -6.887566794748136090e+01
2.076000000000000068e-01 -6.875333386205620911e+01
2.081000000000000072e-01 -6.863150413674281936e+01
2.086000000000000076e-01 -6.850861339054144139e+01
2.091000000000000081e-01 -6.838531428057432038e+01
2.096000000000000085e-01 -6.826158569972102441e+01
2.101000000000000090e-01 -6.813746014402576634e+01
2.106000000000000094e-01 -6.801334224225333003e+01
2.111999999999999988e-01 -6.788818180905956012e+01
2.116999999999999993e-01 -6.776298581119459641e+01
2.121999999999999997e-01 -6.763813125194093345e+01
2.127000000000000002e-01 -6.751234558050205692e+01
2.132000000000000006e-01 -6.738621776887312365e+01
2.137000000000000011e-01 -6.725979965170611763e+01
2.142000000000000015e-01 -6.713314290186328037e+01
2.147000000000000020e-01 -6.700719405449517296e+01
2.152999999999999914e-01 -6.687969339941392377e+01
2.157999999999999918e-01 -6.675228539799057614e+01
2.162999999999999923e-01 -6.662464778113786679e+01
2.167999999999999927e-01 -6.649749416436823424e+01
2.172999999999999932e-01 -6.636946798968523353e+01
2.177999999999999936e-01 -6.624126076104465710e+01
2.182999999999999940e-01 -6.611385691545575582e+01
2.189000000000000112e-01 -6.598496581357888147e+01
2.194000000000000117e-01 -6.585632372512831978e+01
2.199000000000000121e-01 -6.572808149799418231e+01
2.204000000000000126e-01 -6.559916886895982202e+01
2.209000000000000130e-01 -6.547010888042977683e+01
2.214000000000000135e-01 -6.534157228090664660e+01
2.218999999999999861e-01 -6.521265013209652750e+01
2.225000000000000033e-01 -6.508354651959382409e+01
2.230000000000000038e-01 -6.495409203146115829e+01
2.235000000000000042e-01 -6.482455802639631770e+01
2.240000000000000047e-01 -6.469554789847103393e+01
2.245000000000000051e-01 -6.456588601777308156e+01
2.250000000000000056e-01 -6.443681406310741977e+01
2.255000000000000060e-01 -6.430739665596368582e+01
2.260999999999999954e-01 -6.417782259150956747e+01
2.265999999999999959e-01 -6.404796059506797690e+01
2.270999999999999963e-01 -6.391868230179461108e+01
2.275999999999999968e-01 -6.378874190851763615e+01
2.280999999999999972e-01 -6.365936226010175147e+01
2.285999999999999976e-01 -6.352935870147670272e+01
2.290999999999999981e-01 -6.339991678415074006e+01
2.295999999999999985e-01 -6.327082742020629524e+01
2.301999999999999880e-01 -6.314038428810652448e+01
2.306999999999999884e-01 -6.301090531690605445e+01
2.311999999999999889e-01 -6.288072519680923733e+01
2.316999999999999893e-01 -6.275119036144563722e+01
2.321999999999999897e-01 -6.262153695314029989e+01
2.326999999999999902e-01 -6.249133245203123721e+01
2.331999999999999906e-01 -6.236198244394098822e+01
2.338000000000000078e-01 -6.223132114578145746e+01
2.343000000000000083e-01 -6.210154312924665732e+01
2.348000000000000087e-01 -6.197175247220751970e+01
2.353000000000000091e-01 -6.184127710337692463e+01
2.358000000000000096e-01 -6.171131465693712670e+01
2.363000000000000100e-01 -6.158131456208144527e+01
2.368000000000000105e-01 -6.145102148323388036e+01
2.373999999999999999e-01 -6.132049802719108555e+01
2.379000000000000004e-01 -6.119021793233540762e+01
2.384000000000000008e-01 -6.105928664617884039e+01
2.389000000000000012e-01 -6.092887032268257741e+01
2.394000000000000017e-01 -6.079824557505784810e+01
2.399000000000000021e-01 -6.066698784174980119e+01
2.404000000000000026e-01 -6.053610180005694730e+01
2.409000000000000030e-01 -6.040550340926617423e+01
2.414999999999999925e-01 -6.027338235148211254e+01
2.419999999999999929e-01 -6.014204127600795857e+01
2.424999999999999933e-01 -6.001050507332018924e+01
2.429999999999999938e-01 -5.987824824871486129e+01
2.434999999999999942e-01 -5.974628552482482746e+01
2.439999999999999947e-01 -5.961351310567812334e+01
2.444999999999999951e-01 -5.948148482343110999e+01
2.451000000000000123e-01 -5.934786369737278733e+01
2.456000000000000127e-01 -5.921490858811733915e+01
2.461000000000000132e-01 -5.908163540125269009e+01
2.466000000000000136e-01 -5.894751334160167033e+01
2.470999999999999863e-01 -5.881309330133217372e+01
2.475999999999999868e-01 -5.867883456881888549e+01
2.480999999999999872e-01 -5.854407475737496469e+01
2.487000000000000044e-01 -5.840875360552998075e+01
2.492000000000000048e-01 -5.827283716842511296e+01
2.497000000000000053e-01 -5.813705617064323405e+01
2.501999999999999780e-01 -5.800025762285955722e+01
2.506999999999999784e-01 -5.786307086297009761e+01
2.511999999999999789e-01 -5.772594015419150537e+01
2.516999999999999793e-01 -5.758813015499725907e+01
2.523000000000000242e-01 -5.744906094145713382e+01
2.528000000000000247e-01 -5.730982671503467429e+01
2.533000000000000251e-01 -5.717003452168183486e+01
2.538000000000000256e-01 -5.702969495949837864e+01
2.543000000000000260e-01 -5.688930284526117021e+01
2.548000000000000265e-01 -5.674776283307952696e+01
2.553000000000000269e-01 -5.660554822279809883e+01
2.558000000000000274e-01 -5.646256074018803872e+01
2.564000000000000168e-01 -5.631865487058538378e+01
2.569000000000000172e-01 -5.617439456077720905e+01
2.574000000000000177e-01 -5.602944962264635365e+01
2.579000000000000181e-01 -5.588377238333057306e+01
2.584000000000000186e-01 -5.573676947320448960e+01
2.589000000000000190e-01 -5.558957922020061915e+01
2.594000000000000195e-01 -5.544193077474841402e+01
2.600000000000000089e-01 -5.529213998737303370e+01
2.605000000000000093e-01 -5.514243193785169694e+01
2.610000000000000098e-01 -5.499133713057594264e+01
2.615000000000000102e-01 -5.483929717013376148e+01
2.620000000000000107e-01 -5.468693788050187266e+01
2.625000000000000111e-01 -5.453311807322611315e+01
2.630000000000000115e-01 -5.437877125050190585e+01
2.636000000000000010e-01 -5.422259923509886903e+01
2.641000000000000014e-01 -5.406583751049714692e+01
2.646000000000000019e-01 -5.390812321508873595e+01
2.651000000000000023e-01 -5.374936230789245428e+01
2.656000000000000028e-01 -5.358951084428925782e+01
2.661000000000000032e-01 -5.342813474152201536e+01
2.666000000000000036e-01 -5.326658947085156370e+01
2.671999999999999931e-01 -5.310307370933023918e+01
2.676999999999999935e-01 -5.293841421479245923e+01
2.681999999999999940e-01 -5.277258471518984351e+01
2.686999999999999944e-01 -5.260610260601747257e+01
2.691999999999999948e-01 -5.243792914454930809e+01
2.696999999999999953e-01 -5.226857917912536067e+01
2.701999999999999957e-01 -5.209807991536321481e+01
2.706999999999999962e-01 -5.192677332049265715e+01
2.712999999999999856e-01 -5.175334630302981509e+01
2.717999999999999861e-01 -5.157862963736744888e+01
2.722999999999999865e-01 -5.140313870430144050e+01
2.727999999999999869e-01 -5.122637406601523935e+01
2.732999999999999874e-01 -5.104788319837678046e+01
2.737999999999999878e-01 -5.086802042559399695e+01
2.742999999999999883e-01 -5.068792970929419539e+01
2.748999999999999777e-01 -5.050500539055550320e+01
2.753999999999999782e-01 -5.032127303549606978e+01
2.758999999999999786e-01 -5.013618034689376657e+01
2.763999999999999790e-01 -4.994924834191200347e+01
2.768999999999999795e-01 -4.976146159864043739e+01
2.773999999999999799e-01 -4.957235046359833319e+01
2.778999999999999804e-01 -4.938189537980821342e+01
2.785000000000000253e-01 -4.918905664058253535e+01
2.790000000000000258e-01 -4.899583505910063508e+01
2.795000000000000262e-01 -4.880071338196830055e+01
2.800000000000000266e-01 -4.860427061860352893e+01
2.805000000000000271e-01 -4.840592405143831911e+01
2.810000000000000275e-01 -4.820668836568273719e+01
2.814999999999999725e-01 -4.800607175113122338e+01
2.819999999999999729e-01 -4.780412154894040810e+01
2.826000000000000179e-01 -4.760021694180351659e+01
2.831000000000000183e-01 -4.739498661119044698e+01
2.836000000000000187e-01 -4.718834600810890123e+01
2.841000000000000192e-01 -4.698033119585138451e+01
2.846000000000000196e-01 -4.677052725629717145e+01
2.851000000000000201e-01 -4.655975354609521588e+01
2.856000000000000205e-01 -4.634824710566397243e+01
2.862000000000000099e-01 -4.613369562680037461e+01
2.867000000000000104e-01 -4.591846739539615641e+01
2.872000000000000108e-01 -4.570183588361188498e+01
2.877000000000000113e-01 -4.548390287578340718e+01
2.882000000000000117e-01 -4.526463109659550810e+01
2.887000000000000122e-01 -4.504357410814854745e+01
2.892000000000000126e-01 -4.482227287645435609e+01
2.898000000000000020e-01 -4.459802533837864758e+01
2.903000000000000025e-01 -4.437310606670493485e+01
2.908000000000000029e-01 -4.414696005096488562e+01
2.913000000000000034e-01 -4.391954329978175764e+01
2.918000000000000038e-01 -4.369086528190666741e+01
2.923000000000000043e-01 -4.346056030785948110e+01
2.928000000000000047e-01 -4.322969397154360394e+01
2.933999999999999941e-01 -4.299671681482814023e+01
2.938999999999999946e-01 -4.276286919378843265e+01
2.943999999999999950e-01 -4.252742686744544898e+01
2.948999999999999955e-01 -4.229128566839916203e+01
2.953999999999999959e-01 -4.205363384601195520e+01
2.958999999999999964e-01 -4.181525485400660358e+01
2.963999999999999968e-01 -4.157543197196837781e+01
2.968999999999999972e-01 -4.133525423046663150e+01
2.974999999999999867e-01 -4.109269200733918836e+01
2.979999999999999871e-01 -4.084943884705596417e+01
2.984999999999999876e-01 -4.060561753297770338e+01
2.989999999999999880e-01 -4.036039592483131599e+01
2.994999999999999885e-01 -4.011434929943844452e+01
2.999999999999999889e-01 -3.986735193646744335e+01
3.004999999999999893e-01 -3.961976333240776427e+01
3.010999999999999788e-01 -3.937044208394043210e+01
3.015999999999999792e-01 -3.912053857571456206e+01
3.020999999999999797e-01 -3.886993833995718006e+01
3.025999999999999801e-01 -3.861859752548154034e+01
3.030999999999999805e-01 -3.836647805681349865e+01
3.035999999999999810e-01 -3.811337371607074687e+01
3.040999999999999814e-01 -3.786063653818365538e+01
3.047000000000000264e-01 -3.760552061623329934e+01
3.052000000000000268e-01 -3.735056446172659150e+01
3.057000000000000273e-01 -3.709464594052432318e+01
3.062000000000000277e-01 -3.683862311742544193e+01
3.066999999999999726e-01 -3.658176998230026555e+01
3.071999999999999731e-01 -3.632442742660501978e+01
3.076999999999999735e-01 -3.606745840429216088e+01
3.083000000000000185e-01 -3.580861874227279884e+01
3.088000000000000189e-01 -3.554981734614909783e+01
3.093000000000000194e-01 -3.529110066466360252e+01
3.098000000000000198e-01 -3.503174019884227874e+01
3.103000000000000203e-01 -3.477187824915838377e+01
3.108000000000000207e-01 -3.451213573586767325e+01
3.113000000000000211e-01 -3.425223654322650901e+01
3.118000000000000216e-01 -3.399262557478815694e+01
3.124000000000000110e-01 -3.373148024488830288e+01
3.129000000000000115e-01 -3.347100996237321624e+01
3.134000000000000119e-01 -3.321028496237321548e+01
3.139000000000000123e-01 -3.294956761798898270e+01
3.144000000000000128e-01 -3.268929692068036275e+01
3.149000000000000132e-01 -3.242851641094804904e+01
3.154000000000000137e-01 -3.216889758856715531e+01
3.160000000000000031e-01 -3.190776265319363958e+01
3.165000000000000036e-01 -3.164786533903230392e+01
3.170000000000000040e-01 -3.138795317510759020e+01
3.175000000000000044e-01 -3.112827499535974951e+01
3.180000000000000049e-01 -3.086894851798538042e+01
3.185000000000000053e-01 -3.060995688388618063e+01
3.190000000000000058e-01 -3.035206249487775665e+01
3.195999999999999952e-01 -3.009317559986465440e+01
3.200999999999999956e-01 -2.983546060271137890e+01
3.205999999999999961e-01 -2.957823091180787145e+01
3.210999999999999965e-01 -2.932156486576185372e+01
3.215999999999999970e-01 -2.906550068743737114e+01
3.220999999999999974e-01 -2.881003166654940273e+01
3.225999999999999979e-01 -2.855522773695871663e+01
3.230999999999999983e-01 -2.830185196480300291e+01
3.236999999999999877e-01 -2.804780768798289259e+01
3.241999999999999882e-01 -2.779524504019560638e+01
3.246999999999999886e-01 -2.754354890427566716e+01
3.251999999999999891e-01 -2.729263381076026462e+01
3.256999999999999895e-01 -2.704268000624815116e+01
3.261999999999999900e-01 -2.679364660719465618e+01
3.266999999999999904e-01 -2.654629789655225025e+01
3.272999999999999798e-01 -2.629858485078052155e+01
3.277999999999999803e-01 -2.605262757609392210e+01
3.282999999999999807e-01 -2.580774352498306001e+01
3.287999999999999812e-01 -2.556400593684680089e+01
3.292999999999999816e-01 -2.532144239831496435e+01
3.297999999999999821e-01 -2.508005723217213045e+01
3.302999999999999825e-01 -2.484059059504283695e+01
3.309000000000000274e-01 -2.460108274316163346e+01
3.313999999999999724e-01 -2.436352975099011786e+01
3.318999999999999728e-01 -2.412730970992585711e+01
3.323999999999999733e-01 -2.389253671775433929e+01
3.328999999999999737e-01 -2.365909728847795179e+01
3.333999999999999742e-01 -2.342714339622695974e+01
3.338999999999999746e-01 -2.319727981429677044e+01
3.345000000000000195e-01 -2.296768889352837562e+01
3.350000000000000200e-01 -2.274024915080233100e+01
3.355000000000000204e-01 -2.251439775530723253e+01
3.360000000000000209e-01 -2.229015545902098339e+01
3.365000000000000213e-01 -2.206752922096239899e+01
3.370000000000000218e-01 -2.184658191676458117e+01
3.375000000000000222e-01 -2.162731010861098824e+01
3.380000000000000226e-01 -2.141033946293369183e+01
3.386000000000000121e-01 -2.119397139380663120e+01
3.391000000000000125e-01 -2.097993168557356114e+01
3.396000000000000130e-01 -2.076772356397030705e+01
3.401000000000000134e-01 -2.055732295494607698e+01
3.406000000000000139e-01 -2.034876097424452723e+01
3.411000000000000143e-01 -2.014207572107449096e+01
3.416000000000000147e-01 -1.993786919833289417e+01
3.422000000000000042e-01 -1.973443924780404402e+01
3.427000000000000046e-01 -1.953351683790918258e+01
3.432000000000000051e-01 -1.933456544454913129e+01
3.437000000000000055e-01 -1.913758664644213781e+01
3.442000000000000060e-01 -1.894261629477494324e+01
3.447000000000000064e-01 -1.874968064548121660e+01
3.452000000000000068e-01 -1.855928350400894544e+01
3.457999999999999963e-01 -1.836992346334909598e+01
3.462999999999999967e-01 -1.818316750851727548e+01
3.467999999999999972e-01 -1.799847172765677072e+01
3.472999999999999976e-01 -1.781590571530896483e+01
3.477999999999999980e-01 -1.763545605019211138e+01
3.482999999999999985e-01 -1.745714356695813763e+01
3.487999999999999989e-01 -1.728097924907223870e+01
3.492999999999999994e-01 -1.710744684356505374e+01
3.498999999999999888e-01 -1.693514232429714994e+01
3.503999999999999893e-01 -1.676549573394276749e+01
3.508999999999999897e-01 -1.659805120972761827e+01
3.513999999999999901e-01 -1.643281285086053956e+01
3.518999999999999906e-01 -1.626979019436693008e+01
3.523999999999999910e-01 -1.610896644728772031e+01
3.528999999999999915e-01 -1.595082617013691006e+01
3.534999999999999809e-01 -1.579404712638893749e+01
3.539999999999999813e-01 -1.563993242891415036e+01
3.544999999999999818e-01 -1.548807386371782258e+01
3.549999999999999822e-01 -1.533847855445516473e+01
3.554999999999999827e-01 -1.519110297272402832e+01
3.559999999999999831e-01 -1.504599070515422987e+01
3.564999999999999836e-01 -1.490354740994649418e+01
3.570999999999999730e-01 -1.476257821099581058e+01
3.575999999999999734e-01 -1.462425366233429003e+01
3.580999999999999739e-01 -1.448819404753353801e+01
3.585999999999999743e-01 -1.435439525084990819e+01
3.590999999999999748e-01 -1.422284642109666208e+01
3.595999999999999752e-01 -1.409354612045724764e+01
3.600999999999999757e-01 -1.396686899423122696e+01
3.607000000000000206e-01 -1.384173416332422590e+01
3.612000000000000210e-01 -1.371919128396655729e+01
3.617000000000000215e-01 -1.359889327233043410e+01
3.622000000000000219e-01 -1.348083207881142798e+01
3.627000000000000224e-01 -1.336499683568799846e+01
3.632000000000000228e-01 -1.325138437761207832e+01
3.637000000000000233e-01 -1.313998188646653986e+01
3.642000000000000237e-01 -1.303108217786510359e+01
3.648000000000000131e-01 -1.292378942466605629e+01
3.653000000000000136e-01 -1.281898163589398898e+01
3.658000000000000140e-01 -1.271636333454289591e+01
3.663000000000000145e-01 -1.261590421507468207e+01
3.668000000000000149e-01 -1.251761441767937022e+01
3.673000000000000154e-01 -1.242145370295809670e+01
3.678000000000000158e-01 -1.232768013062459822e+01
3.684000000000000052e-01 -1.223551995935420678e+01
3.689000000000000057e-01 -1.214574116987046004e+01
3.694000000000000061e-01 -1.205803169454804902e+01
3.699000000000000066e-01 -1.197241002080795269e+01
3.704000000000000070e-01 -1.188886360300152845e+01
3.709000000000000075e-01 -1.180734856549567091e+01
3.714000000000000079e-01 -1.172810020970418954e+01
3.719999999999999973e-01 -1.165042601888610996e+01
3.724999999999999978e-01 -1.157498274126970550e+01
3.729999999999999982e-01 -1.150151798414389326e+01
3.734999999999999987e-01 -1.143000364038826078e+01
3.739999999999999991e-01 -1.136046322187015711e+01
3.744999999999999996e-01 -1.129283291909570330e+01
3.750000000000000000e-01 -1.122729529313694385e+01
3.755999999999999894e-01 -1.116330620571470789e+01
3.760999999999999899e-01 -1.110135884471258905e+01
3.765999999999999903e-01 -1.104126407034028645e+01
3.770999999999999908e-01 -1.098299704794587761e+01
3.775999999999999912e-01 -1.092654272792493586e+01
3.780999999999999917e-01 -1.087188322602111334e+01
3.785999999999999921e-01 -1.081900666588962778e+01
3.790999999999999925e-01 -1.076798673838225540e+01
3.796999999999999820e-01 -1.071843669443991942e+01
3.801999999999999824e-01 -1.067072842331171856e+01
3.806999999999999829e-01 -1.062469706950948378e+01
3.811999999999999833e-01 -1.058033685589726858e+01
3.816999999999999837e-01 -1.053759667535466882e+01
3.821999999999999842e-01 -1.049647780035016353e+01
3.826999999999999846e-01 -1.045704375602378100e+01
3.832999999999999741e-01 -1.041899035587924693e+01
3.837999999999999745e-01 -1.038256842264707558e+01
3.842999999999999750e-01 -1.034766214218395142e+01
3.847999999999999754e-01 -1.031425061369871798e+01
3.852999999999999758e-01 -1.028231845689080970e+01
3.857999999999999763e-01 -1.025182796938675445e+01
3.862999999999999767e-01 -1.022283547310113505e+01
3.869000000000000217e-01 -1.019509295268578519e+01
3.874000000000000221e-01 -1.016880409279272790e+01
3.879000000000000226e-01 -1.014385395180794447e+01
3.884000000000000230e-01 -1.012022559587066795e+01
3.889000000000000234e-01 -1.009790549586706554e+01
3.894000000000000239e-01 -1.007684924705019469e+01
3.899000000000000243e-01 -1.005709868292922415e+01
3.905000000000000138e-01 -1.003846514554014924e+01
3.910000000000000142e-01 -1.002107555740388811e+01
3.915000000000000147e-01 -1.000485965510629072e+01
3.920000000000000151e-01 -9.989798389042935156e+00
3.925000000000000155e-01 -9.975869263169599321e+00
3.930000000000000160e-01 -9.963021087691840805e+00
3.935000000000000164e-01 -9.951250482309095702e+00
3.940000000000000169e-01 -9.940558123177096306e+00
3.946000000000000063e-01 -9.930831849550175505e+00
3.951000000000000068e-01 -9.922129838708810823e+00
3.956000000000000072e-01 -9.914394645984566878e+00
3.961000000000000076e-01 -9.907614907611680621e+00
3.966000000000000081e-01 -9.901757656659770035e+00
3.971000000000000085e-01 -9.896792289964208678e+00
3.976000000000000090e-01 -9.892720135556261951e+00
3.981999999999999984e-01 -9.889468886557551741e+00
3.986999999999999988e-01 -9.887056279751444521e+00
3.991999999999999993e-01 -9.885452846204973554e+00
3.996999999999999997e-01 -9.884609511867344267e+00
4.002000000000000002e-01 -9.884531499602619675e+00
4.007000000000000006e-01 -9.885178222780977464e+00
4.012000000000000011e-01 -9.886527806034234089e+00
4.017999999999999905e-01 -9.888562329818304519e+00
4.022999999999999909e-01 -9.891253945164574901e+00
4.027999999999999914e-01 -9.894587014862205265e+00
4.032999999999999918e-01 -9.898528720794075753e+00
4.037999999999999923e-01 -9.903057178703836172e+00
4.042999999999999927e-01 -9.908157289382645061e+00
4.047999999999999932e-01 -9.913807705599548825e+00
4.052999999999999936e-01 -9.919948850854412470e+00
4.058999999999999830e-01 -9.926641141197979579e+00
4.063999999999999835e-01 -9.933793681070097747e+00
4.068999999999999839e-01 -9.941401824106840479e+00
4.073999999999999844e-01 -9.949441785260702886e+00
4.078999999999999848e-01 -9.957902316509576579e+00
4.083999999999999853e-01 -9.966757566666725410e+00
4.088999999999999857e-01 -9.975964085552115890e+00
4.094999999999999751e-01 -9.985581926079323267e+00
4.099999999999999756e-01 -9.995501118008808916e+00
4.104999999999999760e-01 -1.000573427686867767e+01
4.109999999999999765e-01 -1.001627857591856952e+01
4.114999999999999769e-01 -1.002708308992095532e+01
4.119999999999999774e-01 -1.003815994253105082e+01
4.124999999999999778e-01 -1.004943784438188992e+01
4.131000000000000227e-01 -1.006100092021972259e+01
4.136000000000000232e-01 -1.007273217757675532e+01
4.141000000000000236e-01 -1.008465997195918362e+01
4.146000000000000241e-01 -1.009675640257585272e+01
4.151000000000000245e-01 -1.010899971744887260e+01
4.156000000000000250e-01 -1.012138266855613011e+01
4.161000000000000254e-01 -1.013384865681340585e+01
4.167000000000000148e-01 -1.014648809126123652e+01
4.172000000000000153e-01 -1.015919495107121584e+01
4.177000000000000157e-01 -1.017195397622926656e+01
4.182000000000000162e-01 -1.018477475336520754e+01
4.187000000000000166e-01 -1.019764210059616083e+01
4.192000000000000171e-01 -1.021053056357076372e+01
4.197000000000000175e-01 -1.022344649743153511e+01
4.202000000000000179e-01 -1.023632262516715308e+01
4.208000000000000074e-01 -1.024924903445693225e+01
4.213000000000000078e-01 -1.026213207543811023e+01
4.218000000000000083e-01 -1.027495743058062594e+01
4.223000000000000087e-01 -1.028774325660930877e+01
4.228000000000000091e-01 -1.030045826452087354e+01
4.233000000000000096e-01 -1.031311264410976136e+01
4.238000000000000100e-01 -1.032563482420559886e+01
4.243999999999999995e-01 -1.033813723793946160e+01
4.248999999999999999e-01 -1.035048731990181636e+01
4.254000000000000004e-01 -1.036272143493378728e+01
4.259000000000000008e-01 -1.037484095471269718e+01
4.264000000000000012e-01 -1.038681049102641296e+01
4.269000000000000017e-01 -1.039863094466609361e+01
4.274000000000000021e-01 -1.041026563769679747e+01
4.279999999999999916e-01 -1.042180728976200577e+01
4.284999999999999920e-01 -1.043313159458841888e+01
4.289999999999999925e-01 -1.044429223802254114e+01
4.294999999999999929e-01 -1.045525009640915926e+01
4.299999999999999933e-01 -1.046601769023886064e+01
4.304999999999999938e-01 -1.047657936674259815e+01
4.309999999999999942e-01 -1.048693959680653975e+01
4.314999999999999947e-01 -1.049704472907715846e+01
4.320999999999999841e-01 -1.050699135456095412e+01
4.325999999999999845e-01 -1.051668548541605119e+01
4.330999999999999850e-01 -1.052614538478384709e+01
4.335999999999999854e-01 -1.053535751563894429e+01
4.340999999999999859e-01 -1.054433543154154762e+01
4.345999999999999863e-01 -1.055306634744414929e+01
4.350999999999999868e-01 -1.056152740121989453e+01
4.356999999999999762e-01 -1.056977574934436781e+01
4.361999999999999766e-01 -1.057773946682928390e+01
4.366999999999999771e-01 -1.058544393629209068e+01
4.371999999999999775e-01 -1.059287475298584980e+01
4.376999999999999780e-01 -1.060005237126192057e+01
4.381999999999999784e-01 -1.060696475805069205e+01
4.386999999999999789e-01 -1.061358075848961313e+01
4.393000000000000238e-01 -1.061996264737188334e+01
4.398000000000000242e-01 -1.062604529871756931e+01
4.403000000000000247e-01 -1.063186458629749787e+01
4.408000000000000251e-01 -1.063739905576030331e+01
4.413000000000000256e-01 -1.064265947561868764e+01
4.418000000000000260e-01 -1.064764284587265131e+01
4.423000000000000265e-01 -1.065233409611288096e+01
4.429000000000000159e-01 -1.065677580133307245e+01
4.434000000000000163e-01 -1.066093227079587891e+01
4.439000000000000168e-01 -1.066481472372387707e+01
4.444000000000000172e-01 -1.066842216011706945e+01
4.449000000000000177e-01 -1.067175374532352805e+01
4.454000000000000181e-01 -1.067481814864710543e+01
4.459000000000000186e-01 -1.067760476692317617e+01
4.464000000000000190e-01 -1.068012025078575000e+01
4.470000000000000084e-01 -1.068239006961455040e+01
4.475000000000000089e-01 -1.068438575402985080e+01
4.480000000000000093e-01 -1.068612062032803145e+01
4.485000000000000098e-01 -1.068760535434775605e+01
4.490000000000000102e-01 -1.068883208836747833e+01
4.495000000000000107e-01 -1.068980116961815341e+01
4.500000000000000111e-01 -1.069053166903893271e+01
4.506000000000000005e-01 -1.069101316677143210e+01
4.511000000000000010e-01 -1.069126109920884460e+01
4.516000000000000014e-01 -1.069126339541201354e+01
4.521000000000000019e-01 -1.069104147666269000e+01
4.526000000000000023e-01 -1.069058310356200714e+01
4.531000000000000028e-01 -1.068992031709113988e+01
4.536000000000000032e-01 -1.068903195332537948e+01
4.541999999999999926e-01 -1.068793324019362601e+01
4.546999999999999931e-01 -1.068661401590620663e+01
4.551999999999999935e-01 -1.068509989082763312e+01
4.556999999999999940e-01 -1.068339663347059876e+01
4.561999999999999944e-01 -1.068149635957875887e+01
4.566999999999999948e-01 -1.067939874707921000e+01
4.571999999999999953e-01 -1.067714937922520768e+01
4.577999999999999847e-01 -1.067469971187455258e+01
4.582999999999999852e-01 -1.067207934739711384e+01
4.587999999999999856e-01 -1.066931542073622552e+01
4.592999999999999861e-01 -1.066637520507205039e+01
4.597999999999999865e-01 -1.066330085712941766e+01
4.602999999999999869e-01 -1.066008437690832622e+01
4.607999999999999874e-01 -1.065671850847510527e+01
4.612999999999999878e-01 -1.065324932668314517e+01
4.618999999999999773e-01 -1.064963222596002090e+01
4.623999999999999777e-01 -1.064589453940967800e+01
4.628999999999999782e-01 -1.064205490246375874e+01
4.633999999999999786e-01 -1.063811608363495687e+01
4.638999999999999790e-01 -1.063406797580286955e+01
4.643999999999999795e-01 -1.062995238846137269e+01
4.648999999999999799e-01 -1.062575286050597967e+01
4.655000000000000249e-01 -1.062144813972758328e+01
4.660000000000000253e-01 -1.061710101536068862e+01
4.665000000000000258e-01 -1.061268610594628825e+01
4.670000000000000262e-01 -1.060821613039265898e+01
4.675000000000000266e-01 -1.060368783276612881e+01
4.680000000000000271e-01 -1.059914115483902819e+01
4.685000000000000275e-01 -1.059456628587596683e+01
4.691000000000000170e-01 -1.058992944384231727e+01
4.696000000000000174e-01 -1.058529926195943638e+01
4.701000000000000179e-01 -1.058065819582020772e+01
4.706000000000000183e-01 -1.057601314621578581e+01
4.711000000000000187e-01 -1.057136527849424290e+01
4.716000000000000192e-01 -1.056672554305115952e+01
4.721000000000000196e-01 -1.056211476814117844e+01
4.727000000000000091e-01 -1.055751338632633107e+01
4.732000000000000095e-01 -1.055294141148438136e+01
4.737000000000000099e-01 -1.054843067604129914e+01
4.742000000000000104e-01 -1.054393671773415697e+01
4.747000000000000108e-01 -1.053950572635740102e+01
4.752000000000000113e-01 -1.053513581765468032e+01
4.757000000000000117e-01 -1.053083205776522568e+01
4.762000000000000122e-01 -1.052661467933477901e+01
4.768000000000000016e-01 -1.052244470333439175e+01
4.773000000000000020e-01 -1.051837609225820280e+01
4.778000000000000025e-01 -1.051439171266931361e+01
4.783000000000000029e-01 -1.051050546535888586e+01
4.788000000000000034e-01 -1.050672546607056645e+01
4.793000000000000038e-01 -1.050306603687725726e+01
4.798000000000000043e-01 -1.049951168289318026e+01
4.803999999999999937e-01 -1.049607035246195608e+01
4.808999999999999941e-01 -1.049276756812613165e+01
4.813999999999999946e-01 -1.048959901527760685e+01
4.818999999999999950e-01 -1.048657806559370975e+01
4.823999999999999955e-01 -1.048368189304575360e+01
4.828999999999999959e-01 -1.048095632366242391e+01
4.833999999999999964e-01 -1.047838473747936483e+01
4.839999999999999858e-01 -1.047596649905709931e+01
4.844999999999999862e-01 -1.047370162413567662e+01
4.849999999999999867e-01 -1.047162569960982914e+01
4.854999999999999871e-01 -1.046973534517899118e+01
4.859999999999999876e-01 -1.046800550332718238e+01
4.864999999999999880e-01 -1.046646681028863668e+01
4.869999999999999885e-01 -1.046512785269317547e+01
4.874999999999999889e-01 -1.046397582727020392e+01
4.880999999999999783e-01 -1.046302058235973576e+01
4.885999999999999788e-01 -1.046227288932119137e+01
4.890999999999999792e-01 -1.046172542776994874e+01
4.895999999999999797e-01 -1.046139201582312772e+01
4.900999999999999801e-01 -1.046127558734149865e+01
4.905999999999999805e-01 -1.046137535727755719e+01
4.910999999999999810e-01 -1.046170148200029182e+01
4.917000000000000259e-01 -1.046224968219718043e+01
4.922000000000000264e-01 -1.046302055134208153e+01
4.927000000000000268e-01 -1.046402533781294864e+01
4.932000000000000273e-01 -1.046525925656227152e+01
4.937000000000000277e-01 -1.046673025798563295e+01
4.941999999999999726e-01 -1.046844322633937807e+01
4.946999999999999731e-01 -1.047039025869731255e+01
4.953000000000000180e-01 -1.047259621265129326e+01
4.958000000000000185e-01 -1.047503242902714859e+01
4.963000000000000189e-01 -1.047772349658973745e+01
4.968000000000000194e-01 -1.048066074603520725e+01
4.973000000000000198e-01 -1.048385494587625466e+01
4.978000000000000203e-01 -1.048730304650846001e+01
4.983000000000000207e-01 -1.049098838573692838e+01
4.989000000000000101e-01 -1.049495039658613216e+01
4.994000000000000106e-01 -1.049915184444929039e+01
4.999000000000000110e-01 -1.050362197815110932e+01
5.003999999999999559e-01 -1.050834235987503718e+01
5.009000000000000119e-01 -1.051332770852935106e+01
5.013999999999999568e-01 -1.051857582569636129e+01
5.019000000000000128e-01 -1.052407333969874692e+01
5.023999999999999577e-01 -1.052982686694246084e+01
5.030000000000000027e-01 -1.053586187165929999e+01
5.034999999999999476e-01 -1.054214807150034972e+01
5.040000000000000036e-01 -1.054868843668947065e+01
5.044999999999999485e-01 -1.055549283494820578e+01
5.050000000000000044e-01 -1.056256283637156557e+01
5.054999999999999494e-01 -1.056987536690875906e+01
5.060000000000000053e-01 -1.057744002740752975e+01
5.066000000000000503e-01 -1.058530575005604746e+01
5.070999999999999952e-01 -1.059339881761863644e+01
5.076000000000000512e-01 -1.060173844736467430e+01
5.080999999999999961e-01 -1.061035734957918919e+01
5.086000000000000520e-01 -1.061921259902466019e+01
5.090999999999999970e-01 -1.062832468312205769e+01
5.096000000000000529e-01 -1.063765751270130266e+01
5.101999999999999869e-01 -1.064730491745608099e+01
5.107000000000000428e-01 -1.065716208422751343e+01
5.111999999999999877e-01 -1.066727116832490907e+01
5.117000000000000437e-01 -1.067762697133058403e+01
5.121999999999999886e-01 -1.068821320424124544e+01
5.127000000000000446e-01 -1.069905490803807524e+01
5.131999999999999895e-01 -1.071008978544254298e+01
5.138000000000000345e-01 -1.072143076207153101e+01
5.142999999999999794e-01 -1.073297166428604754e+01
5.148000000000000353e-01 -1.074474841768729938e+01
5.152999999999999803e-01 -1.075675228683220297e+01
5.158000000000000362e-01 -1.076898975914172851e+01
5.162999999999999812e-01 -1.078143744640375168e+01
5.168000000000000371e-01 -1.079410811713096585e+01
5.172999999999999821e-01 -1.080696456009544271e+01
5.179000000000000270e-01 -1.082010830977213089e+01
5.183999999999999719e-01 -1.083343569940762130e+01
5.189000000000000279e-01 -1.084696807250830553e+01
5.193999999999999728e-01 -1.086070452828302635e+01
5.199000000000000288e-01 -1.087464960375718093e+01
5.203999999999999737e-01 -1.088878125794958684e+01
5.209000000000000297e-01 -1.090309336052715494e+01
5.214999999999999636e-01 -1.091767732622385800e+01
5.220000000000000195e-01 -1.093239678199857856e+01
5.224999999999999645e-01 -1.094732454331139238e+01
5.230000000000000204e-01 -1.096241973452919893e+01
5.234999999999999654e-01 -1.097770723128509474e+01
5.240000000000000213e-01 -1.099314766261344545e+01
5.244999999999999662e-01 -1.100880933626262248e+01
5.251000000000000112e-01 -1.102462859789757665e+01
5.255999999999999561e-01 -1.104057330960596950e+01
5.261000000000000121e-01 -1.105668377400393254e+01
5.265999999999999570e-01 -1.107306058420949135e+01
5.271000000000000130e-01 -1.108948821324384681e+01
5.275999999999999579e-01 -1.110607656189815984e+01
5.281000000000000139e-01 -1.112292420675564486e+01
5.285999999999999588e-01 -1.113976560135721883e+01
5.292000000000000037e-01 -1.115684086957129573e+01
5.296999999999999487e-01 -1.117401315208637946e+01
5.302000000000000046e-01 -1.119144048278252690e+01
5.306999999999999496e-01 -1.120888964884227867e+01
5.312000000000000055e-01 -1.122646981490203189e+01
5.316999999999999504e-01 -1.124418089828774825e+01
5.322000000000000064e-01 -1.126196841583285746e+01
5.328000000000000513e-01 -1.127997591624591500e+01
5.332999999999999963e-01 -1.129805583428356108e+01
5.338000000000000522e-01 -1.131625345540635230e+01
5.342999999999999972e-01 -1.133466648847596758e+01
5.348000000000000531e-01 -1.135308138926712296e+01
5.352999999999999980e-01 -1.137149394425068749e+01
5.358000000000000540e-01 -1.139006791543547692e+01
5.363999999999999879e-01 -1.140883920160772114e+01
5.369000000000000439e-01 -1.142766165667076095e+01
5.373999999999999888e-01 -1.144657214480341700e+01
5.379000000000000448e-01 -1.146557266600568425e+01
5.383999999999999897e-01 -1.148466310382223909e+01
5.389000000000000457e-01 -1.150372324543562108e+01
5.393999999999999906e-01 -1.152291834818718819e+01
5.400000000000000355e-01 -1.154230093989752604e+01
5.404999999999999805e-01 -1.156159296576725737e+01
5.410000000000000364e-01 -1.158106420516612189e+01
5.414999999999999813e-01 -1.160049323103585373e+01
5.420000000000000373e-01 -1.162010130508664751e+01
5.424999999999999822e-01 -1.163965713253869083e+01
5.430000000000000382e-01 -1.165938023965909842e+01
5.434999999999999831e-01 -1.167899669444153865e+01
5.441000000000000281e-01 -1.169877192692112011e+01
5.445999999999999730e-01 -1.171866370334538310e+01
5.451000000000000290e-01 -1.173848341434209530e+01
5.455999999999999739e-01 -1.175834610880400000e+01
5.461000000000000298e-01 -1.177825081980071253e+01
5.465999999999999748e-01 -1.179819831584492995e+01
5.471000000000000307e-01 -1.181812077302733321e+01
5.476999999999999647e-01 -1.183819050635105441e+01
5.482000000000000206e-01 -1.185823985358200794e+01
5.486999999999999655e-01 -1.187831034962622567e+01
5.492000000000000215e-01 -1.189841071339198564e+01
5.496999999999999664e-01 -1.191853306062293960e+01
5.502000000000000224e-01 -1.193867435753778850e+01
5.506999999999999673e-01 -1.195866096388929734e+01
5.513000000000000123e-01 -1.197888987082849432e+01
5.517999999999999572e-01 -1.199907995279085249e+01
5.523000000000000131e-01 -1.201915818498983413e+01
5.527999999999999581e-01 -1.203936721734776860e+01
5.533000000000000140e-01 -1.205946120152464118e+01
5.537999999999999590e-01 -1.207967125041738221e+01
5.543000000000000149e-01 -1.209976521734776789e+01
5.547999999999999599e-01 -1.211980352882854639e+01
5.554000000000000048e-01 -1.214007105199969594e+01
5.558999999999999497e-01 -1.216015291972123791e+01
5.564000000000000057e-01 -1.218022672130354955e+01
5.568999999999999506e-01 -1.220028845674663209e+01
5.574000000000000066e-01 -1.222033430793336706e+01
5.578999999999999515e-01 -1.224037096070241581e+01
5.584000000000000075e-01 -1.226033148366820669e+01
5.590000000000000524e-01 -1.228037921663608678e+01
5.594999999999999973e-01 -1.230034981980071329e+01
5.600000000000000533e-01 -1.232029634029130172e+01
5.604999999999999982e-01 -1.234021392692112151e+01
5.610000000000000542e-01 -1.236010433095637850e+01
5.614999999999999991e-01 -1.237984181908903381e+01
5.620000000000000551e-01 -1.239961095037521233e+01
5.625999999999999890e-01 -1.241933062858290882e+01
5.631000000000000449e-01 -1.243908181766567189e+01
5.635999999999999899e-01 -1.245866730579832726e+01
5.641000000000000458e-01 -1.247833841220705331e+01
5.645999999999999908e-01 -1.249783868538721343e+01
5.651000000000000467e-01 -1.251741184140036367e+01
5.655999999999999917e-01 -1.253676166510432743e+01
5.662000000000000366e-01 -1.255616713831521203e+01
5.666999999999999815e-01 -1.257546712969196889e+01
5.672000000000000375e-01 -1.259470623681237633e+01
5.676999999999999824e-01 -1.261389117858471209e+01
5.682000000000000384e-01 -1.263301423681237701e+01
5.686999999999999833e-01 -1.265219504488289282e+01
5.692000000000000393e-01 -1.267106805350613641e+01
5.696999999999999842e-01 -1.268994785827533178e+01
5.703000000000000291e-01 -1.270885763942427360e+01
5.707999999999999741e-01 -1.272764349852257304e+01
5.713000000000000300e-01 -1.274635807581746683e+01
5.717999999999999750e-01 -1.276486995216225218e+01
5.723000000000000309e-01 -1.278343047985272385e+01
5.727999999999999758e-01 -1.280178519084943822e+01
5.733000000000000318e-01 -1.282012855744623891e+01
5.738999999999999657e-01 -1.283836341300181516e+01
5.744000000000000217e-01 -1.285658874227459947e+01
5.748999999999999666e-01 -1.287459632099285400e+01
5.754000000000000226e-01 -1.289263469987006161e+01
5.758999999999999675e-01 -1.291045599678491307e+01
5.764000000000000234e-01 -1.292817440944341278e+01
5.768999999999999684e-01 -1.294574844952323112e+01
5.775000000000000133e-01 -1.296331795366869244e+01
5.779999999999999583e-01 -1.298073120097912181e+01
5.785000000000000142e-01 -1.299803844828955057e+01
5.789999999999999591e-01 -1.301523959639113670e+01
5.795000000000000151e-01 -1.303232862874907028e+01
5.799999999999999600e-01 -1.304929874378104060e+01
5.805000000000000160e-01 -1.306610867434049084e+01
5.810999999999999499e-01 -1.308289160936754136e+01
5.816000000000000059e-01 -1.309937872511119394e+01
5.820999999999999508e-01 -1.311586849220052997e+01
5.826000000000000068e-01 -1.313210639299168747e+01
5.830999999999999517e-01 -1.314833420968544608e+01
5.836000000000000076e-01 -1.316431311047660202e+01
5.840999999999999526e-01 -1.318028159647421482e+01
5.846000000000000085e-01 -1.319593828905816224e+01
5.852000000000000535e-01 -1.321167399979779411e+01
5.856999999999999984e-01 -1.322709368492477644e+01
5.862000000000000544e-01 -1.324237312202964745e+01
5.866999999999999993e-01 -1.325749775755220838e+01
5.872000000000000552e-01 -1.327247917812227129e+01
5.877000000000000002e-01 -1.328730461522714634e+01
5.881999999999999451e-01 -1.330193501605200268e+01
5.887999999999999901e-01 -1.331648845636727430e+01
5.893000000000000460e-01 -1.333084671158926859e+01
5.897999999999999909e-01 -1.334503895027645193e+01
5.903000000000000469e-01 -1.335906425510286688e+01
5.907999999999999918e-01 -1.337292416238222614e+01
5.913000000000000478e-01 -1.338648063326839477e+01
5.917999999999999927e-01 -1.339996408956511509e+01
5.924000000000000377e-01 -1.341321466420296815e+01
5.928999999999999826e-01 -1.342637362108674814e+01
5.934000000000000385e-01 -1.343923187702042021e+01
5.938999999999999835e-01 -1.345204051974286408e+01
5.944000000000000394e-01 -1.346452746080351837e+01
5.948999999999999844e-01 -1.347683158445873275e+01
5.954000000000000403e-01 -1.348907811143752333e+01
5.958999999999999853e-01 -1.350096364152011930e+01
5.965000000000000302e-01 -1.351272374553672329e+01
5.969999999999999751e-01 -1.352425653778411352e+01
5.975000000000000311e-01 -1.353559513161381389e+01
5.979999999999999760e-01 -1.354672780811755217e+01
5.985000000000000320e-01 -1.355765951769090449e+01
5.989999999999999769e-01 -1.356839202884656892e+01
5.995000000000000329e-01 -1.357888336673475749e+01
6.000999999999999668e-01 -1.358909715036674193e+01
6.006000000000000227e-01 -1.359920261191798474e+01
6.010999999999999677e-01 -1.360909187433986034e+01
6.016000000000000236e-01 -1.361863856809008588e+01
6.020999999999999686e-01 -1.362810179744234595e+01
6.026000000000000245e-01 -1.363722027624007893e+01
6.030999999999999694e-01 -1.364621860177262214e+01
6.037000000000000144e-01 -1.365491876872589394e+01
6.041999999999999593e-01 -1.366337042940650726e+01
6.047000000000000153e-01 -1.367173637766704353e+01
6.051999999999999602e-01 -1.367973872347463526e+01
6.057000000000000162e-01 -1.368751995353857787e+01
6.061999999999999611e-01 -1.369507315053290419e+01
6.067000000000000171e-01 -1.370237681716403877e+01
6.072999999999999510e-01 -1.370949154452155661e+01
6.078000000000000069e-01 -1.371635467537665498e+01
6.082999999999999519e-01 -1.372298393851021103e+01
6.088000000000000078e-01 -1.372938478756190506e+01
6.092999999999999527e-01 -1.373541816715079023e+01
6.098000000000000087e-01 -1.374135136414511749e+01
6.102999999999999536e-01 -1.374705439579137156e+01
6.108000000000000096e-01 -1.375250120403588738e+01
6.114000000000000545e-01 -1.375760860789714535e+01
6.118999999999999995e-01 -1.376259853962287671e+01
6.124000000000000554e-01 -1.376722580346811142e+01
6.129000000000000004e-01 -1.377174375172864984e+01
6.133999999999999453e-01 -1.377589775030528862e+01
6.139000000000000012e-01 -1.377981211335936962e+01
6.143999999999999462e-01 -1.378361352379191018e+01
6.149999999999999911e-01 -1.378706807673135337e+01
6.155000000000000471e-01 -1.379027422412125681e+01
6.159999999999999920e-01 -1.379324725576751298e+01
6.165000000000000480e-01 -1.379598051890106802e+01
6.169999999999999929e-01 -1.379848751747770841e+01
6.175000000000000488e-01 -1.380075281368087836e+01
6.179999999999999938e-01 -1.380278889866395531e+01
6.186000000000000387e-01 -1.380459710846068688e+01
6.190999999999999837e-01 -1.380617223931578508e+01
6.196000000000000396e-01 -1.380751358512337568e+01
6.200999999999999845e-01 -1.380863145070987841e+01
6.206000000000000405e-01 -1.380938299564683724e+01
6.210999999999999854e-01 -1.381004434145442872e+01
6.216000000000000414e-01 -1.381048210232048490e+01
6.221999999999999753e-01 -1.381056096693038526e+01
6.227000000000000313e-01 -1.381055529620316946e+01
6.231999999999999762e-01 -1.381032552555543091e+01
6.237000000000000322e-01 -1.380975110356200553e+01
6.241999999999999771e-01 -1.380908638251868936e+01
6.247000000000000330e-01 -1.380808009280372062e+01
6.251999999999999780e-01 -1.380699135522559651e+01
6.257000000000000339e-01 -1.380556244376707653e+01
6.262999999999999678e-01 -1.380391982468840339e+01
6.268000000000000238e-01 -1.380221018631912244e+01
6.272999999999999687e-01 -1.380016191242728141e+01
6.278000000000000247e-01 -1.379791568813986302e+01
6.282999999999999696e-01 -1.379547669605142701e+01
6.288000000000000256e-01 -1.379297322303022000e+01
6.292999999999999705e-01 -1.379014941495970348e+01
6.299000000000000155e-01 -1.378711998940787531e+01
6.303999999999999604e-01 -1.378391106274698963e+01
6.309000000000000163e-01 -1.378052502034245030e+01
6.313999999999999613e-01 -1.377695512675117762e+01
6.319000000000000172e-01 -1.377321026622951905e+01
6.323999999999999622e-01 -1.376929242224266758e+01
6.329000000000000181e-01 -1.376521437032920403e+01
6.334999999999999520e-01 -1.376094498229107366e+01
6.340000000000000080e-01 -1.375652633672190994e+01
6.344999999999999529e-01 -1.375194772422236156e+01
6.350000000000000089e-01 -1.374721117786203983e+01
6.354999999999999538e-01 -1.374232079684979269e+01
6.360000000000000098e-01 -1.373728630009389384e+01
6.364999999999999547e-01 -1.373211565435073034e+01
6.370999999999999996e-01 -1.372677576955669920e+01
6.375999999999999446e-01 -1.372131648775329715e+01
6.381000000000000005e-01 -1.371571932169354291e+01
6.385999999999999455e-01 -1.370999123830782729e+01
6.391000000000000014e-01 -1.370413498886235715e+01
6.395999999999999464e-01 -1.369802628648888820e+01
6.401000000000000023e-01 -1.369193336845124520e+01
6.405999999999999472e-01 -1.368574191668168538e+01
6.411999999999999922e-01 -1.367940283000248769e+01
6.417000000000000481e-01 -1.367298007731291598e+01
6.421999999999999931e-01 -1.366644920816801445e+01
6.427000000000000490e-01 -1.365968895223434210e+01
6.431999999999999940e-01 -1.365297144756687864e+01
6.437000000000000499e-01 -1.364616295943422486e+01
6.441999999999999948e-01 -1.363928386387470226e+01
6.448000000000000398e-01 -1.363228634693467534e+01
6.452999999999999847e-01 -1.362522792422956996e+01
6.458000000000000407e-01 -1.361796693285281279e+01
6.462999999999999856e-01 -1.361076492422956896e+01
6.468000000000000416e-01 -1.360350184946709717e+01
6.472999999999999865e-01 -1.359617398965711921e+01
6.478000000000000425e-01 -1.358881452553191416e+01
6.483999999999999764e-01 -1.358135625350235465e+01
6.489000000000000323e-01 -1.357387145983160437e+01
6.493999999999999773e-01 -1.356633878190450737e+01
6.499000000000000332e-01 -1.355876518665144381e+01
6.503999999999999782e-01 -1.355115557486357680e+01
6.509000000000000341e-01 -1.354350912842377852e+01
6.513999999999999790e-01 -1.353583571505359906e+01
6.519000000000000350e-01 -1.352815859851518532e+01
6.524999999999999689e-01 -1.352041498752207715e+01
6.530000000000000249e-01 -1.351267278910438918e+01
6.534999999999999698e-01 -1.350491859068670308e+01
6.540000000000000258e-01 -1.349715247494305181e+01
6.544999999999999707e-01 -1.348937935919940223e+01
6.550000000000000266e-01 -1.348159935919940189e+01
6.554999999999999716e-01 -1.347384085444885926e+01
6.561000000000000165e-01 -1.346604574021164957e+01
6.565999999999999615e-01 -1.345840768989554626e+01
6.571000000000000174e-01 -1.345064783870881087e+01
6.575999999999999623e-01 -1.344289716940495794e+01
6.581000000000000183e-01 -1.343516866616085714e+01
6.585999999999999632e-01 -1.342758679772763308e+01
6.591000000000000192e-01 -1.341991534258151297e+01
6.596999999999999531e-01 -1.341222667407241964e+01
6.602000000000000091e-01 -1.340458936924600408e+01
6.606999999999999540e-01 -1.339711071576527779e+01
6.612000000000000099e-01 -1.338953655975212875e+01
6.616999999999999549e-01 -1.338212992280620917e+01
6.622000000000000108e-01 -1.337462879986267517e+01
6.626999999999999558e-01 -1.336731778733302889e+01
6.633000000000000007e-01 -1.335988230453013692e+01
6.637999999999999456e-01 -1.335264183293228868e+01
6.643000000000000016e-01 -1.334531690840644202e+01
6.647999999999999465e-01 -1.333817576821642170e+01
6.653000000000000025e-01 -1.333108441236222497e+01
6.657999999999999474e-01 -1.332391558704522083e+01
6.663000000000000034e-01 -1.331693646339000558e+01
6.667999999999999483e-01 -1.331002942090238683e+01
6.673999999999999932e-01 -1.330314748063649333e+01
6.679000000000000492e-01 -1.329634133973479138e+01
6.683999999999999941e-01 -1.328947058055701724e+01
6.689000000000000501e-01 -1.328279365531949097e+01
6.693999999999999950e-01 -1.327618171354715670e+01
6.699000000000000510e-01 -1.326963387098366631e+01
6.703999999999999959e-01 -1.326317367657113877e+01
6.710000000000000409e-01 -1.325674715278707083e+01
6.714999999999999858e-01 -1.325040732675838484e+01
6.720000000000000417e-01 -1.324413843459047335e+01
6.724999999999999867e-01 -1.323793677390986190e+01
6.730000000000000426e-01 -1.323181591481156438e+01
6.734999999999999876e-01 -1.322576625484263424e+01
6.740000000000000435e-01 -1.321993067630621965e+01
6.745999999999999774e-01 -1.321401360207358699e+01
6.751000000000000334e-01 -1.320818480911451864e+01
6.755999999999999783e-01 -1.320243128142404565e+01
6.761000000000000343e-01 -1.319688333894003129e+01
6.765999999999999792e-01 -1.319128056251576986e+01
6.771000000000000352e-01 -1.318575405136010303e+01
6.775999999999999801e-01 -1.318044888272639170e+01
6.782000000000000250e-01 -1.317505851504638770e+01
6.786999999999999700e-01 -1.316988762216679554e+01
6.792000000000000259e-01 -1.316466486227734123e+01
6.796999999999999709e-01 -1.315951933458686973e+01
6.802000000000000268e-01 -1.315458149202337879e+01
6.806999999999999718e-01 -1.314971158260897965e+01
6.812000000000000277e-01 -1.314479097224447024e+01
6.816999999999999726e-01 -1.314008421902505752e+01
6.823000000000000176e-01 -1.313530046900036830e+01
6.827999999999999625e-01 -1.313073360990206950e+01
6.833000000000000185e-01 -1.312623373355728340e+01
6.837999999999999634e-01 -1.312168504051873974e+01
6.843000000000000194e-01 -1.311733416488563364e+01
6.847999999999999643e-01 -1.311304923893642638e+01
6.853000000000000203e-01 -1.310872395491490217e+01
6.858999999999999542e-01 -1.310457363719516266e+01
6.864000000000000101e-01 -1.310050079463167094e+01
6.868999999999999551e-01 -1.309649793553337283e+01
6.874000000000000110e-01 -1.309256401029584538e+01
6.878999999999999559e-01 -1.308869295206818073e+01
6.884000000000000119e-01 -1.308476220942521273e+01
6.888999999999999568e-01 -1.308103632081570211e+01
6.895000000000000018e-01 -1.307734927627612187e+01
6.899999999999999467e-01 -1.307373831796898145e+01
6.905000000000000027e-01 -1.307019027698780356e+01
6.909999999999999476e-01 -1.306670033521547047e+01
6.915000000000000036e-01 -1.306327429423429187e+01
6.919999999999999485e-01 -1.305990623671830519e+01
6.925000000000000044e-01 -1.305659517920232027e+01
6.929999999999999494e-01 -1.305334994851761898e+01
6.935999999999999943e-01 -1.305014501456592768e+01
6.941000000000000503e-01 -1.304700189091071394e+01
6.945999999999999952e-01 -1.304391181685992152e+01
6.951000000000000512e-01 -1.304087766013509153e+01
6.955999999999999961e-01 -1.303789458608429896e+01
6.961000000000000520e-01 -1.303496944660595780e+01
6.965999999999999970e-01 -1.303222101919184972e+01
6.972000000000000419e-01 -1.302938498363135444e+01
6.976999999999999869e-01 -1.302660272769768035e+01
6.982000000000000428e-01 -1.302386558750766099e+01
6.986999999999999877e-01 -1.302118028196956523e+01
6.992000000000000437e-01 -1.301853709217512112e+01
6.996999999999999886e-01 -1.301594487002274469e+01
7.002000000000000446e-01 -1.301352348358981281e+01
7.007999999999999785e-01 -1.301101219209564519e+01
7.013000000000000345e-01 -1.300854490309235878e+01
7.017999999999999794e-01 -1.300612058101945578e+01
7.023000000000000353e-01 -1.300373942500630875e+01
7.027999999999999803e-01 -1.300152595340846062e+01
7.033000000000000362e-01 -1.299922556519632799e+01
7.037999999999999812e-01 -1.299696835549051777e+01
7.044000000000000261e-01 -1.299474103750585741e+01
7.048999999999999710e-01 -1.299268546669916624e+01
7.054000000000000270e-01 -1.299053711155664992e+01
7.058999999999999719e-01 -1.298842767374009810e+01
7.064000000000000279e-01 -1.298635445158771873e+01
7.068999999999999728e-01 -1.298444493038545033e+01
7.074000000000000288e-01 -1.298244549256889790e+01
7.078999999999999737e-01 -1.298048719778908655e+01
7.085000000000000187e-01 -1.297868065000540660e+01
7.089999999999999636e-01 -1.297678521218885273e+01
7.095000000000000195e-01 -1.297492382397672372e+01
7.099999999999999645e-01 -1.297310153568511559e+01
7.105000000000000204e-01 -1.297143891527400328e+01
7.109999999999999654e-01 -1.296968266005201187e+01
7.115000000000000213e-01 -1.296809268592174291e+01
7.120999999999999552e-01 -1.296639663489395922e+01
7.126000000000000112e-01 -1.296474429699793163e+01
7.130999999999999561e-01 -1.296324874272604610e+01
7.136000000000000121e-01 -1.296166128837468712e+01
7.140999999999999570e-01 -1.296010896701346660e+01
7.146000000000000130e-01 -1.295871441274158187e+01
7.150999999999999579e-01 -1.295723197910419167e+01
7.157000000000000028e-01 -1.295577767009861603e+01
7.161999999999999478e-01 -1.295448604968750139e+01
7.167000000000000037e-01 -1.295310079446550944e+01
7.171999999999999487e-01 -1.295187719058920273e+01
7.177000000000000046e-01 -1.295056090229759782e+01
7.181999999999999496e-01 -1.294940433149090531e+01
7.187000000000000055e-01 -1.294815494327877659e+01
7.191999999999999504e-01 -1.294694750448562104e+01
7.197999999999999954e-01 -1.294589103457605539e+01
7.203000000000000513e-01 -1.294474677935406248e+01
7.207999999999999963e-01 -1.294376424161698758e+01
7.213000000000000522e-01 -1.294269295332537872e+01
7.217999999999999972e-01 -1.294178136598388207e+01
7.223000000000000531e-01 -1.294077812729669574e+01
7.227999999999999980e-01 -1.293994011662933019e+01
7.234000000000000430e-01 -1.293900531780282037e+01
7.238999999999999879e-01 -1.293823674699612880e+01
7.244000000000000439e-01 -1.293737745870452116e+01
7.248999999999999888e-01 -1.293667802017628965e+01
7.254000000000000448e-01 -1.293589564921064472e+01
7.258999999999999897e-01 -1.293526819414760709e+01
7.264000000000000457e-01 -1.293455842154666513e+01
7.269999999999999796e-01 -1.293400531851450097e+01
7.275000000000000355e-01 -1.293336211289692983e+01
7.279999999999999805e-01 -1.293288569161518531e+01
7.285000000000000364e-01 -1.293244208773887927e+01
7.289999999999999813e-01 -1.293190589865611528e+01
7.295000000000000373e-01 -1.293153536091903888e+01
7.299999999999999822e-01 -1.293107688007718892e+01
7.306000000000000272e-01 -1.293077768441530218e+01
7.310999999999999721e-01 -1.293051504746938107e+01
7.316000000000000281e-01 -1.293015784185181083e+01
7.320999999999999730e-01 -1.292996520490589063e+01
7.326000000000000290e-01 -1.292967798275351221e+01
7.330999999999999739e-01 -1.292955647879773018e+01
7.336000000000000298e-01 -1.292946289145623240e+01
7.340999999999999748e-01 -1.292927766930385403e+01
7.347000000000000197e-01 -1.292925413227845866e+01
7.351999999999999647e-01 -1.292926046226292236e+01
7.357000000000000206e-01 -1.292917014090170191e+01
7.361999999999999655e-01 -1.292923965348072812e+01
7.367000000000000215e-01 -1.292933796693038495e+01
7.371999999999999664e-01 -1.292933862903435660e+01
7.377000000000000224e-01 -1.292949750777910189e+01
7.382999999999999563e-01 -1.292967833931938948e+01
7.388000000000000123e-01 -1.292976191874932468e+01
7.392999999999999572e-01 -1.292999928251508379e+01
7.398000000000000131e-01 -1.293025654636032051e+01
7.402999999999999581e-01 -1.293041304311621964e+01
7.408000000000000140e-01 -1.293071840688197938e+01
7.412999999999999590e-01 -1.293104297626530830e+01
7.419000000000000039e-01 -1.293126205173946275e+01
7.423999999999999488e-01 -1.293162829976157191e+01
7.429000000000000048e-01 -1.293200959738810241e+01
7.433999999999999497e-01 -1.293240664628084424e+01
7.439000000000000057e-01 -1.293269004382790044e+01
7.443999999999999506e-01 -1.293311619264116530e+01
7.449000000000000066e-01 -1.293354836794492080e+01
7.455000000000000515e-01 -1.293386850680250255e+01
7.459999999999999964e-01 -1.293432262254615317e+01
7.465000000000000524e-01 -1.293478153916043638e+01
7.469999999999999973e-01 -1.293511875482461093e+01
7.475000000000000533e-01 -1.293558777135941895e+01
7.479999999999999982e-01 -1.293605567143889523e+01
7.485000000000000542e-01 -1.293640073828980519e+01
7.489999999999999991e-01 -1.293686740723781980e+01
7.496000000000000441e-01 -1.293733150609082294e+01
7.500999999999999890e-01 -1.293766652333730960e+01
7.506000000000000449e-01 -1.293811922499909883e+01
7.510999999999999899e-01 -1.293843719264116565e+01
7.516000000000000458e-01 -1.293887204382789946e+01
7.520999999999999908e-01 -1.293929562974603797e+01
7.526000000000000467e-01 -1.293957644270739493e+01
7.531999999999999806e-01 -1.293997013370181826e+01
7.537000000000000366e-01 -1.294022195253061902e+01
7.541999999999999815e-01 -1.294057948884433529e+01
7.547000000000000375e-01 -1.294079230767313504e+01
7.551999999999999824e-01 -1.294111292737256846e+01
7.557000000000000384e-01 -1.294140843061667034e+01
7.561999999999999833e-01 -1.294155641719350491e+01
7.568000000000000282e-01 -1.294180258734149902e+01
7.572999999999999732e-01 -1.294189804169285907e+01
7.578000000000000291e-01 -1.294196279438243025e+01
7.582999999999999741e-01 -1.294212918188287986e+01
7.588000000000000300e-01 -1.294214178575918517e+01
7.592999999999999750e-01 -1.294224715672482873e+01
7.598000000000000309e-01 -1.294219777713594155e+01
7.602999999999999758e-01 -1.294224244297231508e+01
7.609000000000000208e-01 -1.294212863552255932e+01
7.613999999999999657e-01 -1.294198723939886619e+01
7.619000000000000217e-01 -1.294193859382970047e+01
7.623999999999999666e-01 -1.294173209778548284e+01
7.629000000000000226e-01 -1.294149768512698095e+01
7.633999999999999675e-01 -1.294135505609262360e+01
7.639000000000000234e-01 -1.294105646670700516e+01
7.644999999999999574e-01 -1.294072827966836314e+01
7.650000000000000133e-01 -1.294050066716881453e+01
7.654999999999999583e-01 -1.294011728686824725e+01
7.660000000000000142e-01 -1.293971298995339403e+01
7.664999999999999591e-01 -1.293940750973230536e+01
7.670000000000000151e-01 -1.293895422864058098e+01
7.674999999999999600e-01 -1.293848526206603644e+01
7.681000000000000050e-01 -1.293799683251688748e+01
7.685999999999999499e-01 -1.293762151764386914e+01
7.691000000000000059e-01 -1.293710840190021827e+01
7.695999999999999508e-01 -1.293658831922618191e+01
7.701000000000000068e-01 -1.293606546875112606e+01
7.705999999999999517e-01 -1.293566841843502502e+01
7.711000000000000076e-01 -1.293515097270690717e+01
7.717000000000000526e-01 -1.293464201439976513e+01
7.721999999999999975e-01 -1.293427809636212267e+01
7.727000000000000535e-01 -1.293380055933672779e+01
7.731999999999999984e-01 -1.293335323797550451e+01
7.737000000000000544e-01 -1.293306371677323696e+01
7.741999999999999993e-01 -1.293268447737436944e+01
7.747000000000000552e-01 -1.293235345363967959e+01
7.752000000000000002e-01 -1.293219892728164844e+01
7.758000000000000451e-01 -1.293197648670929389e+01
7.762999999999999901e-01 -1.293182789287959267e+01
7.768000000000000460e-01 -1.293188331487301923e+01
7.772999999999999909e-01 -1.293202273615476372e+01
7.778000000000000469e-01 -1.293213160529966643e+01
7.782999999999999918e-01 -1.293247040688197913e+01
7.788000000000000478e-01 -1.293280001938152779e+01
7.793999999999999817e-01 -1.293338593813085247e+01
7.799000000000000377e-01 -1.293411030260829264e+01
7.803999999999999826e-01 -1.293497601360500582e+01
7.809000000000000385e-01 -1.293588894097757347e+01
7.813999999999999835e-01 -1.293709806605614787e+01
7.819000000000000394e-01 -1.293849847293812871e+01
7.823999999999999844e-01 -1.294021700889600268e+01
7.830000000000000293e-01 -1.294204078061126317e+01
7.834999999999999742e-01 -1.294408788124346721e+01
7.840000000000000302e-01 -1.294638539595753279e+01
7.844999999999999751e-01 -1.294907279350458751e+01
7.850000000000000311e-01 -1.295190987040210118e+01
7.854999999999999760e-01 -1.295517302926197090e+01
7.860000000000000320e-01 -1.295873604330589757e+01
7.865999999999999659e-01 -1.296253130600053183e+01
7.871000000000000218e-01 -1.296678940734441809e+01
7.875999999999999668e-01 -1.297141897237458608e+01
7.881000000000000227e-01 -1.297656265172504497e+01
7.885999999999999677e-01 -1.298199386161269686e+01
7.891000000000000236e-01 -1.298797820235544620e+01
7.895999999999999686e-01 -1.299429015630942530e+01
7.901000000000000245e-01 -1.300118201976088628e+01
7.906999999999999584e-01 -1.300861495567361636e+01
7.912000000000000144e-01 -1.301654391753915974e+01
7.916999999999999593e-01 -1.302501747536944521e+01
7.922000000000000153e-01 -1.303418828051015943e+01
7.926999999999999602e-01 -1.304395031642649450e+01
7.932000000000000162e-01 -1.305420304822809818e+01
7.936999999999999611e-01 -1.306519378517762142e+01
7.943000000000000060e-01 -1.307704971744887068e+01
7.947999999999999510e-01 -1.308944475550024755e+01
7.953000000000000069e-01 -1.310268723927974044e+01
7.957999999999999519e-01 -1.311668511989460661e+01
7.963000000000000078e-01 -1.313146252962330607e+01
7.967999999999999527e-01 -1.314705353531674881e+01
7.973000000000000087e-01 -1.316356298894858945e+01
7.979000000000000536e-01 -1.318104281846043335e+01
7.983999999999999986e-01 -1.319937214622677679e+01
7.989000000000000545e-01 -1.321863133451477879e+01
7.993999999999999995e-01 -1.323898870397398042e+01
7.999000000000000554e-01 -1.326033678442989583e+01
8.004000000000000004e-01 -1.328271831132560798e+01
8.008999999999999453e-01 -1.330609454226738997e+01
8.014999999999999902e-01 -1.333082313505308925e+01
8.020000000000000462e-01 -1.335661443117317937e+01
8.024999999999999911e-01 -1.338357530672320372e+01
8.030000000000000471e-01 -1.341185777681461033e+01
8.034999999999999920e-01 -1.344137877601984954e+01
8.040000000000000480e-01 -1.347217235465502405e+01
8.044999999999999929e-01 -1.350439059397080754e+01
8.050000000000000488e-01 -1.353785812155468093e+01
8.055999999999999828e-01 -1.357289480875714105e+01
8.061000000000000387e-01 -1.360925685107859984e+01
8.065999999999999837e-01 -1.364719248794143880e+01
8.071000000000000396e-01 -1.368661873659214834e+01
8.075999999999999845e-01 -1.372757476309047853e+01
8.081000000000000405e-01 -1.377022441719980783e+01
8.085999999999999854e-01 -1.381436198584793829e+01
8.092000000000000304e-01 -1.386052514741188624e+01
8.096999999999999753e-01 -1.390810080294457407e+01
8.102000000000000313e-01 -1.395753133482204689e+01
8.106999999999999762e-01 -1.400886456764962951e+01
8.112000000000000322e-01 -1.406185042231168580e+01
8.116999999999999771e-01 -1.411682369034392082e+01
8.122000000000000330e-01 -1.417364308945698070e+01
8.127999999999999670e-01 -1.423255853123480996e+01
8.133000000000000229e-01 -1.429340706453564280e+01
8.137999999999999678e-01 -1.435640036492581473e+01
8.143000000000000238e-01 -1.442129184071066383e+01
8.147999999999999687e-01 -1.448838797717612259e+01
8.153000000000000247e-01 -1.455761166000190343e+01
8.157999999999999696e-01 -1.462911062249604655e+01
8.163000000000000256e-01 -1.470245990923417523e+01
8.168999999999999595e-01 -1.477861513838423058e+01
8.174000000000000155e-01 -1.485697858901102819e+01
8.178999999999999604e-01 -1.493749190949440830e+01
8.184000000000000163e-01 -1.502050270877551874e+01
8.188999999999999613e-01 -1.510592045845220710e+01
8.194000000000000172e-01 -1.519374604420418429e+01
8.198999999999999622e-01 -1.528394935902232810e+01
8.205000000000000071e-01 -1.537716816468035574e+01
8.209999999999999520e-01 -1.547265572527428112e+01
8.215000000000000080e-01 -1.557071756695992981e+01
8.219999999999999529e-01 -1.567137452581259005e+01
