0.000000000000000000e+00 -1.567132543823975510e+01
5.000000000000000104e-04 -1.577474396006526192e+01
1.000000000000000021e-03 -1.588102953445837962e+01
1.500000000000000031e-03 -1.598958381969732301e+01
2.099999999999999870e-03 -1.610153707957330482e+01
2.599999999999999881e-03 -1.621599325392028135e+01
3.099999999999999891e-03 -1.633330070955940627e+01
3.599999999999999901e-03 -1.645347967307700898e+01
4.100000000000000346e-03 -1.657673339132348644e+01
4.599999999999999922e-03 -1.670275368363483537e+01
5.100000000000000366e-03 -1.683138938103193638e+01
5.700000000000000205e-03 -1.696374931069311387e+01
6.199999999999999782e-03 -1.709877388857298541e+01
6.700000000000000226e-03 -1.723703093988958557e+01
7.199999999999999803e-03 -1.737819556527105647e+01
7.700000000000000247e-03 -1.752248017410593306e+01
8.200000000000000691e-03 -1.766988470955021739e+01
8.699999999999999400e-03 -1.782046427808769451e+01
9.199999999999999845e-03 -1.797378853645291130e+01
9.799999999999999684e-03 -1.813117978853017576e+01
1.030000000000000013e-02 -1.829137449878281885e+01
1.080000000000000057e-02 -1.845481573852655899e+01
1.129999999999999928e-02 -1.862153512718966297e+01
1.179999999999999973e-02 -1.879154173095852798e+01
1.230000000000000017e-02 -1.896484874839230628e+01
1.280000000000000061e-02 -1.914098219756540331e+01
1.340000000000000045e-02 -1.932126152785671280e+01
1.389999999999999916e-02 -1.950458917406116299e+01
1.439999999999999961e-02 -1.969127685842481768e+01
1.490000000000000005e-02 -1.988115501250775452e+01
1.540000000000000049e-02 -2.007460240837506404e+01
1.590000000000000094e-02 -2.027127955097741108e+01
1.640000000000000138e-02 -2.047078895148226252e+01
1.700000000000000122e-02 -2.067483203901765521e+01
1.750000000000000167e-02 -2.088193913704622773e+01
1.799999999999999864e-02 -2.109225915661819784e+01
1.849999999999999908e-02 -2.130602115536718699e+01
1.899999999999999953e-02 -2.152299358353806369e+01
1.949999999999999997e-02 -2.174361442109747244e+01
2.000000000000000042e-02 -2.196767006009772061e+01
2.050000000000000086e-02 -2.219450902146126481e+01
2.110000000000000070e-02 -2.242582494604591048e+01
2.160000000000000114e-02 -2.265994779508590184e+01
2.210000000000000159e-02 -2.289768072764850615e+01
2.259999999999999856e-02 -2.313861578751787462e+01
2.309999999999999901e-02 -2.338293889702703154e+01
2.359999999999999945e-02 -2.363065277488383131e+01
2.409999999999999989e-02 -2.388104176817392243e+01
2.469999999999999973e-02 -2.413619093491996281e+01
2.520000000000000018e-02 -2.439399496462395689e+01
2.570000000000000062e-02 -2.465489095324092261e+01
2.620000000000000107e-02 -2.491934327144126016e+01
2.670000000000000151e-02 -2.518684489603310439e+01
2.719999999999999848e-02 -2.545788046963659568e+01
2.769999999999999893e-02 -2.573115156717471663e+01
2.829999999999999877e-02 -2.600919104626545675e+01
2.879999999999999921e-02 -2.628966668098932047e+01
2.929999999999999966e-02 -2.657332291859486872e+01
2.980000000000000010e-02 -2.686013570944230722e+01
3.030000000000000054e-02 -2.715007348667096565e+01
3.080000000000000099e-02 -2.744284660338432147e+01
3.130000000000000143e-02 -2.773811724044800187e+01
3.189999999999999780e-02 -2.803780539590856691e+01
3.239999999999999825e-02 -2.833992988970689453e+01
3.289999999999999869e-02 -2.864474715612924882e+01
3.339999999999999913e-02 -2.895248110816627118e+01
3.389999999999999958e-02 -2.926311211704728521e+01
3.440000000000000002e-02 -2.957658343097123677e+01
3.490000000000000047e-02 -2.989285331468367701e+01
3.540000000000000091e-02 -3.021100373012947671e+01
3.599999999999999728e-02 -3.053333943465310085e+01
3.649999999999999772e-02 -3.085776601838861311e+01
3.699999999999999817e-02 -3.118482056261635904e+01
3.749999999999999861e-02 -3.151414842550581952e+01
3.799999999999999906e-02 -3.184601075597636921e+01
3.849999999999999950e-02 -3.218066170238844137e+01
3.899999999999999994e-02 -3.251649387516268064e+01
3.960000000000000325e-02 -3.285657376923131778e+01
4.009999999999999676e-02 -3.319805708180670933e+01
4.059999999999999720e-02 -3.354178915631517555e+01
4.109999999999999765e-02 -3.388740944007375333e+01
4.159999999999999809e-02 -3.423551813828687784e+01
4.209999999999999853e-02 -3.458571723440794443e+01
4.259999999999999898e-02 -3.493664818302536190e+01
4.320000000000000229e-02 -3.529186381577457610e+01
4.370000000000000273e-02 -3.564767223483374181e+01
4.420000000000000318e-02 -3.600566891301351546e+01
4.469999999999999668e-02 -3.636510221703614576e+01
4.519999999999999712e-02 -3.672630420453523925e+01
4.569999999999999757e-02 -3.708913707620815359e+01
4.619999999999999801e-02 -3.745258327072813387e+01
4.680000000000000132e-02 -3.781958443470588804e+01
4.730000000000000177e-02 -3.818702061648775725e+01
4.780000000000000221e-02 -3.855585680547383731e+01
4.830000000000000265e-02 -3.892603306785050421e+01
4.880000000000000310e-02 -3.929748594110267845e+01
4.929999999999999660e-02 -3.966972932358189752e+01
4.979999999999999705e-02 -4.004349887952091791e+01
5.029999999999999749e-02 -4.041728581679087995e+01
5.090000000000000080e-02 -4.079369956704307754e+01
5.140000000000000124e-02 -4.117002498554332135e+01
5.190000000000000169e-02 -4.154756995886469895e+01
5.240000000000000213e-02 -4.192548152493574065e+01
5.290000000000000258e-02 -4.230409740246429351e+01
5.340000000000000302e-02 -4.268371848733547580e+01
5.390000000000000346e-02 -4.306242299597318635e+01
5.449999999999999983e-02 -4.344371289942113634e+01
5.500000000000000028e-02 -4.382433440943781022e+01
5.550000000000000072e-02 -4.420528733098120711e+01
5.600000000000000117e-02 -4.458647635900839390e+01
5.650000000000000161e-02 -4.496784701366805592e+01
5.700000000000000205e-02 -4.534930874971213655e+01
5.750000000000000250e-02 -4.572929362530279462e+01
5.809999999999999887e-02 -4.611178473023772284e+01
5.859999999999999931e-02 -4.649311215617284887e+01
5.909999999999999976e-02 -4.687421509370390993e+01
5.960000000000000020e-02 -4.725460326130806266e+01
6.010000000000000064e-02 -4.763510523699833499e+01
6.060000000000000109e-02 -4.801471370750723366e+01
6.110000000000000153e-02 -4.839322956875012949e+01
6.169999999999999790e-02 -4.877280655375255236e+01
6.219999999999999835e-02 -4.915114609495491749e+01
6.270000000000000573e-02 -4.952832401514975658e+01
6.320000000000000617e-02 -4.990517759451133628e+01
6.370000000000000662e-02 -5.028068310689688758e+01
6.419999999999999318e-02 -5.065525966813261505e+01
6.469999999999999363e-02 -5.102930938493297219e+01
6.519999999999999407e-02 -5.140081197202727736e+01
6.579999999999999738e-02 -5.177312952418169800e+01
6.629999999999999782e-02 -5.214324646036419608e+01
6.679999999999999827e-02 -5.251209754467643620e+01
6.729999999999999871e-02 -5.288008952701196108e+01
6.779999999999999916e-02 -5.324615352510446797e+01
6.829999999999999960e-02 -5.361070582823990094e+01
6.880000000000000004e-02 -5.397270729713915216e+01
6.940000000000000335e-02 -5.433507790288150119e+01
6.990000000000000380e-02 -5.469481433411333171e+01
7.040000000000000424e-02 -5.505276348405301690e+01
7.090000000000000469e-02 -5.540890750882413585e+01
7.140000000000000513e-02 -5.576317820986752594e+01
7.190000000000000557e-02 -5.611549674544494337e+01
7.240000000000000602e-02 -5.646488353463394816e+01
7.299999999999999545e-02 -5.681359998499357999e+01
7.349999999999999589e-02 -5.715973782347575138e+01
7.399999999999999634e-02 -5.750374885837888428e+01
7.449999999999999678e-02 -5.784552531415113918e+01
7.499999999999999722e-02 -5.818503176058100479e+01
7.549999999999999767e-02 -5.852219710424453325e+01
7.599999999999999811e-02 -5.885638102253187043e+01
7.649999999999999856e-02 -5.918782618338785539e+01
7.710000000000000187e-02 -5.951861169387126438e+01
7.760000000000000231e-02 -5.984591892677462255e+01
7.810000000000000275e-02 -6.017005638682326918e+01
7.860000000000000320e-02 -6.049215609158409990e+01
7.910000000000000364e-02 -6.081156843817544200e+01
7.960000000000000409e-02 -6.112769644932778590e+01
8.010000000000000453e-02 -6.144078083585921490e+01
8.069999999999999396e-02 -6.175277394451025970e+01
8.119999999999999440e-02 -6.206105419688802982e+01
8.169999999999999485e-02 -6.236586415626238988e+01
8.219999999999999529e-02 -6.266835367124752310e+01
8.269999999999999574e-02 -6.296726840617373000e+01
8.319999999999999618e-02 -6.326379981602364211e+01
8.369999999999999662e-02 -6.355652323029092798e+01
8.429999999999999993e-02 -6.384717108754759352e+01
8.480000000000000038e-02 -6.413455489958184330e+01
8.530000000000000082e-02 -6.441877484984449609e+01
8.580000000000000127e-02 -6.469926482148906643e+01
8.630000000000000171e-02 -6.497719301781246770e+01
8.680000000000000215e-02 -6.525128674125809880e+01
8.730000000000000260e-02 -6.552207410857084824e+01
8.790000000000000591e-02 -6.579108968849537575e+01
8.840000000000000635e-02 -6.605543289899651427e+01
8.890000000000000679e-02 -6.631716692771576049e+01
8.939999999999999336e-02 -6.657493604614150229e+01
8.989999999999999380e-02 -6.683004209489411096e+01
9.039999999999999425e-02 -6.708181556102908871e+01
9.089999999999999469e-02 -6.732958990176480540e+01
9.139999999999999514e-02 -6.757397815610670477e+01
9.199999999999999845e-02 -6.781567427842395546e+01
9.249999999999999889e-02 -6.805399226819439207e+01
9.299999999999999933e-02 -6.828891317894927226e+01
9.349999999999999978e-02 -6.851974303262947785e+01
9.400000000000000022e-02 -6.874788066209222848e+01
9.450000000000000067e-02 -6.897190980426877616e+01
9.500000000000000111e-02 -6.919261502741312597e+01
9.560000000000000442e-02 -6.941108050623492431e+01
9.610000000000000486e-02 -6.962488635057272290e+01
9.660000000000000531e-02 -6.983595166193269677e+01
9.710000000000000575e-02 -7.004357975470013287e+01
9.760000000000000620e-02 -7.024712711198245074e+01
9.810000000000000664e-02 -7.044796482046072583e+01
9.859999999999999321e-02 -7.064485615969886112e+01
9.919999999999999651e-02 -7.083877335324345381e+01
9.969999999999999696e-02 -7.102941340199606657e+01
1.001999999999999974e-01 -7.121673091191519234e+01
1.006999999999999978e-01 -7.140062451042294356e+01
1.011999999999999983e-01 -7.158052673533246946e+01
1.016999999999999987e-01 -7.175771364450810097e+01
1.021999999999999992e-01 -7.193161892863051321e+01
1.026999999999999996e-01 -7.210105428501110225e+01
1.033000000000000029e-01 -7.226879158500256040e+01
1.038000000000000034e-01 -7.243279462655095813e+01
1.043000000000000038e-01 -7.259353680047213686e+01
1.048000000000000043e-01 -7.275101465652123522e+01
1.053000000000000047e-01 -7.290457854543281258e+01
1.058000000000000052e-01 -7.305558805242411324e+01
1.063000000000000056e-01 -7.320308480911845095e+01
1.068999999999999950e-01 -7.334817356066643868e+01
1.073999999999999955e-01 -7.348975532306089065e+01
1.078999999999999959e-01 -7.362818121062390730e+01
1.083999999999999964e-01 -7.376351813128012225e+01
1.088999999999999968e-01 -7.389576995479495736e+01
1.093999999999999972e-01 -7.402504741214646344e+01
1.098999999999999977e-01 -7.415087281808249031e+01
1.105000000000000010e-01 -7.427442614562654910e+01
1.110000000000000014e-01 -7.439393969347419500e+01
1.115000000000000019e-01 -7.451125131685060410e+01
1.120000000000000023e-01 -7.462639937573523241e+01
1.125000000000000028e-01 -7.473787899562489656e+01
1.130000000000000032e-01 -7.484655462271875592e+01
1.135000000000000037e-01 -7.495208455948257154e+01
1.140999999999999931e-01 -7.505541812003941970e+01
1.145999999999999935e-01 -7.515570291473743225e+01
1.150999999999999940e-01 -7.525325645403231078e+01
1.155999999999999944e-01 -7.534812274512822228e+01
1.160999999999999949e-01 -7.544028816139271498e+01
1.165999999999999953e-01 -7.552983303004025117e+01
1.170999999999999958e-01 -7.561753138383581074e+01
1.175999999999999962e-01 -7.570165483639944171e+01
1.181999999999999995e-01 -7.578370548538671869e+01
1.187000000000000000e-01 -7.586305774394837442e+01
1.192000000000000004e-01 -7.594064876174599021e+01
1.197000000000000008e-01 -7.601505068588895142e+01
1.202000000000000013e-01 -7.608704406241498930e+01
1.207000000000000017e-01 -7.615740366868585909e+01
1.212000000000000022e-01 -7.622449161870463286e+01
1.218000000000000055e-01 -7.628966973263649720e+01
1.223000000000000059e-01 -7.635306178780369635e+01
1.228000000000000064e-01 -7.641352043121345616e+01
1.233000000000000068e-01 -7.647248321443088059e+01
1.237999999999999934e-01 -7.652854417594343772e+01
1.242999999999999938e-01 -7.658244097041077225e+01
1.247999999999999943e-01 -7.663484426699716323e+01
1.254000000000000115e-01 -7.668543223956582722e+01
1.259000000000000119e-01 -7.673310910956195130e+01
1.264000000000000123e-01 -7.677948465606101536e+01
1.269000000000000128e-01 -7.682313866777228384e+01
1.274000000000000132e-01 -7.686556057109228846e+01
1.279000000000000137e-01 -7.690534244322658708e+01
1.283999999999999864e-01 -7.694385547032966599e+01
1.290000000000000036e-01 -7.698071677777841160e+01
1.295000000000000040e-01 -7.701489283406345976e+01
1.300000000000000044e-01 -7.704803185163036972e+01
1.305000000000000049e-01 -7.707934746859221775e+01
1.310000000000000053e-01 -7.710818766659244261e+01
1.315000000000000058e-01 -7.713606076903053577e+01
1.320000000000000062e-01 -7.716224876498483809e+01
1.325000000000000067e-01 -7.718674050223114591e+01
1.330999999999999961e-01 -7.720964578436169745e+01
1.335999999999999965e-01 -7.723016714996607845e+01
1.340999999999999970e-01 -7.724985235382193594e+01
1.345999999999999974e-01 -7.726797875623695688e+01
1.350999999999999979e-01 -7.728455887015563519e+01
1.355999999999999983e-01 -7.729963544737901771e+01
1.360999999999999988e-01 -7.731320232745837018e+01
1.366999999999999882e-01 -7.732534704858389318e+01
1.371999999999999886e-01 -7.733602378406904165e+01
1.376999999999999891e-01 -7.734529461883376200e+01
1.381999999999999895e-01 -7.735316530467912344e+01
1.386999999999999900e-01 -7.735962886028988805e+01
1.391999999999999904e-01 -7.736479512526612723e+01
1.396999999999999909e-01 -7.736858133418800776e+01
1.403000000000000080e-01 -7.737105677318297126e+01
1.408000000000000085e-01 -7.737223041152671499e+01
1.413000000000000089e-01 -7.737211344698879145e+01
1.418000000000000094e-01 -7.737073009467495410e+01
1.423000000000000098e-01 -7.736812949978708787e+01
1.428000000000000103e-01 -7.736504460515300252e+01
1.433000000000000107e-01 -7.736000199906403907e+01
1.439000000000000001e-01 -7.735372802569388284e+01
1.444000000000000006e-01 -7.734627679854860105e+01
1.449000000000000010e-01 -7.733766310809861011e+01
1.454000000000000015e-01 -7.732787320096362293e+01
1.459000000000000019e-01 -7.731770091134940515e+01
1.464000000000000024e-01 -7.730564996549627210e+01
1.469000000000000028e-01 -7.729245471460019701e+01
1.474000000000000032e-01 -7.727820928319830784e+01
1.479999999999999927e-01 -7.726350977539232190e+01
1.484999999999999931e-01 -7.724703944176326331e+01
1.489999999999999936e-01 -7.722947389865339574e+01
1.494999999999999940e-01 -7.721154919751245416e+01
1.499999999999999944e-01 -7.719184174085300754e+01
1.504999999999999949e-01 -7.717109171068763374e+01
1.509999999999999953e-01 -7.715007571839014133e+01
1.516000000000000125e-01 -7.712713096655217271e+01
1.521000000000000130e-01 -7.710325223422553620e+01
1.526000000000000134e-01 -7.707906231797883834e+01
1.531000000000000139e-01 -7.705308970147837044e+01
1.535999999999999865e-01 -7.702681391040025005e+01
1.540999999999999870e-01 -7.699880985085913210e+01
1.545999999999999874e-01 -7.696986860776310380e+01
1.552000000000000046e-01 -7.694050299652244007e+01
1.557000000000000051e-01 -7.690943570374970761e+01
1.562000000000000055e-01 -7.687814339972707955e+01
1.567000000000000060e-01 -7.684510484941301911e+01
1.572000000000000064e-01 -7.681176690941551044e+01
1.577000000000000068e-01 -7.677670465694016855e+01
1.582000000000000073e-01 -7.674136132916675024e+01
1.587000000000000077e-01 -7.670443280072103676e+01
1.592999999999999972e-01 -7.666700957410962758e+01
1.597999999999999976e-01 -7.662793890076518721e+01
1.602999999999999980e-01 -7.658862087803470331e+01
1.607999999999999985e-01 -7.654757384066513737e+01
1.612999999999999989e-01 -7.650625722225716174e+01
1.617999999999999994e-01 -7.646317712804359701e+01
1.622999999999999998e-01 -7.642000792349567462e+01
1.628999999999999893e-01 -7.637483757154564046e+01
1.633999999999999897e-01 -7.632951626752303298e+01
1.638999999999999901e-01 -7.628244946180579689e+01
1.643999999999999906e-01 -7.623512700886381310e+01
1.648999999999999910e-01 -7.618604969020208273e+01
1.653999999999999915e-01 -7.613668675020458920e+01
1.658999999999999919e-01 -7.608574126069584054e+01
1.665000000000000091e-01 -7.603425538854834542e+01
1.670000000000000095e-01 -7.598185213416550710e+01
1.675000000000000100e-01 -7.592770593132996737e+01
1.680000000000000104e-01 -7.587328066040053898e+01
1.685000000000000109e-01 -7.581711130864562165e+01
1.690000000000000113e-01 -7.576065395498321209e+01
1.695000000000000118e-01 -7.570260843614750002e+01
1.701000000000000012e-01 -7.564393601419608615e+01
1.706000000000000016e-01 -7.558437885909283693e+01
1.711000000000000021e-01 -7.552308445769813261e+01
1.716000000000000025e-01 -7.546149865727761608e+01
1.721000000000000030e-01 -7.539813720624312054e+01
1.726000000000000034e-01 -7.533448157128856337e+01
1.731000000000000039e-01 -7.526905978932212804e+01
1.736000000000000043e-01 -7.520352060935155691e+01
1.741999999999999937e-01 -7.513655817755945066e+01
1.746999999999999942e-01 -7.506803039559302704e+01
1.751999999999999946e-01 -7.499918897574421806e+01
1.756999999999999951e-01 -7.492859407795161530e+01
1.761999999999999955e-01 -7.485769065438536529e+01
1.766999999999999960e-01 -7.478572238345593348e+01
1.771999999999999964e-01 -7.471221369548558755e+01
1.778000000000000136e-01 -7.463798514854752852e+01
1.782999999999999863e-01 -7.456220371405963476e+01
1.787999999999999867e-01 -7.448614115812060277e+01
1.792999999999999872e-01 -7.440900648286864794e+01
1.797999999999999876e-01 -7.433016172465303839e+01
1.802999999999999881e-01 -7.425094656234557533e+01
1.807999999999999885e-01 -7.417027642969466683e+01
1.814000000000000057e-01 -7.408882909578480280e+01
1.819000000000000061e-01 -7.400585325697439032e+01
1.824000000000000066e-01 -7.392263194923431513e+01
1.829000000000000070e-01 -7.383835350563471422e+01
1.834000000000000075e-01 -7.375237980640126523e+01
1.839000000000000079e-01 -7.366609818078910621e+01
1.844000000000000083e-01 -7.357835423222833526e+01
1.849999999999999978e-01 -7.348985164646269652e+01
1.854999999999999982e-01 -7.340059963307460578e+01
1.859999999999999987e-01 -7.330967783456159736e+01
1.864999999999999991e-01 -7.321844363195674532e+01
1.869999999999999996e-01 -7.312558836293480624e+01
1.875000000000000000e-01 -7.303246298180415863e+01
1.880000000000000004e-01 -7.293833715977102372e+01
1.885000000000000009e-01 -7.284287789276734770e+01
1.890999999999999903e-01 -7.274664294917234031e+01
1.895999999999999908e-01 -7.264973494512665297e+01
1.900999999999999912e-01 -7.255121838760837250e+01
1.905999999999999917e-01 -7.245246409506633256e+01
1.910999999999999921e-01 -7.235214418286533089e+01
1.915999999999999925e-01 -7.225163639020794903e+01
1.920999999999999930e-01 -7.215050681940047639e+01
1.927000000000000102e-01 -7.204722583078216758e+01
1.932000000000000106e-01 -7.194409883236143344e+01
1.937000000000000111e-01 -7.184011398657749226e+01
1.942000000000000115e-01 -7.173459113335867698e+01
1.947000000000000119e-01 -7.162894469752222903e+01
1.952000000000000124e-01 -7.152247484453408788e+01
1.957000000000000128e-01 -7.141482432369465982e+01
1.963000000000000023e-01 -7.130647810151648969e+01
1.968000000000000027e-01 -7.119761610895137949e+01
1.973000000000000032e-01 -7.108732766219327459e+01
1.978000000000000036e-01 -7.097699982203428704e+01
1.983000000000000040e-01 -7.086588565679902274e+01
1.988000000000000045e-01 -7.075339512010373255e+01
1.993000000000000049e-01 -7.064091980943582882e+01
1.998000000000000054e-01 -7.052800640673082455e+01
2.003999999999999948e-01 -7.041313443843719710e+01
2.008999999999999952e-01 -7.029856521264048297e+01
2.013999999999999957e-01 -7.018336623876017200e+01
2.018999999999999961e-01 -7.006686185098423891e+01
2.023999999999999966e-01 -6.995038415467861626e+01
2.028999999999999970e-01 -6.983332064038556553e+01
2.033999999999999975e-01 -6.971599837016273682e+01
2.039999999999999869e-01 -6.959676284345178487e+01
2.044999999999999873e-01 -6.947798857735767797e+01
2.049999999999999878e-01 -6.935865546952533123e+01
2.054999999999999882e-01 -6.923881922369527331e+01
2.059999999999999887e-01 -6.911772467472977155e+01
2.064999999999999891e-01 -6.899688583884717730e+01
2.069999999999999896e-01 -6.887585097547393786e+01
2.076000000000000068e-01 -6.875373976489764516e+01
2.081000000000000072e-01 -6.863144701039945517e+01
2.086000000000000076e-01 -6.850810314704862947e+01
2.091000000000000081e-01 -6.838499796582567569e+01
2.096000000000000085e-01 -6.826146005869068745e+01
2.101000000000000090e-01 -6.813756477098397113e+01
2.106000000000000094e-01 -6.801363366351812090e+01
2.111999999999999988e-01 -6.788865506905339942e+01
2.116999999999999993e-01 -6.776301957907007534e+01
2.121999999999999997e-01 -6.763770664818427747e+01
2.127000000000000002e-01 -6.751209576693827330e+01
2.132000000000000006e-01 -6.738618945548076056e+01
2.137000000000000011e-01 -6.725996368285673555e+01
2.142000000000000015e-01 -6.713350878506412300e+01
2.147000000000000020e-01 -6.700710972858662728e+01
2.152999999999999914e-01 -6.687982090888414177e+01
2.157999999999999918e-01 -6.675259586431036496e+01
2.162999999999999923e-01 -6.662518665427060682e+01
2.167999999999999927e-01 -6.649758322912509811e+01
2.172999999999999932e-01 -6.636977287016600258e+01
2.177999999999999936e-01 -6.624176007379116982e+01
2.182999999999999940e-01 -6.611392366831653078e+01
2.189000000000000112e-01 -6.598460745729070709e+01
2.194000000000000117e-01 -6.585615763130944345e+01
2.199000000000000121e-01 -6.572818089043003909e+01
2.204000000000000126e-01 -6.559944523577037501e+01
2.209000000000000130e-01 -6.547060974657667032e+01
2.214000000000000135e-01 -6.534168314876100681e+01
2.218999999999999861e-01 -6.521295720011585217e+01
2.225000000000000033e-01 -6.508345174950449064e+01
2.230000000000000038e-01 -6.495422480634847773e+01
2.235000000000000042e-01 -6.482494025096841028e+01
2.240000000000000047e-01 -6.469556215889302564e+01
2.245000000000000051e-01 -6.456611853012236679e+01
2.250000000000000056e-01 -6.443663711645743319e+01
2.255000000000000060e-01 -6.430748670557669300e+01
2.260999999999999954e-01 -6.417750993230669110e+01
2.265999999999999959e-01 -6.404788237320914845e+01
2.270999999999999963e-01 -6.391886393951089218e+01
2.275999999999999968e-01 -6.378916554239256698e+01
2.280999999999999972e-01 -6.365944279779571957e+01
2.285999999999999976e-01 -6.352967559923656893e+01
2.290999999999999981e-01 -6.339989611938526082e+01
2.295999999999999985e-01 -6.327044592023292324e+01
2.301999999999999880e-01 -6.314027663367831877e+01
2.306999999999999884e-01 -6.301103251436538955e+01
2.311999999999999889e-01 -6.288112734889941891e+01
2.316999999999999893e-01 -6.275121173667535146e+01
2.321999999999999897e-01 -6.262125967048896058e+01
2.326999999999999902e-01 -6.249130247913400638e+01
2.331999999999999906e-01 -6.236164085663424572e+01
2.338000000000000078e-01 -6.223181068489736845e+01
2.343000000000000083e-01 -6.210173365900837439e+01
2.348000000000000087e-01 -6.197159423600106010e+01
2.353000000000000091e-01 -6.184136965687018517e+01
2.358000000000000096e-01 -6.171111959203236097e+01
2.363000000000000100e-01 -6.158138950581262350e+01
2.368000000000000105e-01 -6.145135873687179640e+01
2.373999999999999999e-01 -6.132050976628178773e+01
2.379000000000000004e-01 -6.118989425333729315e+01
2.384000000000000008e-01 -6.105925616261048106e+01
2.389000000000000012e-01 -6.092907575266300313e+01
2.394000000000000017e-01 -6.079815550232586929e+01
2.399000000000000021e-01 -6.066709981457300671e+01
2.404000000000000026e-01 -6.053594108438456800e+01
2.409000000000000030e-01 -6.040498829028373962e+01
2.414999999999999925e-01 -6.027373192905062638e+01
2.419999999999999929e-01 -6.014203629814176111e+01
2.424999999999999933e-01 -6.001018130320777288e+01
2.429999999999999938e-01 -5.987814393490626230e+01
2.434999999999999942e-01 -5.974585302405381526e+01
2.439999999999999947e-01 -5.961391057167076468e+01
2.444999999999999951e-01 -5.948153069945343674e+01
2.451000000000000123e-01 -5.934813105737770655e+01
2.456000000000000127e-01 -5.921480909339871346e+01
2.461000000000000132e-01 -5.908118712941972461e+01
2.466000000000000136e-01 -5.894727499411913385e+01
2.470999999999999863e-01 -5.881363551370889553e+01
2.475999999999999868e-01 -5.867900984543045695e+01
2.480999999999999872e-01 -5.854435623334219230e+01
2.487000000000000044e-01 -5.840866619662643444e+01
2.492000000000000048e-01 -5.827293202260769789e+01
2.497000000000000053e-01 -5.813670581763396683e+01
2.501999999999999780e-01 -5.800010270980161664e+01
2.506999999999999784e-01 -5.786300930413052868e+01
2.511999999999999789e-01 -5.772540907326781223e+01
2.516999999999999793e-01 -5.758775190945627287e+01
2.523000000000000242e-01 -5.744877297263965943e+01
2.528000000000000247e-01 -5.731017415915930258e+01
2.533000000000000251e-01 -5.717044814126414565e+01
2.538000000000000256e-01 -5.703017528669676039e+01
2.543000000000000260e-01 -5.688924749111155421e+01
2.548000000000000265e-01 -5.674772670273055297e+01
2.553000000000000269e-01 -5.660554435041670729e+01
2.558000000000000274e-01 -5.646254591673297085e+01
2.564000000000000168e-01 -5.631860993833104345e+01
2.569000000000000172e-01 -5.617433466075635096e+01
2.574000000000000177e-01 -5.602931733354186150e+01
2.579000000000000181e-01 -5.588355422863732969e+01
2.584000000000000186e-01 -5.573699973595688562e+01
2.589000000000000190e-01 -5.558968847279059133e+01
2.594000000000000195e-01 -5.544192628499756381e+01
2.600000000000000089e-01 -5.529247962351990253e+01
2.605000000000000093e-01 -5.514208700488125459e+01
2.610000000000000098e-01 -5.499128612949089501e+01
2.615000000000000102e-01 -5.483958608863456163e+01
2.620000000000000107e-01 -5.468696716946003988e+01
2.625000000000000111e-01 -5.453286026952925170e+01
2.630000000000000115e-01 -5.437875601610876686e+01
2.636000000000000010e-01 -5.422281351312356890e+01
2.641000000000000014e-01 -5.406570498442209782e+01
2.646000000000000019e-01 -5.390813119683073040e+01
2.651000000000000023e-01 -5.374947357335675946e+01
2.656000000000000028e-01 -5.358922478711394888e+01
2.661000000000000032e-01 -5.342842539315414285e+01
2.666000000000000036e-01 -5.326637948956921775e+01
2.671999999999999931e-01 -5.310290692445518346e+01
2.676999999999999935e-01 -5.293820473895586787e+01
2.681999999999999940e-01 -5.277280967592798788e+01
2.686999999999999944e-01 -5.260573544078887664e+01
2.691999999999999948e-01 -5.243796438496520551e+01
2.696999999999999953e-01 -5.226845513327949533e+01
2.701999999999999957e-01 -5.209824728321918741e+01
2.706999999999999962e-01 -5.192672294001971522e+01
2.712999999999999856e-01 -5.175304445477148363e+01
2.717999999999999861e-01 -5.157904779392793415e+01
2.722999999999999865e-01 -5.140320766392404295e+01
2.727999999999999869e-01 -5.122609802952842273e+01
2.732999999999999874e-01 -5.104814793126916328e+01
2.737999999999999878e-01 -5.086838682501607423e+01
2.742999999999999883e-01 -5.068779229681558007e+01
2.748999999999999777e-01 -5.050482186791304429e+01
2.753999999999999782e-01 -5.032100713288927807e+01
2.758999999999999786e-01 -5.013581791801421161e+01
2.763999999999999790e-01 -4.994923379442489875e+01
2.768999999999999795e-01 -4.976172059688605742e+01
2.773999999999999799e-01 -4.957238800864347184e+01
2.778999999999999804e-01 -4.938210140727122166e+01
2.785000000000000253e-01 -4.918939342276976845e+01
2.790000000000000258e-01 -4.899582004963293258e+01
2.795000000000000262e-01 -4.880076707440405670e+01
2.800000000000000266e-01 -4.860385695801894457e+01
2.805000000000000271e-01 -4.840596499854703438e+01
2.810000000000000275e-01 -4.820662566784578473e+01
2.814999999999999725e-01 -4.800587598966601632e+01
2.819999999999999729e-01 -4.780425655273941032e+01
2.826000000000000179e-01 -4.760006904697139163e+01
2.831000000000000183e-01 -4.739504251636242316e+01
2.836000000000000187e-01 -4.718806719421395002e+01
2.841000000000000192e-01 -4.698015721819543700e+01
2.846000000000000196e-01 -4.677079854001566872e+01
2.851000000000000201e-01 -4.656000221010405227e+01
2.856000000000000205e-01 -4.634797548517940413e+01
2.862000000000000099e-01 -4.613374068107434312e+01
2.867000000000000104e-01 -4.591831371360860459e+01
2.872000000000000108e-01 -4.570191425053458545e+01
2.877000000000000113e-01 -4.548409066521982425e+01
2.882000000000000117e-01 -4.526449233372895264e+01
2.887000000000000122e-01 -4.504389346712203945e+01
2.892000000000000126e-01 -4.482212071253031382e+01
2.898000000000000020e-01 -4.459823038698863229e+01
2.903000000000000025e-01 -4.437317089295962091e+01
2.908000000000000029e-01 -4.414681926576820103e+01
2.913000000000000034e-01 -4.391956912721154538e+01
2.918000000000000038e-01 -4.369057392302743636e+01
2.923000000000000043e-01 -4.346076478447077562e+01
2.928000000000000047e-01 -4.322984522224246717e+01
2.933999999999999941e-01 -4.299640952581155773e+01
2.938999999999999946e-01 -4.276283067788943981e+01
2.943999999999999950e-01 -4.252757776512950016e+01
2.948999999999999955e-01 -4.229118176963657305e+01
2.953999999999999959e-01 -4.205364358199906150e+01
2.958999999999999964e-01 -4.181529583549471596e+01
2.963999999999999968e-01 -4.157540084213997744e+01
2.968999999999999972e-01 -4.133514419295107700e+01
2.974999999999999867e-01 -4.109240083595609150e+01
2.979999999999999871e-01 -4.084971905849674556e+01
2.984999999999999876e-01 -4.060560620471898119e+01
2.989999999999999880e-01 -4.036041709767626884e+01
2.994999999999999885e-01 -4.011431353453304638e+01
2.999999999999999889e-01 -3.986720994763902581e+01
3.004999999999999893e-01 -3.961985233238172555e+01
3.010999999999999788e-01 -3.937027789181535553e+01
3.015999999999999792e-01 -3.912047872072443511e+01
3.020999999999999797e-01 -3.886988353308692723e+01
3.025999999999999801e-01 -3.861849662381374060e+01
3.030999999999999805e-01 -3.836661568088842245e+01
3.035999999999999810e-01 -3.811331166434182194e+01
3.040999999999999814e-01 -3.786069030077023001e+01
3.047000000000000264e-01 -3.760559178332650987e+01
3.052000000000000268e-01 -3.735059071365336791e+01
3.057000000000000273e-01 -3.709492324179589673e+01
3.062000000000000277e-01 -3.683874324044732873e+01
3.066999999999999726e-01 -3.658201844486212906e+01
3.071999999999999731e-01 -3.632470441255856741e+01
3.076999999999999735e-01 -3.606767646197167920e+01
3.083000000000000185e-01 -3.580873828896925204e+01
3.088000000000000189e-01 -3.555008732499026536e+01
3.093000000000000194e-01 -3.529113525238930293e+01
3.098000000000000198e-01 -3.503181761934224880e+01
3.103000000000000203e-01 -3.477221475757065150e+01
3.108000000000000207e-01 -3.451203277332762553e+01
3.113000000000000211e-01 -3.425225430439797236e+01
3.118000000000000216e-01 -3.399239583697908529e+01
3.124000000000000110e-01 -3.373124192303662028e+01
3.129000000000000115e-01 -3.347105650295713275e+01
3.134000000000000119e-01 -3.321048832814877017e+01
3.139000000000000123e-01 -3.294985181734246993e+01
3.144000000000000128e-01 -3.268929915120222063e+01
3.149000000000000132e-01 -3.242848038634133445e+01
3.154000000000000137e-01 -3.216904465710472039e+01
3.160000000000000031e-01 -3.190802146907431336e+01
3.165000000000000036e-01 -3.164787856328788251e+01
3.170000000000000040e-01 -3.138792477546581594e+01
3.175000000000000044e-01 -3.112828570635161185e+01
3.180000000000000049e-01 -3.086894475306358387e+01
3.185000000000000053e-01 -3.060991018968967126e+01
3.190000000000000058e-01 -3.035198074371333732e+01
3.195999999999999952e-01 -3.009329103919104398e+01
3.200999999999999956e-01 -2.983548517291238511e+01
3.205999999999999961e-01 -2.957823034693111452e+01
3.210999999999999965e-01 -2.932147600721572545e+01
3.215999999999999970e-01 -2.906559874888475292e+01
3.220999999999999974e-01 -2.881007266029613234e+01
3.225999999999999979e-01 -2.855515285221002486e+01
3.230999999999999983e-01 -2.830196046251874975e+01
3.236999999999999877e-01 -2.804777405988089001e+01
3.241999999999999882e-01 -2.779534900438546074e+01
3.246999999999999886e-01 -2.754353241140510988e+01
3.251999999999999891e-01 -2.729276118323951650e+01
3.256999999999999895e-01 -2.704265065137954238e+01
3.261999999999999900e-01 -2.679376697645583505e+01
3.266999999999999904e-01 -2.654620013786825794e+01
3.272999999999999798e-01 -2.629860657966576198e+01
3.277999999999999803e-01 -2.605268748308331084e+01
3.282999999999999807e-01 -2.580784739156686669e+01
3.287999999999999812e-01 -2.556391596112466758e+01
3.292999999999999816e-01 -2.532134629689191740e+01
3.297999999999999821e-01 -2.508000546719320312e+01
3.302999999999999825e-01 -2.484054269671137760e+01
3.309000000000000274e-01 -2.460099502503972246e+01
3.313999999999999724e-01 -2.436345010968020830e+01
3.318999999999999728e-01 -2.412741465841502730e+01
3.323999999999999733e-01 -2.389250541932777949e+01
3.328999999999999737e-01 -2.365903545646666473e+01
3.333999999999999742e-01 -2.342719343755118544e+01
3.338999999999999746e-01 -2.319725823309162038e+01
3.345000000000000195e-01 -2.296778353130337536e+01
3.350000000000000200e-01 -2.274018592740137734e+01
3.355000000000000204e-01 -2.251442030988059884e+01
3.360000000000000209e-01 -2.229018990026137459e+01
3.365000000000000213e-01 -2.206756797983585017e+01
3.370000000000000218e-01 -2.184664218244070000e+01
3.375000000000000222e-01 -2.162736180805286068e+01
3.380000000000000226e-01 -2.141040646031073180e+01
3.386000000000000121e-01 -2.119397366215886791e+01
3.391000000000000125e-01 -2.097986438412279142e+01
3.396000000000000130e-01 -2.076778471696222184e+01
3.401000000000000134e-01 -2.055724458784551345e+01
3.406000000000000139e-01 -2.034874907601889049e+01
3.411000000000000143e-01 -2.014215257646248247e+01
3.416000000000000147e-01 -1.993778417734311859e+01
3.422000000000000042e-01 -1.973435179594217814e+01
3.427000000000000046e-01 -1.953342702364639294e+01
3.432000000000000051e-01 -1.933462484781771451e+01
3.437000000000000055e-01 -1.913756948704865124e+01
3.442000000000000060e-01 -1.894254904568480313e+01
3.447000000000000064e-01 -1.874967585038170625e+01
3.452000000000000068e-01 -1.855936382829852960e+01
3.457999999999999963e-01 -1.836987278136505708e+01
3.462999999999999967e-01 -1.818308895942947956e+01
3.467999999999999972e-01 -1.799843256050121809e+01
3.472999999999999976e-01 -1.781598331342014063e+01
3.477999999999999980e-01 -1.763545697133586643e+01
3.482999999999999985e-01 -1.745708739973743562e+01
3.487999999999999989e-01 -1.728097825621232175e+01
3.492999999999999994e-01 -1.710750744524984768e+01
3.498999999999999888e-01 -1.693508280583432324e+01
3.503999999999999893e-01 -1.676558349470505149e+01
3.508999999999999897e-01 -1.659812183823543918e+01
3.513999999999999901e-01 -1.643280013640242743e+01
3.518999999999999906e-01 -1.626984815620508940e+01
3.523999999999999910e-01 -1.610895667668203401e+01
3.528999999999999915e-01 -1.595082307498153540e+01
3.534999999999999809e-01 -1.579407560687575440e+01
3.539999999999999813e-01 -1.563997757917681852e+01
3.544999999999999818e-01 -1.548805510685796349e+01
3.549999999999999822e-01 -1.533840217337259659e+01
3.554999999999999827e-01 -1.519110790681710554e+01
3.559999999999999831e-01 -1.504603423593909106e+01
3.564999999999999836e-01 -1.490360405601861515e+01
3.570999999999999730e-01 -1.476263614958621773e+01
3.575999999999999734e-01 -1.462428542906841322e+01
3.580999999999999739e-01 -1.448818941285006368e+01
3.585999999999999743e-01 -1.435444552472810109e+01
3.590999999999999748e-01 -1.422282727685739800e+01
3.595999999999999752e-01 -1.409354937432703103e+01
3.600999999999999757e-01 -1.396685776786371314e+01
3.607000000000000206e-01 -1.384172417428617230e+01
3.612000000000000210e-01 -1.371926680631290907e+01
3.617000000000000215e-01 -1.359890483759615698e+01
3.622000000000000219e-01 -1.348078222570032736e+01
3.627000000000000224e-01 -1.336497751238672649e+01
3.632000000000000228e-01 -1.325136621273804138e+01
3.637000000000000233e-01 -1.313997216849250904e+01
3.642000000000000237e-01 -1.303104847761939666e+01
3.648000000000000131e-01 -1.292385162603913074e+01
3.653000000000000136e-01 -1.281901080624174938e+01
3.658000000000000140e-01 -1.271641371021823375e+01
3.663000000000000145e-01 -1.261586912207320132e+01
3.668000000000000149e-01 -1.251758315121825937e+01
3.673000000000000154e-01 -1.242141475949419593e+01
3.678000000000000158e-01 -1.232765249591663803e+01
3.684000000000000052e-01 -1.223558208973405570e+01
3.689000000000000057e-01 -1.214575460593461642e+01
3.694000000000000061e-01 -1.205801452859589062e+01
3.699000000000000066e-01 -1.197244176136611671e+01
3.704000000000000070e-01 -1.188882012144310529e+01
3.709000000000000075e-01 -1.180733364484786918e+01
3.714000000000000079e-01 -1.172808679308836233e+01
3.719999999999999973e-01 -1.165043673195478924e+01
3.724999999999999978e-01 -1.157496995752081226e+01
3.729999999999999982e-01 -1.150151009101145938e+01
3.734999999999999987e-01 -1.142999205903613813e+01
3.739999999999999991e-01 -1.136040797955921988e+01
3.744999999999999996e-01 -1.129286951523419624e+01
3.750000000000000000e-01 -1.122729539671222909e+01
3.755999999999999894e-01 -1.116335791245007059e+01
3.760999999999999899e-01 -1.110137620926849245e+01
3.765999999999999903e-01 -1.104122752477170266e+01
3.770999999999999908e-01 -1.098302742233361151e+01
3.775999999999999912e-01 -1.092651700978657026e+01
3.780999999999999917e-01 -1.087191141095058100e+01
3.785999999999999921e-01 -1.081896505524753138e+01
3.790999999999999925e-01 -1.076800472146161525e+01
3.796999999999999820e-01 -1.071848737052004807e+01
3.801999999999999824e-01 -1.067073293715002613e+01
3.806999999999999829e-01 -1.062464627426584407e+01
3.811999999999999833e-01 -1.058032880566443623e+01
3.816999999999999837e-01 -1.053755714998445647e+01
3.821999999999999842e-01 -1.049649475477363758e+01
3.826999999999999846e-01 -1.045702711375780858e+01
3.832999999999999741e-01 -1.041902534706191652e+01
3.837999999999999745e-01 -1.038256874608773472e+01
3.842999999999999750e-01 -1.034764649979628715e+01
3.847999999999999754e-01 -1.031422018731845291e+01
3.852999999999999758e-01 -1.028228511369717246e+01
3.857999999999999763e-01 -1.025179565950416993e+01
3.862999999999999767e-01 -1.022280531138234494e+01
3.869000000000000217e-01 -1.019507105616110643e+01
3.874000000000000221e-01 -1.016880747679953423e+01
3.879000000000000226e-01 -1.014389676292699782e+01
3.884000000000000230e-01 -1.012021519290781768e+01
3.889000000000000234e-01 -1.009794563515885280e+01
3.894000000000000239e-01 -1.007685256660358419e+01
3.899000000000000243e-01 -1.005707543123049419e+01
3.905000000000000138e-01 -1.003843697339254248e+01
3.910000000000000142e-01 -1.002104973002891519e+01
3.915000000000000147e-01 -1.000485575861503307e+01
3.920000000000000151e-01 -9.989810066355103046e+00
3.925000000000000155e-01 -9.975813203563195231e+00
3.930000000000000160e-01 -9.963029435774485520e+00
3.935000000000000164e-01 -9.951228090993085473e+00
3.940000000000000169e-01 -9.940519944989674173e+00
3.946000000000000063e-01 -9.930787846050201040e+00
3.951000000000000068e-01 -9.922092376100227540e+00
3.956000000000000072e-01 -9.914395194646603571e+00
3.961000000000000076e-01 -9.907651977961592138e+00
3.966000000000000081e-01 -9.901743366296452464e+00
3.971000000000000085e-01 -9.896763960394675763e+00
3.976000000000000090e-01 -9.892675158723145401e+00
3.981999999999999984e-01 -9.889428139248730432e+00
3.986999999999999988e-01 -9.887032740551155996e+00
3.991999999999999993e-01 -9.885457174249424384e+00
3.996999999999999997e-01 -9.884575735254452766e+00
4.002000000000000002e-01 -9.884570093423942438e+00
4.007000000000000006e-01 -9.885192172439477787e+00
4.012000000000000011e-01 -9.886538143003093637e+00
4.017999999999999905e-01 -9.888594170070595268e+00
4.022999999999999909e-01 -9.891215728937433838e+00
4.027999999999999914e-01 -9.894592548273434929e+00
4.032999999999999918e-01 -9.898503542417797618e+00
4.037999999999999923e-01 -9.903018238723419131e+00
4.042999999999999927e-01 -9.908118355898160701e+00
4.047999999999999932e-01 -9.913769291060336997e+00
4.052999999999999936e-01 -9.919941412742151243e+00
4.058999999999999830e-01 -9.926668480836038810e+00
4.063999999999999835e-01 -9.933776224643260377e+00
4.068999999999999839e-01 -9.941353490737370180e+00
4.073999999999999844e-01 -9.949486901474466904e+00
4.078999999999999848e-01 -9.957947047466015889e+00
4.083999999999999853e-01 -9.966721287671138185e+00
4.088999999999999857e-01 -9.975964800226748252e+00
4.094999999999999751e-01 -9.985626414188271127e+00
4.099999999999999756e-01 -9.995507791832174860e+00
4.104999999999999760e-01 -1.000571408674309559e+01
4.109999999999999765e-01 -1.001623995144250401e+01
4.114999999999999769e-01 -1.002705941902359044e+01
4.119999999999999774e-01 -1.003814845639316822e+01
4.124999999999999778e-01 -1.004944822683022920e+01
4.131000000000000227e-01 -1.006096003473442302e+01
4.136000000000000232e-01 -1.007274880522026095e+01
4.141000000000000236e-01 -1.008464578360765351e+01
4.146000000000000241e-01 -1.009672248070290301e+01
4.151000000000000245e-01 -1.010896194614580246e+01
4.156000000000000250e-01 -1.012135006411016924e+01
4.161000000000000254e-01 -1.013383116671831097e+01
4.167000000000000148e-01 -1.014649862162844407e+01
4.172000000000000153e-01 -1.015922740652268708e+01
4.177000000000000157e-01 -1.017194448205146706e+01
4.182000000000000162e-01 -1.018472816260012159e+01
4.187000000000000166e-01 -1.019767003743155165e+01
4.192000000000000171e-01 -1.021054541800327264e+01
4.197000000000000175e-01 -1.022344374893520502e+01
4.202000000000000179e-01 -1.023632591728021346e+01
4.208000000000000074e-01 -1.024926441800327304e+01
4.213000000000000078e-01 -1.026216020075932533e+01
4.218000000000000083e-01 -1.027492516046192961e+01
4.223000000000000087e-01 -1.028774615111953494e+01
4.228000000000000091e-01 -1.030050461949025120e+01
4.233000000000000096e-01 -1.031311132885571524e+01
4.238000000000000100e-01 -1.032560682920175132e+01
4.243999999999999995e-01 -1.033817211881597053e+01
4.248999999999999999e-01 -1.035050634833013028e+01
4.254000000000000004e-01 -1.036273324691236120e+01
4.259000000000000008e-01 -1.037483321168097383e+01
4.264000000000000012e-01 -1.038680987861084937e+01
4.269000000000000017e-01 -1.039864524770198706e+01
4.274000000000000021e-01 -1.041029001279356869e+01
4.279999999999999916e-01 -1.042184946359737197e+01
4.284999999999999920e-01 -1.043311722260262364e+01
4.289999999999999925e-01 -1.044430629171682945e+01
4.294999999999999929e-01 -1.045520096798909826e+01
4.299999999999999933e-01 -1.046601213638288463e+01
4.304999999999999938e-01 -1.047653436589704512e+01
4.309999999999999942e-01 -1.048694610407931904e+01
4.314999999999999947e-01 -1.049701577799456764e+01
4.320999999999999841e-01 -1.050702984012339947e+01
4.325999999999999845e-01 -1.051668621641873891e+01
4.330999999999999850e-01 -1.052612332796853245e+01
4.335999999999999854e-01 -1.053532547261151819e+01
4.340999999999999859e-01 -1.054429600716862225e+01
4.345999999999999863e-01 -1.055311416622001452e+01
4.350999999999999868e-01 -1.056155845449752917e+01
4.356999999999999762e-01 -1.056980492601489274e+01
4.361999999999999766e-01 -1.057777365699296368e+01
4.366999999999999771e-01 -1.058548430523805273e+01
4.371999999999999775e-01 -1.059293026573028307e+01
4.376999999999999780e-01 -1.060001470100780629e+01
4.381999999999999784e-01 -1.060694203486755960e+01
4.386999999999999789e-01 -1.061357006926053792e+01
4.393000000000000238e-01 -1.061997026517134657e+01
4.398000000000000242e-01 -1.062608549975151995e+01
4.403000000000000247e-01 -1.063191152643013737e+01
4.408000000000000251e-01 -1.063737956458934164e+01
4.413000000000000256e-01 -1.064266724592762081e+01
4.418000000000000260e-01 -1.064769169347535893e+01
4.423000000000000265e-01 -1.065231173259424402e+01
4.429000000000000159e-01 -1.065679642951944039e+01
4.434000000000000163e-01 -1.066098629073209203e+01
4.439000000000000168e-01 -1.066480831234469839e+01
4.444000000000000172e-01 -1.066844720665054425e+01
4.449000000000000177e-01 -1.067172052610189148e+01
4.454000000000000181e-01 -1.067482820530197962e+01
4.459000000000000186e-01 -1.067755764057950252e+01
4.464000000000000190e-01 -1.068012394872031834e+01
4.470000000000000084e-01 -1.068244111694404985e+01
4.475000000000000089e-01 -1.068437966804774852e+01
4.480000000000000093e-01 -1.068616651271380391e+01
4.485000000000000098e-01 -1.068758531201645390e+01
4.490000000000000102e-01 -1.068886732214847513e+01
4.495000000000000107e-01 -1.068979088979877190e+01
4.500000000000000111e-01 -1.069056306708542969e+01
4.506000000000000005e-01 -1.069100188124600415e+01
4.511000000000000010e-01 -1.069129132158953865e+01
4.516000000000000014e-01 -1.069124820362516992e+01
4.521000000000000019e-01 -1.069107382598126676e+01
4.526000000000000023e-01 -1.069057765837710861e+01
4.531000000000000028e-01 -1.068994742965257672e+01
4.536000000000000032e-01 -1.068900748036146098e+01
4.541999999999999926e-01 -1.068794652972178305e+01
4.546999999999999931e-01 -1.068658690815531287e+01
4.551999999999999935e-01 -1.068512582835014868e+01
4.556999999999999940e-01 -1.068336132260985671e+01
4.561999999999999944e-01 -1.068150247445704437e+01
4.566999999999999948e-01 -1.067935439892826643e+01
4.571999999999999953e-01 -1.067714596196207211e+01
4.577999999999999847e-01 -1.067473873785402638e+01
4.582999999999999852e-01 -1.067206296016398603e+01
4.587999999999999856e-01 -1.066933667459545987e+01
4.592999999999999861e-01 -1.066635474798604832e+01
4.597999999999999865e-01 -1.066331534872953846e+01
4.602999999999999869e-01 -1.066012946027933062e+01
4.607999999999999874e-01 -1.065671186460185282e+01
4.612999999999999878e-01 -1.065326662219790421e+01
4.618999999999999773e-01 -1.064967228839878999e+01
4.623999999999999777e-01 -1.064588204019984019e+01
4.628999999999999782e-01 -1.064207536899358075e+01
4.633999999999999786e-01 -1.063816596039467655e+01
4.638999999999999790e-01 -1.063405417550043275e+01
4.643999999999999795e-01 -1.062995376903971945e+01
4.648999999999999799e-01 -1.062577881175477401e+01
4.655000000000000249e-01 -1.062140240287640225e+01
4.660000000000000253e-01 -1.061707431080102459e+01
4.665000000000000258e-01 -1.061268041728480860e+01
4.670000000000000262e-01 -1.060823250722199340e+01
4.675000000000000266e-01 -1.060372997773090020e+01
4.680000000000000271e-01 -1.059919352883460064e+01
4.685000000000000275e-01 -1.059452554380194123e+01
4.691000000000000170e-01 -1.058991050508380205e+01
4.696000000000000174e-01 -1.058528727343144915e+01
4.701000000000000179e-01 -1.058065024033825452e+01
4.706000000000000183e-01 -1.057601114105867524e+01
4.711000000000000187e-01 -1.057136637271102941e+01
4.716000000000000192e-01 -1.056673560436338200e+01
4.721000000000000196e-01 -1.056213151622428015e+01
4.727000000000000091e-01 -1.055751539860001920e+01
4.732000000000000095e-01 -1.055294699427749805e+01
4.737000000000000099e-01 -1.054841480506073204e+01
4.742000000000000104e-01 -1.054393136764501726e+01
4.747000000000000108e-01 -1.053948245972039466e+01
4.752000000000000113e-01 -1.053509953524917542e+01
4.757000000000000117e-01 -1.053078341435698739e+01
4.762000000000000122e-01 -1.052664927995543920e+01
4.768000000000000016e-01 -1.052245329132660778e+01
4.773000000000000020e-01 -1.051836274742711197e+01
4.778000000000000025e-01 -1.051436215602601720e+01
4.783000000000000029e-01 -1.051056400710664640e+01
4.788000000000000034e-01 -1.050675871140609985e+01
4.793000000000000038e-01 -1.050305651498513271e+01
4.798000000000000043e-01 -1.049947469710710912e+01
4.803999999999999937e-01 -1.049610780055365744e+01
4.808999999999999941e-01 -1.049277386887823660e+01
4.813999999999999946e-01 -1.048956690624781274e+01
4.818999999999999950e-01 -1.048660055156508086e+01
4.823999999999999955e-01 -1.048367670476083369e+01
4.828999999999999959e-01 -1.048100048245087557e+01
4.833999999999999964e-01 -1.047838003811042817e+01
4.839999999999999858e-01 -1.047591458094082739e+01
4.844999999999999862e-01 -1.047371473920259177e+01
4.849999999999999867e-01 -1.047158820678368052e+01
4.854999999999999871e-01 -1.046972854705800771e+01
4.859999999999999876e-01 -1.046795324629144908e+01
4.864999999999999880e-01 -1.046646040669140376e+01
4.869999999999999885e-01 -1.046515707789766303e+01
4.874999999999999889e-01 -1.046396017638761400e+01
4.880999999999999783e-01 -1.046303128500959012e+01
4.885999999999999788e-01 -1.046232492312265450e+01
4.890999999999999792e-01 -1.046172096983462652e+01
4.895999999999999797e-01 -1.046141887269323867e+01
4.900999999999999801e-01 -1.046123495249840119e+01
4.905999999999999805e-01 -1.046135685749520583e+01
4.910999999999999810e-01 -1.046171288721105874e+01
4.917000000000000259e-01 -1.046228840060507537e+01
4.922000000000000264e-01 -1.046298302644792777e+01
4.927000000000000268e-01 -1.046401581561855565e+01
4.932000000000000273e-01 -1.046527767097556882e+01
4.937000000000000277e-01 -1.046677087167291909e+01
4.941999999999999726e-01 -1.046840072916812403e+01
4.946999999999999731e-01 -1.047037644573778969e+01
4.953000000000000180e-01 -1.047259457225492518e+01
4.958000000000000185e-01 -1.047505070890408163e+01
4.963000000000000189e-01 -1.047775520744017186e+01
4.968000000000000194e-01 -1.048061389946941091e+01
4.973000000000000198e-01 -1.048381511885155071e+01
4.978000000000000203e-01 -1.048727137132688192e+01
4.983000000000000207e-01 -1.049097353482471107e+01
4.989000000000000101e-01 -1.049494377699796743e+01
4.994000000000000106e-01 -1.049916489710052936e+01
4.999000000000000110e-01 -1.050363521576224812e+01
5.003999999999999559e-01 -1.050836658406375612e+01
5.009000000000000119e-01 -1.051336181999249320e+01
5.013999999999999568e-01 -1.051861313865421366e+01
5.019000000000000128e-01 -1.052412534148975531e+01
5.023999999999999577e-01 -1.052987364366551581e+01
5.030000000000000027e-01 -1.053581694571999883e+01
5.034999999999999476e-01 -1.054210319819533304e+01
5.040000000000000036e-01 -1.054864666577642218e+01
5.044999999999999485e-01 -1.055545976933238528e+01
5.050000000000000044e-01 -1.056252122036687702e+01
5.054999999999999494e-01 -1.056985143974901575e+01
5.060000000000000053e-01 -1.057741502169830206e+01
5.066000000000000503e-01 -1.058527479578031283e+01
5.070999999999999952e-01 -1.059336523026820842e+01
5.076000000000000512e-01 -1.060172340001055780e+01
5.080999999999999961e-01 -1.061033355320630989e+01
5.086000000000000520e-01 -1.061919475604185337e+01
5.090999999999999970e-01 -1.062830982650462275e+01
5.096000000000000529e-01 -1.063764449687247726e+01
5.101999999999999869e-01 -1.064728411634953176e+01
5.107000000000000428e-01 -1.065714618681230164e+01
5.111999999999999877e-01 -1.066725419108868600e+01
5.117000000000000437e-01 -1.067760436083103492e+01
5.121999999999999886e-01 -1.068820618309485582e+01
5.127000000000000446e-01 -1.069903913773144843e+01
5.131999999999999895e-01 -1.071007999303968639e+01
5.138000000000000345e-01 -1.072142788153866988e+01
5.142999999999999794e-01 -1.073296781962866575e+01
5.148000000000000353e-01 -1.074474565843908458e+01
5.152999999999999803e-01 -1.075675529869034186e+01
5.158000000000000362e-01 -1.076898498858138886e+01
5.162999999999999812e-01 -1.078143777775201606e+01
5.168000000000000371e-01 -1.079411928563050083e+01
5.172999999999999821e-01 -1.080697684051228435e+01
5.179000000000000270e-01 -1.082013133448066178e+01
5.183999999999999719e-01 -1.083345109055809807e+01
5.189000000000000279e-01 -1.084699739987742184e+01
5.193999999999999728e-01 -1.086074365955695598e+01
5.199000000000000288e-01 -1.087468720052863524e+01
5.203999999999999737e-01 -1.088884264008254199e+01
5.209000000000000297e-01 -1.090304846201811628e+01
5.214999999999999636e-01 -1.091762979755467811e+01
5.220000000000000195e-01 -1.093236694140803600e+01
5.224999999999999645e-01 -1.094729405216820162e+01
5.230000000000000204e-01 -1.096240906364878853e+01
5.234999999999999654e-01 -1.097770600894298632e+01
5.240000000000000213e-01 -1.099318088805079974e+01
5.244999999999999662e-01 -1.100878613929884331e+01
5.251000000000000112e-01 -1.102465094196697315e+01
5.255999999999999561e-01 -1.104054632681507897e+01
5.261000000000000121e-01 -1.105670492463074872e+01
5.265999999999999570e-01 -1.107302068791238625e+01
5.271000000000000130e-01 -1.108950310371549364e+01
5.275999999999999579e-01 -1.110613175117095253e+01
5.281000000000000139e-01 -1.112291842958141430e+01
5.285999999999999588e-01 -1.113970258216945197e+01
5.292000000000000037e-01 -1.115683668419493735e+01
5.296999999999999487e-01 -1.117404436474359208e+01
5.302000000000000046e-01 -1.119141348270795966e+01
5.306999999999999496e-01 -1.120890878054670026e+01
5.312000000000000055e-01 -1.122642571863669581e+01
5.316999999999999504e-01 -1.124417875386808063e+01
5.322000000000000064e-01 -1.126200510242756536e+01
5.328000000000000513e-01 -1.128004793801883565e+01
5.332999999999999963e-01 -1.129805752863030222e+01
5.338000000000000522e-01 -1.131628239839572281e+01
5.342999999999999972e-01 -1.133462025161454356e+01
5.348000000000000531e-01 -1.135306801996219050e+01
5.352999999999999980e-01 -1.137150561057365827e+01
5.358000000000000540e-01 -1.139010649920578011e+01
5.363999999999999879e-01 -1.140890488466159880e+01
5.369000000000000439e-01 -1.142763606160815115e+01
5.373999999999999888e-01 -1.144655761698823504e+01
5.379000000000000448e-01 -1.146557117023012395e+01
5.383999999999999897e-01 -1.148456126444369474e+01
5.389000000000000457e-01 -1.150373660471801962e+01
5.393999999999999906e-01 -1.152293800753378328e+01
5.400000000000000355e-01 -1.154221293778814506e+01
5.404999999999999805e-01 -1.156161009604990753e+01
5.410000000000000364e-01 -1.158107541763944681e+01
5.414999999999999813e-01 -1.160050308164150401e+01
5.420000000000000373e-01 -1.162009010753049409e+01
5.424999999999999822e-01 -1.163973701545511652e+01
5.430000000000000382e-01 -1.165932209312209089e+01
5.434999999999999831e-01 -1.167903437797348509e+01
5.441000000000000281e-01 -1.169877266504876800e+01
5.445999999999999730e-01 -1.171863612835347368e+01
5.451000000000000290e-01 -1.173852601973150023e+01
5.455999999999999739e-01 -1.175835227006864159e+01
5.461000000000000298e-01 -1.177831107871368310e+01
5.465999999999999748e-01 -1.179820172616914320e+01
5.471000000000000307e-01 -1.181819305959123589e+01
5.476999999999999647e-01 -1.183819840457960559e+01
5.482000000000000206e-01 -1.185828594847910367e+01
5.486999999999999655e-01 -1.187828919881624401e+01
5.492000000000000215e-01 -1.189842465998275678e+01
5.496999999999999664e-01 -1.191847076140052941e+01
5.502000000000000224e-01 -1.193864179449372109e+01
5.506999999999999673e-01 -1.195875790729452604e+01
5.513000000000000123e-01 -1.197889717506544471e+01
5.517999999999999572e-01 -1.199909132184662219e+01
5.523000000000000131e-01 -1.201917747290418426e+01
5.527999999999999581e-01 -1.203938945421939621e+01
5.533000000000000140e-01 -1.205948324125183113e+01
5.537999999999999590e-01 -1.207968132184662302e+01
5.543000000000000149e-01 -1.209976714197225078e+01
5.547999999999999599e-01 -1.211990376940621950e+01
5.554000000000000048e-01 -1.214003272830733593e+01
5.558999999999999497e-01 -1.216019944487700144e+01
5.564000000000000057e-01 -1.218023229809582375e+01
5.568999999999999506e-01 -1.220037296502570001e+01
5.574000000000000066e-01 -1.222037461754717036e+01
5.578999999999999515e-01 -1.224035728875342954e+01
5.584000000000000075e-01 -1.226038177002579310e+01
5.590000000000000524e-01 -1.228036524631784232e+01
5.594999999999999973e-01 -1.230038168159536482e+01
5.600000000000000533e-01 -1.232024733625502755e+01
5.604999999999999982e-01 -1.234020868879956723e+01
5.610000000000000542e-01 -1.236001409526028105e+01
5.614999999999999991e-01 -1.237990024924566157e+01
5.620000000000000551e-01 -1.239956417052145277e+01
5.625999999999999890e-01 -1.241942697515772132e+01
5.631000000000000449e-01 -1.243906816651267810e+01
5.635999999999999899e-01 -1.245877738668444401e+01
5.641000000000000458e-01 -1.247832055935461248e+01
5.645999999999999908e-01 -1.249781570106978101e+01
5.651000000000000467e-01 -1.251737563994940494e+01
5.655999999999999917e-01 -1.253670123412012671e+01
5.662000000000000366e-01 -1.255620485291696831e+01
5.666999999999999815e-01 -1.257547577952638029e+01
5.672000000000000375e-01 -1.259479876804579490e+01
5.676999999999999824e-01 -1.261394361192222213e+01
5.682000000000000384e-01 -1.263313546806886478e+01
5.686999999999999833e-01 -1.265213927671390692e+01
5.692000000000000393e-01 -1.267107318677672190e+01
5.696999999999999842e-01 -1.269000598181484740e+01
5.703000000000000291e-01 -1.270884057241445575e+01
5.707999999999999741e-01 -1.272766723000193601e+01
5.713000000000000300e-01 -1.274629604078516998e+01
5.717999999999999750e-01 -1.276496943362710645e+01
5.723000000000000309e-01 -1.278342710989937636e+01
5.727999999999999758e-01 -1.280180647392450233e+01
5.733000000000000318e-01 -1.282015384640483902e+01
5.738999999999999657e-01 -1.283839662790988179e+01
5.744000000000000217e-01 -1.285662173945967623e+01
5.748999999999999666e-01 -1.287461429990577066e+01
5.754000000000000226e-01 -1.289252163083770242e+01
5.758999999999999675e-01 -1.291044487476026781e+01
5.764000000000000234e-01 -1.292814502367963669e+01
5.768999999999999684e-01 -1.294580218043464370e+01
5.775000000000000133e-01 -1.296334161508073279e+01
5.779999999999999583e-01 -1.298084057771115774e+01
5.785000000000000142e-01 -1.299809750938657871e+01
5.789999999999999591e-01 -1.301523179067872071e+01
5.795000000000000151e-01 -1.303237873676254743e+01
5.799999999999999600e-01 -1.304928476985574015e+01
5.805000000000000160e-01 -1.306614276328297386e+01
5.810999999999999499e-01 -1.308284941596263629e+01
5.816000000000000059e-01 -1.309937334977625056e+01
5.820999999999999508e-01 -1.311588909730091679e+01
5.826000000000000068e-01 -1.313215194838154787e+01
5.830999999999999517e-01 -1.314840166281302203e+01
5.836000000000000076e-01 -1.316439408154394819e+01
5.840999999999999526e-01 -1.318023303190415874e+01
5.846000000000000085e-01 -1.319602147146992621e+01
5.852000000000000535e-01 -1.321161603269378659e+01
5.856999999999999984e-01 -1.322702845356290524e+01
5.862000000000000544e-01 -1.324240191979543013e+01
5.866999999999999993e-01 -1.325750548958391661e+01
5.872000000000000552e-01 -1.327257874071068500e+01
5.877000000000000002e-01 -1.328736684505627608e+01
5.881999999999999451e-01 -1.330194220661496374e+01
5.887999999999999901e-01 -1.331656964942493460e+01
5.893000000000000460e-01 -1.333086868758413779e+01
5.897999999999999909e-01 -1.334499110845325731e+01
5.903000000000000469e-01 -1.335907406174128731e+01
5.907999999999999918e-01 -1.337285408335389469e+01
5.913000000000000478e-01 -1.338645627257065840e+01
5.917999999999999927e-01 -1.339996853653843800e+01
5.924000000000000377e-01 -1.341324228270268115e+01
5.928999999999999826e-01 -1.342642913671113014e+01
5.934000000000000385e-01 -1.343930679429861286e+01
5.938999999999999835e-01 -1.345198496696878188e+01
5.944000000000000394e-01 -1.346460845695210473e+01
5.948999999999999844e-01 -1.347690121381916661e+01
5.954000000000000403e-01 -1.348900020447677228e+01
5.958999999999999853e-01 -1.350100137068358919e+01
5.965000000000000302e-01 -1.351273333550098243e+01
5.969999999999999751e-01 -1.352423524342560412e+01
5.975000000000000311e-01 -1.353566633629060689e+01
5.979999999999999760e-01 -1.354674299387809100e+01
5.985000000000000320e-01 -1.355761970324355481e+01
5.989999999999999769e-01 -1.356841416013368473e+01
5.995000000000000329e-01 -1.357884719762453685e+01
6.000999999999999668e-01 -1.358911194581755488e+01
6.006000000000000227e-01 -1.359913950626364887e+01
6.010999999999999677e-01 -1.360907559912865317e+01
6.016000000000000236e-01 -1.361865680995802563e+01
6.020999999999999686e-01 -1.362801148623029590e+01
6.026000000000000245e-01 -1.363728166182828438e+01
6.030999999999999694e-01 -1.364617774220424451e+01
6.037000000000000144e-01 -1.365488406907862640e+01
6.041999999999999593e-01 -1.366346411230384028e+01
6.047000000000000153e-01 -1.367168645550598605e+01
6.051999999999999602e-01 -1.367968966847355006e+01
6.057000000000000162e-01 -1.368758062896578132e+01
6.061999999999999611e-01 -1.369510867432918921e+01
6.067000000000000171e-01 -1.370237833535464844e+01
6.072999999999999510e-01 -1.370945509812612428e+01
6.078000000000000069e-01 -1.371640486005919790e+01
6.082999999999999519e-01 -1.372297997160899108e+01
6.088000000000000078e-01 -1.372932223421634568e+01
6.092999999999999527e-01 -1.373555512852218996e+01
6.098000000000000087e-01 -1.374142095877984104e+01
6.102999999999999536e-01 -1.374703507032963401e+01
6.108000000000000096e-01 -1.375240166713684609e+01
6.114000000000000545e-01 -1.375768012796325479e+01
6.118999999999999995e-01 -1.376257892512771086e+01
6.124000000000000554e-01 -1.376722402013090729e+01
6.129000000000000004e-01 -1.377163523309847193e+01
6.133999999999999453e-01 -1.377593417704410683e+01
6.139000000000000012e-01 -1.377986887492898305e+01
6.143999999999999462e-01 -1.378353441978816107e+01
6.149999999999999911e-01 -1.378698118289974417e+01
6.155000000000000471e-01 -1.379031006065899412e+01
6.159999999999999920e-01 -1.379327090746324203e+01
6.165000000000000480e-01 -1.379598317007059549e+01
6.169999999999999929e-01 -1.379858616365602053e+01
6.175000000000000488e-01 -1.380082802700686528e+01
6.179999999999999938e-01 -1.380281529591937684e+01
6.186000000000000387e-01 -1.380458045080380103e+01
6.190999999999999837e-01 -1.380623331201645421e+01
6.196000000000000396e-01 -1.380751742356624590e+01
6.200999999999999845e-01 -1.380856668403540866e+01
6.206000000000000405e-01 -1.380939196318936091e+01
6.210999999999999854e-01 -1.381010890713499428e+01
6.216000000000000414e-01 -1.381046177875913727e+01
6.221999999999999753e-01 -1.381058974459684840e+01
6.227000000000000313e-01 -1.381062847343672750e+01
6.231999999999999762e-01 -1.381029116411740176e+01
6.237000000000000322e-01 -1.380975337494677468e+01
6.241999999999999771e-01 -1.380898886920648216e+01
6.247000000000000330e-01 -1.380812911099085660e+01
6.251999999999999780e-01 -1.380692360311237188e+01
6.257000000000000339e-01 -1.380551241327603229e+01
6.262999999999999678e-01 -1.380400960390199927e+01
6.268000000000000238e-01 -1.380216909602351549e+01
6.272999999999999687e-01 -1.380011905358792568e+01
6.278000000000000247e-01 -1.379800127882570493e+01
6.282999999999999696e-01 -1.379553728389171674e+01
6.288000000000000256e-01 -1.379289392707079287e+01
6.292999999999999705e-01 -1.379017315089936879e+01
6.299000000000000155e-01 -1.378712643866672316e+01
6.303999999999999604e-01 -1.378388871061647336e+01
6.309000000000000163e-01 -1.378060225023958552e+01
6.313999999999999613e-01 -1.377698847041135366e+01
6.319000000000000172e-01 -1.377320869272131176e+01
6.323999999999999622e-01 -1.376937764600934067e+01
6.329000000000000181e-01 -1.376525559771811480e+01
6.334999999999999520e-01 -1.376093513813085600e+01
6.340000000000000080e-01 -1.375658738925762492e+01
6.344999999999999529e-01 -1.375195685976653337e+01
6.350000000000000089e-01 -1.374729011089330122e+01
6.354999999999999538e-01 -1.374234073032157966e+01
6.360000000000000098e-01 -1.373736413036771786e+01
6.364999999999999547e-01 -1.373212844317379755e+01
6.370999999999999996e-01 -1.372684741458767910e+01
6.375999999999999446e-01 -1.372130999878457125e+01
6.381000000000000005e-01 -1.371562918079713533e+01
6.385999999999999455e-01 -1.370995481249562609e+01
6.391000000000000014e-01 -1.370402092832180152e+01
6.395999999999999464e-01 -1.369808972548625903e+01
6.401000000000000023e-01 -1.369190902332499959e+01
6.405999999999999472e-01 -1.368575965496285107e+01
6.411999999999999922e-01 -1.367933531688735549e+01
6.417000000000000481e-01 -1.367294667877428793e+01
6.421999999999999931e-01 -1.366645682341727408e+01
6.427000000000000490e-01 -1.365973835290836647e+01
6.431999999999999940e-01 -1.365304771265710926e+01
6.437000000000000499e-01 -1.364614153998694057e+01
6.441999999999999948e-01 -1.363930026476926649e+01
6.448000000000000398e-01 -1.363219384289168978e+01
6.452999999999999847e-01 -1.362517251916396077e+01
6.458000000000000407e-01 -1.361806922639123130e+01
6.462999999999999856e-01 -1.361077133501320624e+01
6.468000000000000416e-01 -1.360353804437866998e+01
6.472999999999999865e-01 -1.359622529764362930e+01
6.478000000000000425e-01 -1.358877076961051600e+01
6.483999999999999764e-01 -1.358133557893577326e+01
6.489000000000000323e-01 -1.357387581779232733e+01
6.493999999999999773e-01 -1.356636803796409296e+01
6.499000000000000332e-01 -1.355869652715778884e+01
6.503999999999999782e-01 -1.355111284874733002e+01
6.509000000000000341e-01 -1.354348841853581753e+01
6.513999999999999790e-01 -1.353583595309291887e+01
6.519000000000000350e-01 -1.352805977084966571e+01
6.524999999999999689e-01 -1.352033454156619463e+01
6.530000000000000249e-01 -1.351263121063426276e+01
6.534999999999999698e-01 -1.350490791279552383e+01
6.540000000000000258e-01 -1.349716691279552272e+01
6.544999999999999707e-01 -1.348942366245838187e+01
6.550000000000000266e-01 -1.348154873078295957e+01
6.554999999999999716e-01 -1.347381827445176583e+01
6.561000000000000165e-01 -1.346605706171489203e+01
6.565999999999999615e-01 -1.345832519408766714e+01
6.571000000000000174e-01 -1.345060126027405367e+01
6.575999999999999623e-01 -1.344288177321854860e+01
6.581000000000000183e-01 -1.343519303796409403e+01
6.585999999999999632e-01 -1.342752048472220316e+01
6.591000000000000192e-01 -1.341989580501195434e+01
6.596999999999999531e-01 -1.341224642787821075e+01
6.602000000000000091e-01 -1.340465784154312701e+01
6.606999999999999540e-01 -1.339709440412741159e+01
6.612000000000000099e-01 -1.338956509908446968e+01
6.616999999999999549e-01 -1.338207779404152831e+01
6.622000000000000108e-01 -1.337463230698602423e+01
6.626999999999999558e-01 -1.336723862451800926e+01
6.633000000000000007e-01 -1.335986707747186131e+01
6.637999999999999456e-01 -1.335256180766030454e+01
6.643000000000000016e-01 -1.334541778177131555e+01
6.647999999999999465e-01 -1.333821355946135512e+01
6.653000000000000025e-01 -1.333105641988438173e+01
6.657999999999999474e-01 -1.332395146231996819e+01
6.663000000000000034e-01 -1.331691162271992290e+01
6.667999999999999483e-01 -1.331007755371513390e+01
6.673999999999999932e-01 -1.330313750689374608e+01
6.679000000000000492e-01 -1.329627964860891431e+01
6.683999999999999941e-01 -1.328949064140471137e+01
6.689000000000000501e-01 -1.328276401691042174e+01
6.693999999999999950e-01 -1.327623687519525575e+01
6.699000000000000510e-01 -1.326964316582979286e+01
6.703999999999999959e-01 -1.326314686837993762e+01
6.710000000000000409e-01 -1.325680943271352952e+01
6.714999999999999858e-01 -1.325043078953445352e+01
6.720000000000000417e-01 -1.324413391470302415e+01
6.724999999999999867e-01 -1.323790724056894597e+01
6.730000000000000426e-01 -1.323187754561188711e+01
6.734999999999999876e-01 -1.322580768732705359e+01
6.740000000000000435e-01 -1.321982506614947006e+01
6.745999999999999774e-01 -1.321401121895633857e+01
6.751000000000000334e-01 -1.320816566064843656e+01
6.755999999999999783e-01 -1.320252389950499072e+01
6.761000000000000343e-01 -1.319683810740654550e+01
6.765999999999999792e-01 -1.319122753255204650e+01
6.771000000000000352e-01 -1.318581962248923212e+01
6.775999999999999801e-01 -1.318037571895040827e+01
6.782000000000000250e-01 -1.317511830303788578e+01
6.786999999999999700e-01 -1.316982176127658022e+01
6.792000000000000259e-01 -1.316473001667973364e+01
6.796999999999999709e-01 -1.315959509220851409e+01
6.802000000000000268e-01 -1.315452761663359382e+01
6.806999999999999718e-01 -1.314966883894355121e+01
6.812000000000000277e-01 -1.314476714826287740e+01
6.816999999999999726e-01 -1.314007437895554986e+01
6.823000000000000176e-01 -1.313530582881153208e+01
6.827999999999999625e-01 -1.313076180292254058e+01
6.833000000000000185e-01 -1.312616007914867211e+01
6.837999999999999634e-01 -1.312175238419161438e+01
6.843000000000000194e-01 -1.311730652804497232e+01
6.847999999999999643e-01 -1.311304689927430189e+01
6.853000000000000203e-01 -1.310876425896240605e+01
6.858999999999999542e-01 -1.310463709997165260e+01
6.864000000000000101e-01 -1.310047634310459230e+01
6.868999999999999551e-01 -1.309650756541454975e+01
6.874000000000000110e-01 -1.309249557689513566e+01
6.878999999999999559e-01 -1.308866156755274091e+01
6.884000000000000119e-01 -1.308477086032547021e+01
6.888999999999999568e-01 -1.308108522294139320e+01
6.895000000000000018e-01 -1.307732312720920653e+01
6.899999999999999467e-01 -1.307376398549403973e+01
6.905000000000000027e-01 -1.307014003006781877e+01
6.909999999999999476e-01 -1.306669827106256498e+01
6.915000000000000036e-01 -1.306332914589399508e+01
6.919999999999999485e-01 -1.305989600845521181e+01
6.925000000000000044e-01 -1.305663193292643065e+01
6.929999999999999494e-01 -1.305331586853812986e+01
6.935999999999999943e-01 -1.305017790197142880e+01
6.941000000000000503e-01 -1.304697186381222629e+01
6.945999999999999952e-01 -1.304394065591067076e+01
6.951000000000000512e-01 -1.304084086595041647e+01
6.955999999999999961e-01 -1.303793270982684405e+01
6.961000000000000520e-01 -1.303507330336613101e+01
6.965999999999999970e-01 -1.303214095661659222e+01
6.972000000000000419e-01 -1.302937297457239119e+01
6.976999999999999869e-01 -1.302653400259957372e+01
6.982000000000000428e-01 -1.302387357959226222e+01
6.986999999999999877e-01 -1.302113149179326967e+01
6.992000000000000437e-01 -1.301856330257650463e+01
6.996999999999999886e-01 -1.301604201194196797e+01
7.002000000000000446e-01 -1.301345353450832576e+01
7.007999999999999785e-01 -1.301101833566969823e+01
7.013000000000000345e-01 -1.300850333060368769e+01
7.017999999999999794e-01 -1.300616477522360270e+01
7.023000000000000353e-01 -1.300373662123822349e+01
7.027999999999999803e-01 -1.300147828310208808e+01
7.033000000000000362e-01 -1.299925781045498852e+01
7.037999999999999812e-01 -1.299695853326917572e+01
7.044000000000000261e-01 -1.299481428310208919e+01
7.048999999999999710e-01 -1.299259786437116304e+01
7.054000000000000270e-01 -1.299053342481725615e+01
7.058999999999999719e-01 -1.298838613845910217e+01
7.064000000000000279e-01 -1.298640089960254684e+01
7.068999999999999728e-01 -1.298445936076906193e+01
7.074000000000000288e-01 -1.298242894203813336e+01
7.078999999999999737e-01 -1.298055580842621204e+01
7.085000000000000187e-01 -1.297858131540565552e+01
7.089999999999999636e-01 -1.297678566074599260e+01
7.095000000000000195e-01 -1.297489440748103107e+01
7.099999999999999645e-01 -1.297316697006531783e+01
7.105000000000000204e-01 -1.297147143123183000e+01
7.109999999999999654e-01 -1.296968699595430685e+01
7.115000000000000213e-01 -1.296805829700033463e+01
7.120999999999999552e-01 -1.296633718730926432e+01
7.126000000000000112e-01 -1.296477583048834070e+01
7.130999999999999561e-01 -1.296313637866422042e+01
7.136000000000000121e-01 -1.296164894124850697e+01
7.140999999999999570e-01 -1.296019338586842373e+01
7.146000000000000130e-01 -1.295864814915006136e+01
7.150999999999999579e-01 -1.295726946843135430e+01
7.157000000000000028e-01 -1.295577924122543756e+01
7.161999999999999478e-01 -1.295446488654270567e+01
7.167000000000000037e-01 -1.295318721533644712e+01
7.171999999999999487e-01 -1.295181299516467988e+01
7.177000000000000046e-01 -1.295060237359821009e+01
7.181999999999999496e-01 -1.294929816997304073e+01
7.187000000000000055e-01 -1.294816064982434156e+01
7.191999999999999504e-01 -1.294705353613635701e+01
7.197999999999999954e-01 -1.294585872535312276e+01
7.203000000000000513e-01 -1.294481345126518335e+01
7.207999999999999963e-01 -1.294369504908085311e+01
7.213000000000000522e-01 -1.294273162821173528e+01
7.217999999999999972e-01 -1.294180122175102099e+01
7.223000000000000531e-01 -1.294078965410072612e+01
7.227999999999999980e-01 -1.293992406607697099e+01
7.234000000000000430e-01 -1.293898592818866611e+01
7.238999999999999879e-01 -1.293819678861169109e+01
7.244000000000000439e-01 -1.293745713395202834e+01
7.248999999999999888e-01 -1.293662186414047177e+01
7.254000000000000448e-01 -1.293594734185358064e+01
7.258999999999999897e-01 -1.293518513822841243e+01
7.264000000000000457e-01 -1.293459126446607854e+01
7.269999999999999796e-01 -1.293402732744517536e+01
7.275000000000000355e-01 -1.293338494180744469e+01
7.279999999999999805e-01 -1.293289848784513119e+01
7.285000000000000364e-01 -1.293244304829122449e+01
7.289999999999999813e-01 -1.293190474538647550e+01
7.295000000000000373e-01 -1.293152527273937658e+01
7.299999999999999822e-01 -1.293106175304019878e+01
7.306000000000000272e-01 -1.293075364824508888e+01
7.310999999999999721e-01 -1.293048907631840905e+01
7.316000000000000281e-01 -1.293013374032046414e+01
7.320999999999999730e-01 -1.292993735254454002e+01
7.326000000000000290e-01 -1.292977573097807031e+01
7.330999999999999739e-01 -1.292952057699269020e+01
7.336000000000000298e-01 -1.292943502375080023e+01
7.340999999999999748e-01 -1.292937486273127057e+01
7.347000000000000197e-01 -1.292922209927957944e+01
7.351999999999999647e-01 -1.292922861222407604e+01
7.357000000000000206e-01 -1.292926407339058770e+01
7.361999999999999655e-01 -1.292921063811306581e+01
7.367000000000000215e-01 -1.292931023379054523e+01
7.371999999999999664e-01 -1.292944354603768709e+01
7.377000000000000224e-01 -1.292947848198949323e+01
7.382999999999999563e-01 -1.292965748919369595e+01
7.388000000000000123e-01 -1.292974978917062678e+01
7.392999999999999572e-01 -1.292997950067428192e+01
7.398000000000000131e-01 -1.293024963090886281e+01
7.402999999999999581e-01 -1.293041109635175978e+01
7.408000000000000140e-01 -1.293071955965646680e+01
7.412999999999999590e-01 -1.293105306112037667e+01
7.419000000000000039e-01 -1.293127820497373470e+01
7.423999999999999488e-01 -1.293165332079991003e+01
7.429000000000000048e-01 -1.293203358340726439e+01
7.433999999999999497e-01 -1.293231278410461726e+01
7.439000000000000057e-01 -1.293272309848995150e+01
7.443999999999999506e-01 -1.293315024527112911e+01
7.449000000000000066e-01 -1.293346821876256492e+01
7.455000000000000515e-01 -1.293392051215486838e+01
7.459999999999999964e-01 -1.293437255965646671e+01
7.465000000000000524e-01 -1.293471080999360723e+01
7.469999999999999973e-01 -1.293518082440201056e+01
7.475000000000000533e-01 -1.293553477690041476e+01
7.479999999999999982e-01 -1.293600487617999484e+01
7.485000000000000542e-01 -1.293647851001667526e+01
7.489999999999999991e-01 -1.293681252211683663e+01
7.496000000000000441e-01 -1.293728654524806210e+01
7.500999999999999890e-01 -1.293774047692348361e+01
7.506000000000000449e-01 -1.293807336323549784e+01
7.510999999999999899e-01 -1.293851818122293551e+01
7.516000000000000458e-01 -1.293894999707218041e+01
7.520999999999999908e-01 -1.293925373446482574e+01
7.526000000000000467e-01 -1.293965765404008827e+01
7.531999999999999806e-01 -1.293992517188054059e+01
7.537000000000000366e-01 -1.294029567334444941e+01
7.541999999999999815e-01 -1.294051955965646705e+01
7.547000000000000375e-01 -1.294085517908474259e+01
7.551999999999999824e-01 -1.294116569709524889e+01
7.557000000000000384e-01 -1.294133036830150907e+01
7.561999999999999833e-01 -1.294159151677135711e+01
7.568000000000000282e-01 -1.294170354097167852e+01
7.572999999999999732e-01 -1.294191500934239514e+01
7.578000000000000291e-01 -1.294197746544289629e+01
7.582999999999999741e-01 -1.294212606832457801e+01
7.588000000000000300e-01 -1.294224837122932925e+01
7.592999999999999750e-01 -1.294221202588899189e+01
7.598000000000000309e-01 -1.294227142807332065e+01
7.602999999999999758e-01 -1.294217787590052637e+01
7.609000000000000208e-01 -1.294216638563773358e+01
7.613999999999999657e-01 -1.294200985828483397e+01
7.619000000000000217e-01 -1.294193827701575827e+01
7.623999999999999666e-01 -1.294171483239584219e+01
7.629000000000000226e-01 -1.294158105256760827e+01
7.633999999999999675e-01 -1.294128380650685273e+01
7.639000000000000234e-01 -1.294108913254282633e+01
7.644999999999999574e-01 -1.294073669788487635e+01
7.650000000000000133e-01 -1.294047410006920806e+01
7.654999999999999583e-01 -1.294005898638122254e+01
7.660000000000000142e-01 -1.293975340511214966e+01
7.664999999999999591e-01 -1.293929612595819734e+01
7.670000000000000151e-01 -1.293894077847966884e+01
7.674999999999999600e-01 -1.293856387117462070e+01
7.681000000000000050e-01 -1.293804718280219035e+01
7.685999999999999499e-01 -1.293763289937185590e+01
7.691000000000000059e-01 -1.293708496769643368e+01
7.695999999999999508e-01 -1.293665768426610008e+01
7.701000000000000068e-01 -1.293609700078962810e+01
7.705999999999999517e-01 -1.293567186627866406e+01
7.711000000000000076e-01 -1.293512331900182488e+01
7.717000000000000526e-01 -1.293470809793101495e+01
7.721999999999999975e-01 -1.293417256337391308e+01
7.727000000000000535e-01 -1.293378215691319966e+01
7.731999999999999984e-01 -1.293331068854248223e+01
7.737000000000000544e-01 -1.293299033385975250e+01
7.741999999999999993e-01 -1.293270697703882810e+01
7.747000000000000552e-01 -1.293234597197281843e+01
7.752000000000000002e-01 -1.293216431776267683e+01
7.758000000000000451e-01 -1.293204090578643140e+01
7.762999999999999901e-01 -1.293185749639789961e+01
7.768000000000000460e-01 -1.293188903523138400e+01
7.772999999999999909e-01 -1.293201134027432708e+01
7.778000000000000469e-01 -1.293209631145751715e+01
7.782999999999999918e-01 -1.293241931359570707e+01
7.788000000000000478e-01 -1.293286192857754990e+01
7.793999999999999817e-01 -1.293343866321242963e+01
7.799000000000000377e-01 -1.293402724661969394e+01
7.803999999999999826e-01 -1.293489109263431480e+01
7.809000000000000385e-01 -1.293592708756830412e+01
7.813999999999999835e-01 -1.293714418178187131e+01
7.819000000000000394e-01 -1.293854872275355028e+01
7.823999999999999844e-01 -1.294016223355985318e+01
7.830000000000000293e-01 -1.294200130109480362e+01
7.834999999999999742e-01 -1.294407852047694263e+01
7.840000000000000302e-01 -1.294641095496483985e+01
7.844999999999999751e-01 -1.294901167074487702e+01
7.850000000000000311e-01 -1.295189970304844351e+01
7.854999999999999760e-01 -1.295520904546096297e+01
7.860000000000000320e-01 -1.295871211457516736e+01
7.865999999999999659e-01 -1.296258051225242269e+01
7.871000000000000218e-01 -1.296678996756329738e+01
7.875999999999999668e-01 -1.297150648478417700e+01
7.881000000000000227e-01 -1.297650046958614567e+01
7.885999999999999677e-01 -1.298203354939130882e+01
7.891000000000000236e-01 -1.298787869245503934e+01
7.895999999999999686e-01 -1.299433455208843746e+01
7.901000000000000245e-01 -1.300124371361812692e+01
7.906999999999999584e-01 -1.300857871090913775e+01
7.912000000000000144e-01 -1.301654784463047321e+01
7.916999999999999593e-01 -1.302506970640206418e+01
7.922000000000000153e-01 -1.303418771709302248e+01
7.926999999999999602e-01 -1.304391107526250870e+01
7.932000000000000162e-01 -1.305426094637649115e+01
7.936999999999999611e-01 -1.306523609490697879e+01
7.943000000000000060e-01 -1.307696536194890768e+01
7.947999999999999510e-01 -1.308950735609326976e+01
7.953000000000000069e-01 -1.310265843004279596e+01
7.957999999999999519e-01 -1.311671635079656717e+01
7.963000000000000078e-01 -1.313143907006336342e+01
7.967999999999999527e-01 -1.314711058142860267e+01
7.973000000000000087e-01 -1.316360947782386148e+01
7.979000000000000536e-01 -1.318096919983656257e+01
7.983999999999999986e-01 -1.319930931622167591e+01
7.989000000000000545e-01 -1.321862351533976998e+01
7.993999999999999995e-01 -1.323891934536672998e+01
7.999000000000000554e-01 -1.326034988262096270e+01
8.004000000000000004e-01 -1.328272152129296479e+01
8.008999999999999453e-01 -1.330609426697076891e+01
8.014999999999999902e-01 -1.333085834895104327e+01
8.020000000000000462e-01 -1.335670292143665883e+01
8.024999999999999911e-01 -1.338361424279550427e+01
8.030000000000000471e-01 -1.341187307496065628e+01
8.034999999999999920e-01 -1.344139155244307737e+01
8.040000000000000480e-01 -1.347220850977679873e+01
8.044999999999999929e-01 -1.350435289732203259e+01
8.050000000000000488e-01 -1.353775707788847527e+01
8.055999999999999828e-01 -1.357290928677476671e+01
8.061000000000000387e-01 -1.360927491024873603e+01
8.065999999999999837e-01 -1.364724556253951704e+01
8.071000000000000396e-01 -1.368659080757995739e+01
8.075999999999999845e-01 -1.372764103393560831e+01
8.081000000000000405e-01 -1.377027715380747708e+01
8.085999999999999854e-01 -1.381442614173103678e+01
8.092000000000000304e-01 -1.386049793238469974e+01
8.096999999999999753e-01 -1.390814597166177791e+01
8.102000000000000313e-01 -1.395755184040687702e+01
8.106999999999999762e-01 -1.400887973796878860e+01
8.112000000000000322e-01 -1.406189906281439228e+01
8.116999999999999771e-01 -1.411692838338361256e+01
8.122000000000000330e-01 -1.417357225205487836e+01
8.127999999999999670e-01 -1.423260152947271884e+01
8.133000000000000229e-01 -1.429346513561046272e+01
8.137999999999999678e-01 -1.435636033742568785e+01
8.143000000000000238e-01 -1.442132293635923190e+01
8.147999999999999687e-01 -1.448837771010113507e+01
8.153000000000000247e-01 -1.455759689964614800e+01
8.157999999999999696e-01 -1.462912031656712664e+01
8.163000000000000256e-01 -1.470251774490671970e+01
8.168999999999999595e-01 -1.477860751578277920e+01
8.174000000000000155e-01 -1.485694097007333525e+01
8.178999999999999604e-01 -1.493759672006444106e+01
8.184000000000000163e-01 -1.502047945992352496e+01
8.188999999999999613e-01 -1.510594276743290187e+01
8.194000000000000172e-01 -1.519384338212341667e+01
8.198999999999999622e-01 -1.528400077614252517e+01
8.205000000000000071e-01 -1.537704142228767701e+01
8.209999999999999520e-01 -1.547253737725251455e+01
8.215000000000000080e-01 -1.557062943149693446e+01
8.219999999999999529e-01 -1.567132543823975510e+01
