0.000000000000000000e+00 -2.615957189374564784e-01
2.899999999999999800e-03 -2.410805575506899112e-01
5.899999999999999863e-03 -2.278629104542840567e-01
8.800000000000000530e-03 -2.219048507326272512e-01
1.170000000000000033e-02 -2.229810654069681042e-01
1.469999999999999953e-02 -2.307092344983006360e-01
1.760000000000000106e-02 -2.445559377103971033e-01
2.050000000000000086e-02 -2.638604523106257149e-01
2.350000000000000006e-02 -2.878730289138690113e-01
2.639999999999999986e-02 -3.157530723407719897e-01
2.929999999999999966e-02 -3.466186876649084425e-01
3.219999999999999946e-02 -3.795648097878893679e-01
3.520000000000000212e-02 -4.136977039945400336e-01
3.810000000000000192e-02 -4.481343122771007104e-01
4.100000000000000172e-02 -4.820489429489898114e-01
4.399999999999999745e-02 -5.146895958727125686e-01
4.689999999999999725e-02 -5.453657395780934225e-01
4.979999999999999705e-02 -5.734913069016572829e-01
5.279999999999999971e-02 -5.985813336884163727e-01
5.569999999999999951e-02 -6.202413493944460843e-01
5.859999999999999931e-02 -6.381906048605655579e-01
6.160000000000000198e-02 -6.522481559874825363e-01
6.450000000000000178e-02 -6.623254583373778814e-01
6.740000000000000158e-02 -6.684287976561696931e-01
7.040000000000000424e-02 -6.706469675189087321e-01
7.330000000000000404e-02 -6.691395458341160563e-01
7.620000000000000384e-02 -6.641336126857902977e-01
7.920000000000000651e-02 -6.559060794210083145e-01
8.210000000000000631e-02 -6.447842554293085060e-01
8.500000000000000611e-02 -6.311298881643510050e-01
8.799999999999999489e-02 -6.153247812077290435e-01
9.089999999999999469e-02 -5.977802198108773668e-01
9.379999999999999449e-02 -5.789137863242910242e-01
9.669999999999999429e-02 -5.591463058629095872e-01
9.969999999999999696e-02 -5.388942950061837989e-01
1.025999999999999968e-01 -5.185731644930946516e-01
1.054999999999999966e-01 -4.985777779335384685e-01
1.084999999999999992e-01 -4.792788672597611543e-01
1.113999999999999990e-01 -4.610305363330103878e-01
1.142999999999999988e-01 -4.441473271696749769e-01
1.173000000000000015e-01 -4.289050064721820488e-01
1.202000000000000013e-01 -4.155395571904799135e-01
1.231000000000000011e-01 -4.042372759285010053e-01
1.260999999999999899e-01 -3.951255604169057745e-01
1.290000000000000036e-01 -3.882817033553905839e-01
1.318999999999999895e-01 -3.837199239106120485e-01
1.348999999999999921e-01 -3.813904346989124283e-01
1.378000000000000058e-01 -3.811857054585764404e-01
1.406999999999999917e-01 -3.829380607893999588e-01
1.436999999999999944e-01 -3.864243141865669751e-01
1.466000000000000081e-01 -3.913734125749088189e-01
1.494999999999999940e-01 -3.974725849462310001e-01
1.524000000000000077e-01 -4.043771182135902920e-01
1.554000000000000103e-01 -4.117249766636703612e-01
1.582999999999999963e-01 -4.191451987016974745e-01
1.612000000000000099e-01 -4.262749141674611053e-01
1.642000000000000126e-01 -4.327729750950004006e-01
1.670999999999999985e-01 -4.383327448030715501e-01
1.700000000000000122e-01 -4.426917076560030750e-01
1.729999999999999871e-01 -4.456498386635754927e-01
1.759000000000000008e-01 -4.470715423753101048e-01
1.787999999999999867e-01 -4.468974487878631940e-01
1.817999999999999894e-01 -4.451442862875217843e-01
1.847000000000000031e-01 -4.419037356583098708e-01
1.875999999999999890e-01 -4.373453159004641599e-01
1.905999999999999917e-01 -4.316996587161616161e-01
1.935000000000000053e-01 -4.252563989023093738e-01
1.963999999999999913e-01 -4.183467248926031612e-01
1.993999999999999939e-01 -4.113237784616110004e-01
2.023000000000000076e-01 -4.045564016833053111e-01
2.051999999999999935e-01 -3.983933697832059417e-01
2.081999999999999962e-01 -3.931581300676592061e-01
2.111000000000000099e-01 -3.891239202768558281e-01
2.139999999999999958e-01 -3.864980496667049237e-01
2.169000000000000095e-01 -3.854062386374940696e-01
2.199000000000000121e-01 -3.858863434412324045e-01
2.227999999999999980e-01 -3.878749694439225792e-01
2.257000000000000117e-01 -3.912095016338735243e-01
2.286999999999999866e-01 -3.956318848714744374e-01
2.316000000000000003e-01 -4.007907220554660088e-01
2.344999999999999862e-01 -4.062587733366725962e-01
2.374999999999999889e-01 -4.115503504828082471e-01
2.404000000000000026e-01 -4.161349909792021462e-01
2.432999999999999885e-01 -4.194700541958314433e-01
2.462999999999999912e-01 -4.210220618248426416e-01
2.492000000000000048e-01 -4.202947586731733964e-01
2.520999999999999908e-01 -4.168541118543349633e-01
2.550999999999999934e-01 -4.103546704288694169e-01
2.580000000000000071e-01 -4.005645313946205599e-01
2.609000000000000208e-01 -3.873809781645177752e-01
2.639000000000000234e-01 -3.708379720660769929e-01
2.667999999999999816e-01 -3.511313728043142235e-01
2.696999999999999953e-01 -3.286053280301675650e-01
2.726999999999999980e-01 -3.037455163315231355e-01
2.756000000000000116e-01 -2.771879509413495701e-01
2.785000000000000253e-01 -2.496796575231660376e-01
2.813999999999999835e-01 -2.220672303603127284e-01
2.843999999999999861e-01 -1.952575407368845606e-01
2.872999999999999998e-01 -1.702048169694544422e-01
2.902000000000000135e-01 -1.478592351541198335e-01
2.932000000000000162e-01 -1.291295622179559066e-01
2.960999999999999743e-01 -1.148645601496478402e-01
2.989999999999999880e-01 -1.058014804639588191e-01
3.019999999999999907e-01 -1.025440057401638266e-01
3.049000000000000044e-01 -1.055355354576980598e-01
3.078000000000000180e-01 -1.150378014132454191e-01
3.108000000000000207e-01 -1.311205948927665066e-01
3.136999999999999789e-01 -1.536470505382343810e-01
3.165999999999999925e-01 -1.822820335753356502e-01
3.195999999999999952e-01 -2.165132886735129381e-01
3.225000000000000089e-01 -2.556371962925929053e-01
3.254000000000000226e-01 -2.988063612156532378e-01
3.284000000000000252e-01 -3.450700004067691617e-01
3.312999999999999834e-01 -3.933655334940233672e-01
3.341999999999999971e-01 -4.425990839450632541e-01
3.371000000000000107e-01 -4.916584414332808017e-01
3.401000000000000134e-01 -5.394786703360003877e-01
3.430000000000000271e-01 -5.850401639005875509e-01
3.458999999999999853e-01 -6.274361266670105408e-01
3.488999999999999879e-01 -6.659053418881099029e-01
3.518000000000000016e-01 -6.998239254089650974e-01
3.547000000000000153e-01 -7.287557080872573145e-01
3.577000000000000179e-01 -7.524575876730187352e-01
3.605999999999999761e-01 -7.708646812662647285e-01
3.634999999999999898e-01 -7.841058374912820428e-01
3.664999999999999925e-01 -7.924867299530238274e-01
3.694000000000000061e-01 -7.964624576246899235e-01
3.723000000000000198e-01 -7.966243183657930604e-01
3.753000000000000225e-01 -7.936657059582146179e-01
3.781999999999999806e-01 -7.883515146544368690e-01
3.810999999999999943e-01 -7.814831661870170754e-01
3.840999999999999970e-01 -7.738605334087204080e-01
3.870000000000000107e-01 -7.662594877353373635e-01
3.899000000000000243e-01 -7.593866177532988537e-01
3.929000000000000270e-01 -7.538641287662473101e-01
3.957999999999999852e-01 -7.502031721040641754e-01
3.986999999999999988e-01 -7.487878830355465531e-01
4.016000000000000125e-01 -7.498655630100644620e-01
4.046000000000000152e-01 -7.535478271290396712e-01
4.074999999999999734e-01 -7.598053523187360270e-01
4.103999999999999870e-01 -7.684851946160677905e-01
4.133999999999999897e-01 -7.793260284335611354e-01
4.163000000000000034e-01 -7.919707486530992435e-01
4.192000000000000171e-01 -8.059948765633644374e-01
4.222000000000000197e-01 -8.209373854234292001e-01
4.250999999999999779e-01 -8.363112858227613744e-01
4.279999999999999916e-01 -8.516456761955345511e-01
4.309999999999999942e-01 -8.665077109663600341e-01
4.339000000000000079e-01 -8.805135910427387413e-01
4.368000000000000216e-01 -8.933588574088383583e-01
4.398000000000000242e-01 -9.048298598773889534e-01
4.426999999999999824e-01 -9.148037816338285833e-01
4.455999999999999961e-01 -9.232622829139356391e-01
4.485999999999999988e-01 -9.302855000174389266e-01
4.515000000000000124e-01 -9.360407542692993355e-01
4.544000000000000261e-01 -9.407768483970612161e-01
4.572999999999999843e-01 -9.448055630100644642e-01
4.602999999999999869e-01 -9.484809573748708145e-01
4.632000000000000006e-01 -9.521810449064869175e-01
4.661000000000000143e-01 -9.562856648081590194e-01
4.691000000000000170e-01 -9.611560222479673676e-01
4.719999999999999751e-01 -9.671116536344774861e-01
4.748999999999999888e-01 -9.744160110742858816e-01
4.778999999999999915e-01 -9.832642542867382485e-01
4.808000000000000052e-01 -9.937647605439789977e-01
4.837000000000000188e-01 -1.005937855432837980e+00
4.867000000000000215e-01 -1.019722008556037673e+00
4.895999999999999797e-01 -1.034959306145714963e+00
4.924999999999999933e-01 -1.051419228483791102e+00
4.954999999999999960e-01 -1.068803327859166430e+00
4.984000000000000097e-01 -1.086756807019136017e+00
5.012999999999999678e-01 -1.104885584219367667e+00
5.042999999999999705e-01 -1.122787473133217695e+00
5.071999999999999842e-01 -1.140048692390248641e+00
5.100999999999999979e-01 -1.156274629356301986e+00
5.131000000000000005e-01 -1.171116390539991503e+00
5.160000000000000142e-01 -1.184258162850886587e+00
5.189000000000000279e-01 -1.195457439850352355e+00
5.218000000000000416e-01 -1.204529824930324455e+00
5.248000000000000442e-01 -1.211374345098988448e+00
5.276999999999999469e-01 -1.215954342139820454e+00
5.305999999999999606e-01 -1.218304588092591789e+00
5.335999999999999632e-01 -1.218525281081873635e+00
5.364999999999999769e-01 -1.216767462563079771e+00
5.393999999999999906e-01 -1.213220695055656995e+00
5.423999999999999932e-01 -1.208103626413242315e+00
5.453000000000000069e-01 -1.201646635701298038e+00
5.482000000000000206e-01 -1.194079977753965460e+00
5.512000000000000233e-01 -1.185614301726293451e+00
5.541000000000000369e-01 -1.176437796948636372e+00
5.570000000000000506e-01 -1.166703504607216946e+00
5.600000000000000533e-01 -1.156519568047205349e+00
5.628999999999999559e-01 -1.145956612419176457e+00
5.657999999999999696e-01 -1.135039637005287316e+00
5.687999999999999723e-01 -1.123753520805152561e+00
5.716999999999999860e-01 -1.112058247531750421e+00
5.745999999999999996e-01 -1.099890928899343701e+00
5.776000000000000023e-01 -1.087179149143408852e+00
5.805000000000000160e-01 -1.073859394018127356e+00
5.834000000000000297e-01 -1.059887598514196894e+00
5.863000000000000433e-01 -1.045250269921723429e+00
5.893000000000000460e-01 -1.029979424752376582e+00
5.921999999999999487e-01 -1.014162353372220160e+00
5.950999999999999623e-01 -9.979493242544055231e-01
5.980999999999999650e-01 -9.815480895650460225e-01
6.009999999999999787e-01 -9.652372228591311609e-01
6.038999999999999924e-01 -9.493497357118735325e-01
6.068999999999999950e-01 -9.342626578253014902e-01
6.098000000000000087e-01 -9.203951048605236718e-01
6.127000000000000224e-01 -9.081816217052993689e-01
6.157000000000000250e-01 -8.980504203485026871e-01
6.186000000000000387e-01 -8.904131138271135226e-01
6.215000000000000524e-01 -8.856347480385181603e-01
6.245000000000000551e-01 -8.840096489284677839e-01
6.273999999999999577e-01 -8.857459683206826417e-01
6.302999999999999714e-01 -8.909434568100292884e-01
6.332999999999999741e-01 -8.995830848745841601e-01
6.361999999999999877e-01 -9.115101498367667032e-01
6.391000000000000014e-01 -9.264320599695846647e-01
6.420000000000000151e-01 -9.439177112762283661e-01
6.450000000000000178e-01 -9.634110186458675340e-01
6.479000000000000314e-01 -9.842224668934157483e-01
6.508000000000000451e-01 -1.005567700417569821e+00
6.538000000000000478e-01 -1.026587229827168990e+00
6.566999999999999504e-01 -1.046355331852488746e+00
6.595999999999999641e-01 -1.063928630119331809e+00
6.625999999999999668e-01 -1.078380119691241257e+00
6.654999999999999805e-01 -1.088813123150047302e+00
6.683999999999999941e-01 -1.094416213378728076e+00
6.713999999999999968e-01 -1.094481781242606866e+00
6.743000000000000105e-01 -1.088439232681702951e+00
6.772000000000000242e-01 -1.075878790944436059e+00
6.802000000000000268e-01 -1.056563776145375000e+00
6.831000000000000405e-01 -1.030458923398647864e+00
6.860000000000000542e-01 -9.977265306083102914e-01
6.889999999999999458e-01 -9.587136124036284013e-01
6.918999999999999595e-01 -9.139781420862849171e-01
6.947999999999999732e-01 -8.642458726280327630e-01
6.977999999999999758e-01 -8.103826607340434141e-01
7.006999999999999895e-01 -7.534142688384320996e-01
7.036000000000000032e-01 -6.944460426289109645e-01
7.065000000000000169e-01 -6.346593967028655303e-01
7.095000000000000195e-01 -5.752453160804850141e-01
7.124000000000000332e-01 -5.174186892218127776e-01
7.153000000000000469e-01 -4.623385758427066006e-01
7.183000000000000496e-01 -4.110728773340426856e-01
7.211999999999999522e-01 -3.646070489384689028e-01
7.240999999999999659e-01 -3.237821571468051940e-01
7.270999999999999686e-01 -2.892714475541900976e-01
7.299999999999999822e-01 -2.615957189374562009e-01
