0.000000000000000000e+00 4.547627414460009981e-02
3.921568627450980338e-03 4.560279033879403865e-02
7.843137254901960675e-03 4.588689203598907834e-02
1.176470588235294101e-02 4.637320654819650917e-02
1.568627450980392135e-02 4.710914238341887272e-02
1.960784313725490169e-02 4.814333132556459366e-02
2.352941176470588203e-02 4.952386998492450815e-02
2.745098039215686236e-02 5.129642159270991764e-02
3.137254901960784270e-02 5.350224786609595468e-02
3.529411764705882304e-02 5.617624713112920332e-02
3.921568627450980338e-02 5.934507819952207497e-02
4.313725490196078372e-02 6.302544951961043529e-02
4.705882352941176405e-02 6.722264977036472577e-02
5.098039215686274439e-02 7.192938939661699949e-02
5.490196078431372473e-02 7.712501279738952220e-02
5.882352941176470507e-02 8.277512832194802717e-02
6.274509803921568540e-02 8.883168837207346125e-02
6.666666666666666574e-02 9.523353533459766318e-02
7.058823529411764608e-02 1.019074114402055975e-01
7.450980392156862642e-02 1.087694126834669595e-01
7.843137254901960675e-02 1.157268493903951950e-01
8.235294117647058709e-02 1.226804596211783782e-01
8.627450980392156743e-02 1.295269070445403403e-01
9.019607843137254777e-02 1.361614828428343027e-01
9.411764705882352811e-02 1.424809221307486162e-01
9.803921568627450844e-02 1.483862396999152677e-01
1.019607843137254888e-01 1.537854879000452590e-01
1.058823529411764691e-01 1.585963412442953913e-01
1.098039215686274495e-01 1.627484178332917752e-01
1.137254901960784298e-01 1.661852567220821753e-01
1.176470588235294101e-01 1.688658825518678519e-01
1.215686274509803905e-01 1.707659036444991729e-01
1.254901960784313708e-01 1.718781067105148719e-01
1.294117647058823373e-01 1.722125296623728818e-01
1.333333333333333315e-01 1.717960130080271319e-01
1.372549019607843257e-01 1.706712491562083767e-01
1.411764705882352922e-01 1.688953669325375384e-01
1.450980392156862586e-01 1.665381049654845735e-01
1.490196078431372528e-01 1.636796417062880427e-01
1.529411764705882470e-01 1.604081611504742932e-01
1.568627450980392135e-01 1.568172414068155218e-01
1.607843137254901800e-01 1.530031578291431993e-01
1.647058823529411742e-01 1.490621933555236756e-01
1.686274509803921684e-01 1.450880460117299209e-01
1.725490196078431349e-01 1.411694174084484610e-01
1.764705882352941013e-01 1.373878568143884205e-01
1.803921568627450955e-01 1.338159234681216281e-01
1.843137254901960898e-01 1.305157157539860169e-01
1.882352941176470562e-01 1.275378003459398113e-01
1.921568627450980227e-01 1.249205581031906792e-01
1.960784313725490169e-01 1.226899470880470772e-01
2.000000000000000111e-01 1.208596672634134339e-01
2.039215686274509776e-01 1.194316968660132927e-01
2.078431372549019440e-01 1.183971577224678662e-01
2.117647058823529382e-01 1.177374563641205435e-01
2.156862745098039325e-01 1.174256400730016997e-01
2.196078431372548989e-01 1.174279021958665598e-01
2.235294117647058654e-01 1.177051692981887360e-01
2.274509803921568596e-01 1.182147039580839498e-01
2.313725490196078538e-01 1.189116610492243625e-01
2.352941176470588203e-01 1.197505419357984824e-01
2.392156862745097867e-01 1.206864996979823274e-01
2.431372549019607809e-01 1.216764588335538383e-01
2.470588235294117752e-01 1.226800242893282683e-01
2.509803921568627416e-01 1.236601665802623817e-01
2.549019607843137081e-01 1.245836815642409612e-01
2.588235294117646745e-01 1.254214345894340832e-01
2.627450980392156965e-01 1.261484087008954147e-01
2.666666666666666630e-01 1.267435849392443414e-01
2.705882352941176294e-01 1.271896891354682146e-01
2.745098039215686514e-01 1.274728437588927843e-01
2.784313725490196179e-01 1.275821651847107996e-01
2.823529411764705843e-01 1.275093462089968710e-01
2.862745098039215508e-01 1.272482608677824034e-01
2.901960784313725172e-01 1.267946238383718394e-01
2.941176470588235392e-01 1.261457302390120716e-01
2.980392156862745057e-01 1.253002939001557070e-01
3.019607843137254721e-01 1.242583936175695597e-01
3.058823529411764941e-01 1.230215280087227497e-01
3.098039215686274606e-01 1.215927708815381925e-01
3.137254901960784270e-01 1.199770109733920564e-01
3.176470588235293935e-01 1.181812529708127363e-01
3.215686274509803599e-01 1.162149512551489960e-01
3.254901960784313819e-01 1.140903441322976553e-01
3.294117647058823484e-01 1.118227545941399975e-01
3.333333333333333148e-01 1.094308240180743991e-01
3.372549019607843368e-01 1.069366476212513101e-01
3.411764705882353033e-01 1.043657848216601181e-01
3.450980392156862697e-01 1.017471236916207139e-01
3.490196078431372362e-01 9.911258610389543644e-02
3.529411764705882026e-01 9.649666857737390635e-02
3.568627450980392246e-01 9.393582278646887829e-02
3.607843137254901911e-01 9.146768873454398652e-02
3.647058823529411575e-01 8.913020222963817518e-02
3.686274509803921795e-01 8.696060608165040451e-02
3.725490196078431460e-01 8.499440094681254276e-02
3.764705882352941124e-01 8.326427662319545175e-02
3.803921568627450789e-01 8.179906757615577895e-02
3.843137254901960453e-01 8.062277736533800254e-02
3.882352941176470673e-01 7.975371537876289885e-02
3.921568627450980338e-01 7.920378588559889854e-02
3.960784313725490002e-01 7.897796403422482903e-02
4.000000000000000222e-01 7.907398628215606129e-02
4.039215686274509887e-01 7.948227417298783792e-02
4.078431372549019551e-01 8.018610076819772392e-02
4.117647058823529216e-01 8.116199884639742346e-02
4.156862745098038880e-01 8.238039967795897367e-02
4.196078431372549100e-01 8.380648125460272990e-02
4.235294117647058765e-01 8.540119577081832503e-02
4.274509803921568429e-01 8.712243834693438049e-02
4.313725490196078649e-01 8.892631282219433386e-02
4.352941176470588314e-01 9.076844622232069226e-02
4.392156862745097978e-01 9.260530141976487661e-02
4.431372549019607643e-01 9.439543765468359771e-02
4.470588235294117307e-01 9.610067096318235247e-02
4.509803921568627527e-01 9.768709105366027434e-02
4.549019607843137192e-01 9.912589756966763699e-02
4.588235294117646856e-01 1.003940266769275530e-01
4.627450980392157076e-01 1.014745481371632368e-01
4.666666666666666741e-01 1.023568230502606008e-01
4.705882352941176405e-01 1.030364227922443976e-01
4.745098039215686070e-01 1.035148198702972311e-01
4.784313725490195734e-01 1.037988709889432482e-01
4.823529411764705954e-01 1.039001211378726697e-01
4.862745098039215619e-01 1.038339645896503571e-01
4.901960784313725283e-01 1.036187040242232543e-01
4.941176470588235503e-01 1.032745523520884751e-01
4.980392156862745168e-01 1.028226230605172042e-01
5.019607843137254832e-01 1.022839540299473188e-01
5.058823529411764497e-01 1.016786068348249639e-01
5.098039215686274161e-01 1.010248787261814191e-01
5.137254901960783826e-01 1.003386580513399157e-01
5.176470588235293491e-01 9.963294613307627223e-02
5.215686274509804266e-01 9.891755999752908923e-02
5.254901960784313930e-01 9.819902123630208646e-02
5.294117647058823595e-01 9.748062715930427835e-02
5.333333333333333259e-01 9.676269168147297317e-02
5.372549019607842924e-01 9.604293550250431188e-02
5.411764705882352589e-01 9.531699845140242933e-02
5.450980392156862253e-01 9.457904168038729076e-02
5.490196078431373028e-01 9.382240393071952789e-02
5.529411764705882693e-01 9.304027449334149880e-02
5.568627450980392357e-01 9.222634579305165337e-02
5.607843137254902022e-01 9.137541068453101933e-02
5.647058823529411686e-01 9.048387341911352799e-02
5.686274509803921351e-01 8.955014859702153940e-02
5.725490196078431016e-01 8.857492896449818687e-02
5.764705882352940680e-01 8.756131029746264116e-02
5.803921568627450345e-01 8.651476944478631026e-02
5.843137254901961120e-01 8.544299947990514899e-02
5.882352941176470784e-01 8.435561342769569426e-02
5.921568627450980449e-01 8.326373481652671327e-02
5.960784313725490113e-01 8.217949901780934041e-02
5.999999999999999778e-01 8.111549370076136245e-02
6.039215686274509443e-01 8.008416954425895407e-02
6.078431372549019107e-01 7.909725348811325052e-02
6.117647058823529882e-01 7.816519623751889967e-02
6.156862745098039547e-01 7.729668350938428967e-02
6.196078431372549211e-01 7.649823676475894785e-02
6.235294117647058876e-01 7.577392412115915854e-02
6.274509803921568540e-01 7.512519606067920297e-02
6.313725490196078205e-01 7.455085377280910863e-02
6.352941176470587870e-01 7.404715085603486013e-02
6.392156862745097534e-01 7.360802202464646060e-02
6.431372549019607199e-01 7.322542579629878756e-02
6.470588235294117974e-01 7.288978221686105707e-02
6.509803921568627638e-01 7.259048181498357899e-02
6.549019607843137303e-01 7.231643841525603467e-02
6.588235294117646967e-01 7.205665635181826567e-02
6.627450980392156632e-01 7.180078211152196577e-02
6.666666666666666297e-01 7.153961151212002989e-02
6.705882352941175961e-01 7.126552611828632089e-02
6.745098039215686736e-01 7.097283656930532258e-02
6.784313725490196401e-01 7.065801561881664139e-02
6.823529411764706065e-01 7.031980969160084305e-02
6.862745098039215730e-01 6.995922432307699612e-02
6.901960784313725394e-01 6.957938561441233405e-02
6.941176470588235059e-01 6.918528645116908682e-02
6.980392156862744724e-01 6.878343234699760278e-02
7.019607843137254388e-01 6.838140706452533468e-02
7.058823529411764053e-01 6.798738235621239190e-02
7.098039215686274828e-01 6.760959904027319389e-02
7.137254901960784492e-01 6.725584803259979094e-02
7.176470588235294157e-01 6.693297982446143324e-02
7.215686274509803821e-01 6.664646923834825765e-02
7.254901960784313486e-01 6.640005920201204337e-02
7.294117647058823151e-01 6.619550292059511731e-02
7.333333333333332815e-01 6.603241843269765099e-02
7.372549019607843590e-01 6.590826339689097313e-02
7.411764705882353255e-01 6.581843139857594671e-02
7.450980392156862919e-01 6.575646444347316155e-02
7.490196078431372584e-01 6.571436996751089943e-02
7.529411764705882248e-01 6.568302498273152767e-02
7.568627450980391913e-01 6.565264520166537443e-02
7.607843137254901578e-01 6.561329339609267564e-02
7.647058823529411242e-01 6.555539904528376316e-02
7.686274509803920907e-01 6.547026063562741416e-02
7.725490196078431682e-01 6.535050283020665818e-02
7.764705882352941346e-01 6.519046309322655552e-02
7.803921568627451011e-01 6.498648610956572758e-02
7.843137254901960675e-01 6.473710928888329330e-02
7.882352941176470340e-01 6.444312852681242931e-02
7.921568627450980005e-01 6.410753990168972793e-02
7.960784313725489669e-01 6.373535976774895306e-02
8.000000000000000444e-01 6.333333240141320042e-02
8.039215686274510109e-01 6.290954060492610911e-02
8.078431372549019773e-01 6.247294013085395725e-02
8.117647058823529438e-01 6.203284316101986134e-02
8.156862745098039102e-01 6.159837910873765254e-02
8.196078431372548767e-01 6.117796253730926892e-02
8.235294117647058432e-01 6.077879790307464530e-02
8.274509803921568096e-01 6.040644912517956905e-02
8.313725490196077761e-01 6.006449873039954729e-02
8.352941176470588536e-01 5.975431667706190830e-02
8.392156862745098200e-01 5.947495316071534088e-02
8.431372549019607865e-01 5.922316304382275326e-02
8.470588235294117530e-01 5.899356238035095151e-02
8.509803921568627194e-01 5.877891020378572112e-02
8.549019607843136859e-01 5.857050170646698611e-02
8.588235294117646523e-01 5.835865254392300777e-02
8.627450980392157298e-01 5.813324860650800896e-02
8.666666666666666963e-01 5.788433152107087809e-02
8.705882352941176627e-01 5.760268762212659294e-02
8.745098039215686292e-01 5.728040733126119055e-02
8.784313725490195957e-01 5.691138288310194221e-02
8.823529411764705621e-01 5.649171511995688261e-02
8.862745098039215286e-01 5.602000453414204828e-02
8.901960784313724950e-01 5.549750766519145895e-02
8.941176470588234615e-01 5.492814707462259638e-02
8.980392156862745390e-01 5.431837107079167531e-02
9.019607843137255054e-01 5.367686773565497754e-02
9.058823529411764719e-01 5.301414617682174285e-02
9.098039215686274384e-01 5.234200584473083090e-02
9.137254901960784048e-01 5.167292178125112295e-02
9.176470588235293713e-01 5.101937940283066131e-02
9.215686274509803377e-01 5.039319652531289856e-02
9.254901960784314152e-01 4.980487254085468052e-02
9.294117647058823817e-01 4.926300478294017016e-02
9.333333333333333481e-01 4.877381008815834945e-02
9.372549019607843146e-01 4.834078541630342646e-02
9.411764705882352811e-01 4.796453526580109900e-02
9.450980392156862475e-01 4.764278576658968062e-02
9.490196078431372140e-01 4.737059608956239315e-02
9.529411764705881804e-01 4.714076760304126285e-02
9.568627450980391469e-01 4.694444051642854276e-02
9.607843137254902244e-01 4.677185710207851232e-02
9.647058823529411908e-01 4.661326051562935530e-02
9.686274509803921573e-01 4.645988926773637895e-02
9.725490196078431238e-01 4.630502002366587017e-02
9.764705882352940902e-01 4.614500604620439678e-02
9.803921568627450567e-01 4.598025559160264647e-02
9.843137254901960231e-01 4.581609415410731190e-02
9.882352941176471006e-01 4.566345675083938183e-02
9.921568627450980671e-01 4.553936143797962521e-02
9.960784313725490335e-01 4.546712281506355008e-02
1.000000000000000000e+00 4.547627414460009981e-02
