0.000000000000000000e+00 1.471348372712515951e-01
3.921568627450980338e-03 1.476985491425100994e-01
7.843137254901960675e-03 1.489033733973682272e-01
1.176470588235294101e-02 1.509212345870554750e-01
1.568627450980392135e-02 1.539295816444710974e-01
1.960784313725490169e-02 1.581048927579063734e-01
2.352941176470588203e-02 1.636156529848961094e-01
2.745098039215686236e-02 1.706150669721371582e-01
3.137254901960784270e-02 1.792337925797424791e-01
3.529411764705882304e-02 1.895729930576768307e-01
3.921568627450980338e-02 2.016980048519660951e-01
4.313725490196078372e-02 2.156329048280147265e-01
4.705882352941176405e-02 2.313562349475287716e-01
5.098039215686274439e-02 2.487981050405141947e-01
5.490196078431372473e-02 2.678388466199825846e-01
5.882352941176470507e-02 2.883093345162485166e-01
6.274509803921568540e-02 3.099930306838242777e-01
6.666666666666666574e-02 3.326297383888565107e-01
7.058823529411764608e-02 3.559209878503077351e-01
7.450980392156862642e-02 3.795369090960517555e-01
7.843137254901960675e-02 4.031243870755716885e-01
8.235294117647058709e-02 4.263162405488105100e-01
8.627450980392156743e-02 4.487411222694752677e-01
9.019607843137254777e-02 4.700338054388002451e-01
9.411764705882352811e-02 4.898455017871180539e-01
9.803921568627450844e-02 5.078538508698172693e-01
1.019607843137254888e-01 5.237722285817583145e-01
1.058823529411764691e-01 5.373580452389390416e-01
1.098039215686274495e-01 5.484197389948262114e-01
1.137254901960784298e-01 5.568222174412259529e-01
1.176470588235294101e-01 5.624905570833035329e-01
1.215686274509803905e-01 5.654118346547982732e-01
1.254901960784313708e-01 5.656350333188785440e-01
1.294117647058823373e-01 5.632690378502411832e-01
1.333333333333333315e-01 5.584788030077372234e-01
1.372549019607843257e-01 5.514798456282635764e-01
1.411764705882352922e-01 5.425312708215314084e-01
1.450980392156862586e-01 5.319275936323886178e-01
1.490196078431372528e-01 5.199896576668294745e-01
1.529411764705882470e-01 5.070549799316839135e-01
1.568627450980392135e-01 4.934678655386146584e-01
1.607843137254901800e-01 4.795696365714757770e-01
1.647058823529411742e-01 4.656893065039340862e-01
1.686274509803921684e-01 4.521350058495344215e-01
1.725490196078431349e-01 4.391864275334281253e-01
1.764705882352941013e-01 4.270885135707677138e-01
1.803921568627450955e-01 4.160465501867241511e-01
1.843137254901960898e-01 4.062227789701897684e-01
1.882352941176470562e-01 3.977345696453433721e-01
1.921568627450980227e-01 3.906541382557749964e-01
1.960784313725490169e-01 3.850097356033310159e-01
2.000000000000000111e-01 3.807881771059813958e-01
2.039215686274509776e-01 3.779385389864798883e-01
2.078431372549019440e-01 3.763768086482880970e-01
2.117647058823529382e-01 3.759912505571254004e-01
2.156862745098039325e-01 3.766482337422594751e-01
2.196078431372548989e-01 3.781982634471863780e-01
2.235294117647058654e-01 3.804819672471813075e-01
2.274509803921568596e-01 3.833358043526352565e-01
2.313725490196078538e-01 3.865972946076788319e-01
2.352941176470588203e-01 3.901095992496029785e-01
2.392156862745097867e-01 3.937253268770719572e-01
2.431372549019607809e-01 3.973094831273584759e-01
2.470588235294117752e-01 4.007415290164321742e-01
2.509803921568627416e-01 4.039165584802772990e-01
2.549019607843137081e-01 4.067456482067365320e-01
2.588235294117646745e-01 4.091554704069028658e-01
2.627450980392156965e-01 4.110872900825194298e-01
2.666666666666666630e-01 4.124954913103526244e-01
2.705882352941176294e-01 4.133457912207155749e-01
2.745098039215686514e-01 4.136133052887066008e-01
2.784313725490196179e-01 4.132806233463834911e-01
2.823529411764705843e-01 4.123360428825585400e-01
2.862745098039215508e-01 4.107720856679299981e-01
2.901960784313725172e-01 4.085843968394500259e-01
2.941176470588235392e-01 4.057710939088984836e-01
2.980392156862745057e-01 4.023325985482355538e-01
3.019607843137254721e-01 3.982719483874639921e-01
3.058823529411764941e-01 3.935955513967613340e-01
3.098039215686274606e-01 3.883143135904013610e-01
3.137254901960784270e-01 3.824450434882711303e-01
3.176470588235293935e-01 3.760120154464920428e-01
3.215686274509803599e-01 3.690485597385010363e-01
3.254901960784313819e-01 3.615985408674917689e-01
3.294117647058823484e-01 3.537175873409770244e-01
3.333333333333333148e-01 3.454739459315392391e-01
3.372549019607843368e-01 3.369488507589371018e-01
3.411764705882353033e-01 3.282363214427805875e-01
3.450980392156862697e-01 3.194423338367508580e-01
3.490196078431372362e-01 3.106833399345718671e-01
3.529411764705882026e-01 3.020841487081152854e-01
3.568627450980392246e-01 2.937752150643497817e-01
3.607843137254901911e-01 2.858894179401914593e-01
3.647058823529411575e-01 2.785584390203995064e-01
3.686274509803921795e-01 2.719088790579846093e-01
3.725490196078431460e-01 2.660582679405798512e-01
3.764705882352941124e-01 2.611111364358746911e-01
3.803921568627450789e-01 2.571553212868457616e-01
3.843137254901960453e-01 2.542586707351390807e-01
3.882352941176470673e-01 2.524663047638366908e-01
3.921568627450980338e-01 2.517985639104963203e-01
3.960784313725490002e-01 2.522497533286323090e-01
4.000000000000000222e-01 2.537877561252710468e-01
4.039215686274509887e-01 2.563545534002728554e-01
4.078431372549019551e-01 2.598676495830078426e-01
4.117647058823529216e-01 2.642223624392426307e-01
4.156862745098038880e-01 2.692948993639238675e-01
4.196078431372549100e-01 2.749461070741474056e-01
4.235294117647058765e-01 2.810257522063246971e-01
4.274509803921568429e-01 2.873771670037892356e-01
4.313725490196078649e-01 2.938420783558463589e-01
4.352941176470588314e-01 3.002654306627864367e-01
4.392156862745097978e-01 3.065000137110226452e-01
4.431372549019607643e-01 3.124107159008310264e-01
4.470588235294117307e-01 3.178782403276869672e-01
4.509803921568627527e-01 3.228021455505969417e-01
4.549019607843137192e-01 3.271031032244763881e-01
4.588235294117646856e-01 3.307242996871149754e-01
4.627450980392157076e-01 3.336319464251970013e-01
4.666666666666666741e-01 3.358149033213150281e-01
4.705882352941176405e-01 3.372834568867120741e-01
4.745098039215686070e-01 3.380673315407218826e-01
4.784313725490195734e-01 3.382130437668361411e-01
4.823529411764705954e-01 3.377807352253408002e-01
4.862745098039215619e-01 3.368406404781386088e-01
4.901960784313725283e-01 3.354693570568426098e-01
4.941176470588235503e-01 3.337460897210588473e-01
4.980392156862745168e-01 3.317490368357224328e-01
5.019607843137254832e-01 3.295520751552302730e-01
5.058823529411764497e-01 3.272218806149442272e-01
5.098039215686274161e-01 3.248155980040620117e-01
5.137254901960783826e-01 3.223791429118434415e-01
5.176470588235293491e-01 3.199461865976190866e-01
5.215686274509804266e-01 3.175378400665537781e-01
5.254901960784313930e-01 3.151630193260689383e-01
5.294117647058823595e-01 3.128194412129424173e-01
5.333333333333333259e-01 3.104951698707803520e-01
5.372549019607842924e-01 3.081706092909164973e-01
5.411764705882352589e-01 3.058208184276735575e-01
5.450980392156862253e-01 3.034180130816616638e-01
5.490196078431373028e-01 3.009341134954973684e-01
5.529411764705882693e-01 2.983431985510770490e-01
5.568627450980392357e-01 2.956237363635688675e-01
5.607843137254902022e-01 2.927604763589495285e-01
5.647058823529411686e-01 2.897459087135436095e-01
5.686274509803921351e-01 2.865812221779217017e-01
5.725490196078431016e-01 2.832767194544698608e-01
5.764705882352940680e-01 2.798516789672830241e-01
5.803921568627450345e-01 2.763336815184798678e-01
5.843137254901961120e-01 2.727574484526730236e-01
5.882352941176470784e-01 2.691632631356163374e-01
5.921568627450980449e-01 2.655950685472271422e-01
5.960784313725490113e-01 2.620983495764300786e-01
5.999999999999999778e-01 2.587179184477410576e-01
6.039215686274509443e-01 2.554957251828151032e-01
6.078431372549019107e-01 2.524688120116577172e-01
6.117647058823529882e-01 2.496675214382382546e-01
6.156862745098039547e-01 2.471140527916922403e-01
6.196078431372549211e-01 2.448214424008428591e-01
6.235294117647058876e-01 2.427930191000171323e-01
6.274509803921568540e-01 2.410223608738447654e-01
6.313725490196078205e-01 2.394937514591876648e-01
6.352941176470587870e-01 2.381831090682943464e-01
6.392156862745097534e-01 2.370593344731707075e-01
6.431372549019607199e-01 2.360860037894619012e-01
6.470588235294117974e-01 2.352233135433234035e-01
6.509803921568627638e-01 2.344301728963501252e-01
6.549019607843137303e-01 2.336663308711499076e-01
6.588235294117646967e-01 2.328944253922372587e-01
6.627450980392156632e-01 2.320818459460816108e-01
6.666666666666666297e-01 2.312023123679188275e-01
6.705882352941175961e-01 2.302370880812872334e-01
6.745098039215686736e-01 2.291757661842800664e-01
6.784313725490196401e-01 2.280165900106965460e-01
6.823529411764706065e-01 2.267662949498940039e-01
6.862745098039215730e-01 2.254394840457979721e-01
6.901960784313725394e-01 2.240575748474351869e-01
6.941176470588235059e-01 2.226473778307918594e-01
6.980392156862744724e-01 2.212393862499288655e-01
7.019607843137254388e-01 2.198658724768834671e-01
7.058823529411764053e-01 2.185588959587619617e-01
7.098039215686274828e-01 2.173483323326809713e-01
7.137254901960784492e-01 2.162600317703593233e-01
7.176470588235294157e-01 2.153142073605815721e-01
7.215686274509803821e-01 2.145241416719961269e-01
7.254901960784313486e-01 2.138952822488232874e-01
7.294117647058823151e-01 2.134247756060181911e-01
7.333333333333332815e-01 2.131014654375899819e-01
7.372549019607843590e-01 2.129063555036214972e-01
7.411764705882353255e-01 2.128135123650861382e-01
7.450980392156862919e-01 2.127913591426487672e-01
7.490196078431372584e-01 2.128042900717957986e-01
7.529411764705882248e-01 2.128145179632612849e-01
7.568627450980391913e-01 2.127840537110971542e-01
7.607843137254901578e-01 2.126767094310216821e-01
7.647058823529411242e-01 2.124600150846130686e-01
7.686274509803920907e-01 2.121069426681694847e-01
7.725490196078431682e-01 2.115973420207085953e-01
7.764705882352941346e-01 2.109190075289330557e-01
7.803921568627451011e-01 2.100683146915577892e-01
7.843137254901960675e-01 2.090503886227228492e-01
7.882352941176470340e-01 2.078787919066070189e-01
7.921568627450980005e-01 2.065747454187907561e-01
7.960784313725489669e-01 2.051659214040479629e-01
8.000000000000000444e-01 2.036848718617826071e-01
8.039215686274510109e-01 2.021671758461121848e-01
8.078431372549019773e-01 2.006494055035335511e-01
8.117647058823529438e-01 1.991670216333488452e-01
8.156862745098039102e-01 1.977523146212028238e-01
8.196078431372548767e-01 1.964325054278692473e-01
8.235294117647058432e-01 1.952281139054082848e-01
8.274509803921568096e-01 1.941516883845106900e-01
8.313725490196077761e-01 1.932069718723931628e-01
8.352941176470588536e-01 1.923885572507530173e-01
8.392156862745098200e-01 1.916820577419997840e-01
8.431372549019607865e-01 1.910647909778407649e-01
8.470588235294117530e-01 1.905069467316202747e-01
8.509803921568627194e-01 1.899731812788554852e-01
8.549019607843136859e-01 1.894245569045542033e-01
8.588235294117646523e-01 1.888207246397171635e-01
8.627450980392157298e-01 1.881222330518465269e-01
8.666666666666666963e-01 1.872928367503792213e-01
8.705882352941176627e-01 1.863016758070592249e-01
8.745098039215686292e-01 1.851252017999344135e-01
8.784313725490195957e-01 1.837487375719045191e-01
8.823529411764705621e-01 1.821675755904526295e-01
8.862745098039215286e-01 1.803875431973354093e-01
8.901960784313724950e-01 1.784249909269497725e-01
8.941176470588234615e-01 1.763061910713654978e-01
8.980392156862745390e-01 1.740661662064415527e-01
9.019607843137255054e-01 1.717469997781556901e-01
9.058823529411764719e-01 1.693957113602310993e-01
9.098039215686274384e-01 1.670618061677233979e-01
9.137254901960784048e-01 1.647946303227175724e-01
9.176470588235293713e-01 1.626406789168526601e-01
9.215686274509803377e-01 1.606410120942893260e-01
9.254901960784314152e-01 1.588289345332009883e-01
9.294117647058823817e-01 1.572280855723649506e-01
9.333333333333333481e-01 1.558510709661350413e-01
9.372549019607843146e-01 1.546987434279240847e-01
9.411764705882352811e-01 1.537602087103921156e-01
9.450980392156862475e-01 1.530135983010940948e-01
9.490196078431372140e-01 1.524276105193750064e-01
9.529411764705881804e-01 1.519637807467465462e-01
9.568627450980391469e-01 1.515794007142973188e-01
9.607843137254902244e-01 1.512309682595165405e-01
9.647058823529411908e-01 1.508780147514785508e-01
9.686274509803921573e-01 1.504871293163991541e-01
9.725490196078431238e-01 1.500359786785633032e-01
9.764705882352940902e-01 1.495171101388669821e-01
9.803921568627450567e-01 1.489413238202464407e-01
9.843137254901960231e-01 1.483404092409845165e-01
9.882352941176471006e-01 1.477690604762613713e-01
9.921568627450980671e-01 1.473058130875639360e-01
9.960784313725490335e-01 1.470528836145287566e-01
1.000000000000000000e+00 1.471348372712515951e-01
