0.000000000000000000e+00 -2.703993492952392330e+00
3.988235294117646601e-03 -3.436182786648284360e+00
7.976470588235293202e-03 -4.278034215197686230e+00
1.196470588235293980e-02 -5.246734796382059862e+00
1.595294117647058640e-02 -6.363309161095585864e+00
1.994117647058823301e-02 -7.652555627748990119e+00
2.392941176470587961e-02 -9.142825287471758600e+00
2.791764705882352621e-02 -1.086564187421847549e+01
3.190588235294117281e-02 -1.285516600034514312e+01
3.589411764705881941e-02 -1.514751318674712977e+01
3.988235294117646601e-02 -1.777994078762856844e+01
4.387058823529411261e-02 -2.078992418749099969e+01
4.785882352941175921e-02 -2.421414732817428828e+01
5.184705882352940581e-02 -2.808743652303983751e+01
5.583529411764705241e-02 -3.244166947723268635e+01
5.982352941176469902e-02 -3.730469333445432767e+01
6.381176470588234562e-02 -4.269928632722773187e+01
6.779999999999999916e-02 -4.864219717637639917e+01
7.178823529411763882e-02 -5.514329476701196597e+01
7.577647058823527848e-02 -6.220485786695339669e+01
7.976470588235293202e-02 -6.982103083540143018e+01
8.375294117647058556e-02 -7.797746651985075061e+01
8.774117647058822522e-02 -8.665117201673926672e+01
9.172941176470586488e-02 -9.581056686341689499e+01
9.571764705882351842e-02 -1.054157567440326773e+02
9.970588235294117196e-02 -1.154190191515946964e+02
1.036941176470588116e-01 -1.257654908796462365e+02
1.076823529411764513e-01 -1.363940409434264893e+02
1.116705882352941048e-01 -1.472383067644620098e+02
1.156588235294117584e-01 -1.582278663877512486e+02
1.196470588235293980e-01 -1.692895153048073382e+02
1.236352941176470377e-01 -1.803486132650454010e+02
1.276235294117646912e-01 -1.913304643725425933e+02
1.316117647058823448e-01 -2.021616928461202178e+02
1.355999999999999983e-01 -2.127715770882996082e+02
1.395882352941176241e-01 -2.230933061424344430e+02
1.435764705882352776e-01 -2.330651251572716092e+02
1.475647058823529312e-01 -2.426313400278098698e+02
1.515529411764705570e-01 -2.517431558116262806e+02
1.555411764705882105e-01 -2.603593286745467594e+02
1.595294117647058640e-01 -2.684466168212053390e+02
1.635176470588235176e-01 -2.759800219226621039e+02
1.675058823529411711e-01 -2.829428187653390410e+02
1.714941176470587969e-01 -2.893263770131554224e+02
1.754823529411764504e-01 -2.951297849044457848e+02
1.794705882352941040e-01 -3.003592902164477323e+02
1.834588235294117298e-01 -3.050275787609596136e+02
1.874470588235293833e-01 -3.091529148868360153e+02
1.914352941176470368e-01 -3.127581718473943511e+02
1.954235294117646904e-01 -3.158697823628426704e+02
1.994117647058823439e-01 -3.185166412205610413e+02
2.033999999999999697e-01 -3.207289922927488419e+02
2.073882352941176233e-01 -3.225373319262828318e+02
2.113764705882352768e-01 -3.239713593179704390e+02
2.153647058823529026e-01 -3.250590023009814331e+02
2.193529411764705561e-01 -3.258255440296954362e+02
2.233411764705882097e-01 -3.262928724743092062e+02
2.273294117647058632e-01 -3.264788705516825189e+02
2.313176470588235167e-01 -3.263969602631844396e+02
2.353058823529411425e-01 -3.260558095266948726e+02
2.392941176470587961e-01 -3.254592056214826243e+02
2.432823529411764496e-01 -3.246060944500555934e+02
2.472705882352940754e-01 -3.234907802905174776e+02
2.512588235294117567e-01 -3.221032764847731755e+02
2.552470588235293825e-01 -3.204297936856764295e+02
2.592352941176470082e-01 -3.184533489565350237e+02
2.632235294117646895e-01 -3.161544762475492689e+02
2.672117647058823153e-01 -3.135120166148778367e+02
2.711999999999999966e-01 -3.105039650289975839e+02
2.751882352941176224e-01 -3.071083497510388156e+02
2.791764705882352482e-01 -3.033041200323417002e+02
2.831647058823529295e-01 -2.990720182909043388e+02
2.871529411764705553e-01 -2.943954139016040017e+02
2.911411764705881811e-01 -2.892610772556531629e+02
2.951294117647058624e-01 -2.836598747391434472e+02
2.991176470588234881e-01 -2.775873676832362094e+02
3.031058823529411139e-01 -2.710443010763768825e+02
3.070941176470587952e-01 -2.640369708250079270e+02
3.110823529411764210e-01 -2.565774615250956003e+02
3.150705882352941023e-01 -2.486837499839404302e+02
3.190588235294117281e-01 -2.403796730333609730e+02
3.230470588235293539e-01 -2.316947614275538854e+02
3.270352941176470352e-01 -2.226639447519525277e+02
3.310235294117646609e-01 -2.133271352184521277e+02
3.350117647058823422e-01 -2.037287009284943053e+02
3.389999999999999680e-01 -1.939168415962168126e+02
3.429882352941175938e-01 -1.839428817936487803e+02
3.469764705882352751e-01 -1.738604984707565961e+02
3.509647058823529009e-01 -1.637249007848139115e+02
3.549529411764705267e-01 -1.535919811241199398e+02
3.589411764705882080e-01 -1.435174566170840080e+02
3.629294117647058338e-01 -1.335560203744477406e+02
3.669176470588234595e-01 -1.237605212242792447e+02
3.709058823529411408e-01 -1.141811897797569628e+02
3.748941176470587666e-01 -1.048649273512050257e+02
3.788823529411764479e-01 -9.585467250787166904e+01
3.828705882352940737e-01 -8.718885805173863446e+01
3.868588235294116995e-01 -7.890096883354945589e+01
3.908470588235293808e-01 -7.101920827603660769e+01
3.948352941176470066e-01 -6.356627873320497457e+01
3.988235294117646879e-01 -5.655927797492894626e+01
4.028117647058823136e-01 -5.000971121421594034e+01
4.067999999999999394e-01 -4.392361526349343848e+01
4.107882352941176207e-01 -3.830178868960818761e+01
4.147764705882352465e-01 -3.314011930642823955e+01
4.187647058823528723e-01 -2.842999806665729068e+01
4.227529411764705536e-01 -2.415880645231413837e+01
4.267411764705881794e-01 -2.031046286985452554e+01
4.307294117647058052e-01 -1.686601237478206272e+01
4.347176470588234865e-01 -1.380424331393090043e+01
4.387058823529411122e-01 -1.110231420068088326e+01
4.426941176470587935e-01 -8.736374334713028489e+00
4.466823529411764193e-01 -6.682162334813043003e+00
4.506705882352940451e-01 -4.915567847734692464e+00
4.546588235294117264e-01 -3.413143191595396253e+00
4.586470588235293522e-01 -2.152553539341937494e+00
4.626352941176470335e-01 -1.112956385979625207e+00
4.666235294117646593e-01 -2.753034027574540188e-01
4.706117647058822850e-01 3.774397142914873715e-01
4.745999999999999663e-01 8.601572260287753124e-01
4.785882352941175921e-01 1.185530437165700501e+00
4.825764705882352179e-01 1.364064713378783322e+00
4.865647058823528992e-01 1.404190979108390636e+00
4.905529411764705250e-01 1.312434217364788935e+00
4.945411764705881508e-01 1.093639768592894690e+00
4.985294117647058321e-01 7.512468543577537350e-01
5.025176470588235134e-01 2.875977680111129753e-01
5.065058823529411391e-01 -2.957294011860541749e-01
5.104941176470587649e-01 -9.975768065737291579e-01
5.144823529411763907e-01 -1.816863700512818092e+00
5.184705882352940165e-01 -2.752255543842433205e+00
5.224588235294117533e-01 -3.801855841102014466e+00
5.264470588235293791e-01 -4.962929917972469518e+00
5.304352941176470049e-01 -6.231668364708520258e+00
5.344235294117646307e-01 -7.602996204255751955e+00
5.384117647058822564e-01 -9.070432074058507155e+00
5.423999999999999932e-01 -1.062599990495159474e+01
5.463882352941176190e-01 -1.226019380572860307e+01
5.503764705882352448e-01 -1.396199518008094742e+01
5.543647058823528706e-01 -1.571893956862101760e+01
5.583529411764704964e-01 -1.751722936855078316e+01
5.623411764705881222e-01 -1.934188747242728823e+01
5.663294117647058590e-01 -2.117694600889876355e+01
5.703176470588234848e-01 -2.300566377352748404e+01
5.743058823529411105e-01 -2.481076560609065496e+01
5.782941176470587363e-01 -2.657469688986720513e+01
5.822823529411763621e-01 -2.827988649601130078e+01
5.862705882352940989e-01 -2.990901184128215817e+01
5.902588235294117247e-01 -3.144526023276033300e+01
5.942470588235293505e-01 -3.287258129712937205e+01
5.982352941176469763e-01 -3.417592599122903607e+01
6.022235294117646021e-01 -3.534146842211536210e+01
6.062117647058822278e-01 -3.635680742892061801e+01
6.101999999999999647e-01 -3.721114556051385591e+01
6.141882352941175904e-01 -3.789544369413701475e+01
6.181764705882352162e-01 -3.840255006063866006e+01
6.221647058823528420e-01 -3.872730286023261215e+01
6.261529411764704678e-01 -3.886660596649907973e+01
6.301411764705882046e-01 -3.881947743200103673e+01
6.341294117647058304e-01 -3.858707064074280169e+01
6.381176470588234562e-01 -3.817266802175387852e+01
6.421058823529410819e-01 -3.758164727033683761e+01
6.460941176470587077e-01 -3.682142004797884738e+01
6.500823529411764445e-01 -3.590134317843116207e+01
6.540705882352940703e-01 -3.483260245444413528e+01
6.580588235294116961e-01 -3.362806934195312891e+01
6.620470588235293219e-01 -3.230213113542151859e+01
6.660352941176469477e-01 -3.087049549158067663e+01
6.700235294117646845e-01 -2.934997075247046894e+01
6.740117647058823103e-01 -2.775822405669444848e+01
6.779999999999999361e-01 -2.611351991485907931e+01
6.819882352941175618e-01 -2.443444266682708843e+01
6.859764705882351876e-01 -2.273960701200977752e+01
6.899647058823528134e-01 -2.104736157005132924e+01
6.939529411764705502e-01 -1.937549114372247416e+01
6.979411764705881760e-01 -1.774092397199194693e+01
7.019294117647058018e-01 -1.615945073257334741e+01
7.059176470588234276e-01 -1.464546233612701798e+01
7.099058823529410533e-01 -1.321171361069469086e+01
7.138941176470587902e-01 -1.186911977498938242e+01
7.178823529411764159e-01 -1.062659212338895465e+01
7.218705882352940417e-01 -9.490918586648135147e+00
7.258588235294116675e-01 -8.466693796696324270e+00
7.298470588235292933e-01 -7.556301991768141768e+00
7.338352941176469191e-01 -6.759954583872733735e+00
7.378235294117646559e-01 -6.075782521791627033e+00
7.418117647058822817e-01 -5.499981778608852956e+00
7.457999999999999075e-01 -5.027008441878133560e+00
7.497882352941175332e-01 -4.649818062253437745e+00
7.537764705882351590e-01 -4.360142201482718249e+00
7.577647058823528958e-01 -4.148793591669488023e+00
7.617529411764705216e-01 -4.005990049289473554e+00
7.657411764705881474e-01 -3.921686346641009457e+00
7.697294117647057732e-01 -3.885902686064357070e+00
7.737176470588233990e-01 -3.889038289959219519e+00
7.777058823529411358e-01 -3.922158937032030668e+00
7.816941176470587616e-01 -3.977248048198973152e+00
7.856823529411763873e-01 -4.047412140162716554e+00
7.896705882352940131e-01 -4.127033086795559136e+00
7.936588235294116389e-01 -4.211861604676101933e+00
7.976470588235293757e-01 -4.299048638343914597e+00
8.016352941176470015e-01 -4.387113776816300437e+00
8.056235294117646273e-01 -4.475852387619386086e+00
8.096117647058822531e-01 -4.566185702183902961e+00
8.135999999999998789e-01 -4.659960517805852298e+00
8.175882352941175046e-01 -4.759707388819589546e+00
8.215764705882352414e-01 -4.868368061902237365e+00
8.255647058823528672e-01 -4.989004377367020737e+00
8.295529411764704930e-01 -5.124501835273883366e+00
8.335411764705881188e-01 -5.277281456876684373e+00
8.375294117647057446e-01 -5.449033425420692467e+00
8.415176470588234814e-01 -5.640485257196399260e+00
8.455058823529411072e-01 -5.851215951247722202e+00
8.494941176470587330e-01 -6.079525736976389538e+00
8.534823529411763587e-01 -6.322368750203525067e+00
8.574705882352939845e-01 -6.575353309195961948e+00
8.614588235294116103e-01 -6.832811540561205987e+00
8.654470588235293471e-01 -7.087937042931777398e+00
8.694352941176469729e-01 -7.332986205479624431e+00
8.734235294117645987e-01 -7.559535853698991836e+00
8.774117647058822245e-01 -7.758787209544276031e+00
8.813999999999998503e-01 -7.921903851724054313e+00
8.853882352941175871e-01 -8.040369555653914091e+00
8.893764705882352128e-01 -8.106350673040292776e+00
8.933647058823528386e-01 -8.113047146414460897e+00
8.973529411764704644e-01 -8.055016385025469461e+00
9.013411764705880902e-01 -7.928455066491895131e+00
9.053294117647058270e-01 -7.731425453765310429e+00
9.093176470588234528e-01 -7.464014978780177501e+00
9.133058823529410786e-01 -7.128420562897721524e+00
9.172941176470587044e-01 -6.728952313712268207e+00
9.212823529411763301e-01 -6.271954729395605277e+00
9.252705882352940669e-01 -5.765647209657232430e+00
9.292588235294116927e-01 -5.219889359438096399e+00
9.332470588235293185e-01 -4.645880115780284036e+00
9.372352941176469443e-01 -4.055802970298234555e+00
9.412235294117645701e-01 -3.462432348919518788e+00
9.452117647058821959e-01 -2.878718412596871445e+00
9.491999999999999327e-01 -2.317369045158950591e+00
9.531882352941175585e-01 -1.790448512448136853e+00
9.571764705882351842e-01 -1.309012157152506850e+00
9.611647058823528100e-01 -8.827955177093066430e-01
9.651529411764704358e-01 -5.199744449624674747e-01
9.691411764705881726e-01 -2.270101907462171997e-01
9.731294117647057984e-01 -8.590146777450652360e-03
9.771176470588234242e-01 1.323289596244857647e-01
9.811058823529410500e-01 1.943729069703777068e-01
9.850941176470586758e-01 1.774989122694550781e-01
9.890823529411763015e-01 8.264834477473621821e-02
9.930705882352940383e-01 -8.868556943307684404e-02
9.970588235294116641e-01 -3.349596293677671310e-01
1.001047058823529401e+00 -6.551329820064126785e-01
1.005035294117647027e+00 -1.049247674646946793e+00
1.009023529411764653e+00 -1.519012960315910821e+00
1.013011764705882278e+00 -2.068367530216494998e+00
1.016999999999999904e+00 -2.703993492952392330e+00
