0.000000000000000000e+00 -4.194796126395556435e+00
5.700000000000000205e-03 -5.476637905277827123e+00
1.140000000000000041e-02 -7.644850206335560117e+00
1.710000000000000062e-02 -1.129367008205897172e+01
2.280000000000000082e-02 -1.707706850468186843e+01
2.850000000000000103e-02 -2.561741835744352258e+01
3.420000000000000123e-02 -3.740421844220904291e+01
3.989999999999999797e-02 -5.270148949750188194e+01
4.560000000000000164e-02 -7.147569123385781609e+01
5.129999999999999838e-02 -9.336387237026166019e+01
5.700000000000000205e-02 -1.176832856772253564e+02
6.270000000000000573e-02 -1.434900260080708847e+02
6.840000000000000246e-02 -1.696732683247578279e+02
7.409999999999999920e-02 -1.950788977016287333e+02
7.979999999999999594e-02 -2.186374013154688498e+02
8.550000000000000655e-02 -2.394804484151537167e+02
9.120000000000000329e-02 -2.570229292806835133e+02
9.690000000000000002e-02 -2.709983751865041199e+02
1.025999999999999968e-01 -2.814526373489014759e+02
1.082999999999999935e-01 -2.886777008988568696e+02
1.140000000000000041e-01 -2.931146078709624021e+02
1.197000000000000008e-01 -2.952437661974670391e+02
1.254000000000000115e-01 -2.954684827400555491e+02
1.310999999999999943e-01 -2.940346613181246198e+02
1.368000000000000049e-01 -2.909826787551553480e+02
1.424999999999999878e-01 -2.861520329222833539e+02
1.481999999999999984e-01 -2.792355737617723435e+02
1.539000000000000090e-01 -2.698604473130598649e+02
1.595999999999999919e-01 -2.576986797084232990e+02
1.653000000000000025e-01 -2.425728291431777279e+02
1.710000000000000131e-01 -2.245277228526151703e+02
1.766999999999999960e-01 -2.038759510700321584e+02
1.824000000000000066e-01 -1.811955959830635834e+02
1.880999999999999894e-01 -1.572782687017575256e+02
1.938000000000000000e-01 -1.330408152494153740e+02
1.995000000000000107e-01 -1.094265985536549834e+02
2.051999999999999935e-01 -8.729661046716390160e+01
2.109000000000000041e-01 -6.734420079102778800e+01
2.165999999999999870e-01 -5.003635430935344175e+01
2.222999999999999976e-01 -3.559436881959565113e+01
2.280000000000000082e-01 -2.400904515941292416e+01
2.336999999999999911e-01 -1.508643922188020170e+01
2.394000000000000017e-01 -8.510925959364902482e+00
2.451000000000000123e-01 -3.912674377660507741e+00
2.508000000000000229e-01 -9.284465214180614989e-01
2.565000000000000058e-01 7.541825437615284899e-01
2.621999999999999886e-01 1.372983749495286343e+00
2.679000000000000270e-01 1.087908039495991686e+00
2.736000000000000099e-01 -5.148620752974596322e-03
2.792999999999999927e-01 -1.849570240154932099e+00
2.849999999999999756e-01 -4.398872803603586235e+00
2.907000000000000139e-01 -7.589381277468961962e+00
2.963999999999999968e-01 -1.131914961788999463e+01
3.020999999999999797e-01 -1.543631777927188331e+01
3.078000000000000180e-01 -1.973713872430803562e+01
3.135000000000000009e-01 -2.397541042998531680e+01
3.191999999999999837e-01 -2.787874189447421003e+01
3.249000000000000221e-01 -3.117266014034144561e+01
3.306000000000000050e-01 -3.360837321432066460e+01
3.362999999999999878e-01 -3.499027218611557544e+01
3.420000000000000262e-01 -3.520207114010649008e+01
3.477000000000000091e-01 -3.422350916796454356e+01
3.533999999999999919e-01 -3.213864735666494710e+01
3.590999999999999748e-01 -2.913052477648346894e+01
3.648000000000000131e-01 -2.546215447125304010e+01
3.704999999999999960e-01 -2.144643145088138070e+01
3.761999999999999789e-01 -1.740752569040017761e+01
3.819000000000000172e-01 -1.364119313391412724e+01
3.876000000000000001e-01 -1.037958070409826838e+01
3.932999999999999829e-01 -7.766839316093387957e+00
3.990000000000000213e-01 -5.850549891884721632e+00
4.047000000000000042e-01 -4.589512373171872994e+00
4.103999999999999870e-01 -3.876180729457545659e+00
4.161000000000000254e-01 -3.568302959994816614e+00
4.218000000000000083e-01 -3.522777088982226967e+00
4.274999999999999911e-01 -3.624039155586647354e+00
4.331999999999999740e-01 -3.801097201066335085e+00
4.389000000000000123e-01 -4.029911256555666732e+00
4.445999999999999952e-01 -4.321872334288357820e+00
4.502999999999999781e-01 -4.702293424681829315e+00
4.560000000000000164e-01 -5.185582500021731711e+00
4.616999999999999993e-01 -5.754608523526951736e+00
4.673999999999999821e-01 -6.350383461635173532e+00
4.731000000000000205e-01 -6.875725295913223789e+00
4.788000000000000034e-01 -7.212475031713462492e+00
4.844999999999999862e-01 -7.248564700504183556e+00
4.902000000000000246e-01 -6.907737355395111578e+00
4.959000000000000075e-01 -6.174175060465189269e+00
5.016000000000000458e-01 -5.104981876131681418e+00
5.072999999999999732e-01 -3.826016844492032831e+00
5.130000000000000115e-01 -2.511045977883651137e+00
5.187000000000000499e-01 -1.347875254350521246e+00
5.243999999999999773e-01 -4.993246211308979832e-01
5.301000000000000156e-01 -6.817100647713844608e-02
5.358000000000000540e-01 -7.554233736480094052e-02
5.414999999999999813e-01 -4.594645596613172733e-01
5.472000000000000197e-01 -1.096360656262156175e+00
5.528999999999999471e-01 -1.843188658909777899e+00
5.585999999999999854e-01 -2.593029650565332300e+00
5.643000000000000238e-01 -3.333374756958768170e+00
5.699999999999999512e-01 -4.194796126395553770e+00
