0.000000000000000000e+00 -4.068193696926731917e+01
5.000000000000000104e-04 -4.145250903752160809e+01
1.100000000000000066e-03 -4.224742113199342697e+01
1.600000000000000077e-03 -4.305694906893523921e+01
2.099999999999999870e-03 -4.388518430136746673e+01
2.599999999999999881e-03 -4.472854881210667344e+01
3.200000000000000153e-03 -4.559730848003286496e+01
3.700000000000000164e-03 -4.648211169259999309e+01
4.199999999999999740e-03 -4.738245750054795735e+01
4.799999999999999580e-03 -4.830882396447533011e+01
5.300000000000000024e-03 -4.925153422961483329e+01
5.799999999999999600e-03 -5.021397715311262289e+01
6.300000000000000044e-03 -5.119283794505111018e+01
6.899999999999999883e-03 -5.219898639983599509e+01
7.400000000000000328e-03 -5.322193885955252313e+01
7.900000000000000772e-03 -5.426518411940514852e+01
8.399999999999999481e-03 -5.532473697550131675e+01
8.999999999999999320e-03 -5.641322643350596877e+01
9.499999999999999764e-03 -5.751827016930150904e+01
1.000000000000000021e-02 -5.864025021780196312e+01
1.060000000000000005e-02 -5.979206952403989561e+01
1.110000000000000049e-02 -6.095987107167949404e+01
1.159999999999999920e-02 -6.214943140774724384e+01
1.209999999999999964e-02 -6.335599897432817329e+01
1.269999999999999948e-02 -6.459281511364554262e+01
1.319999999999999993e-02 -6.584620569044160732e+01
1.370000000000000037e-02 -6.711659056537213530e+01
1.430000000000000021e-02 -6.841843054189537554e+01
1.480000000000000066e-02 -6.973681401687065318e+01
1.529999999999999936e-02 -7.107665332091167443e+01
1.580000000000000154e-02 -7.243272237580553963e+01
1.640000000000000138e-02 -7.382095974967542418e+01
1.689999999999999836e-02 -7.522610122419702350e+01
1.739999999999999880e-02 -7.664644631016631138e+01
1.799999999999999864e-02 -7.810027058626387486e+01
1.849999999999999908e-02 -7.956989108442822101e+01
1.899999999999999953e-02 -8.106096342600967830e+01
1.949999999999999997e-02 -8.256747040051735098e+01
2.009999999999999981e-02 -8.410718529800907106e+01
2.060000000000000026e-02 -8.566297198674595847e+01
2.110000000000000070e-02 -8.723296169661176691e+01
2.170000000000000054e-02 -8.883716776221145039e+01
2.220000000000000098e-02 -9.045536217645722843e+01
2.270000000000000143e-02 -9.209520336696949983e+01
2.319999999999999840e-02 -9.374937910450806555e+01
2.380000000000000171e-02 -9.543709648672013657e+01
2.429999999999999868e-02 -9.713882076092416185e+01
2.479999999999999913e-02 -9.885411103219468032e+01
2.539999999999999897e-02 -1.006040223380349659e+02
2.589999999999999941e-02 -1.023661708967019877e+02
2.639999999999999986e-02 -1.041491619350108806e+02
2.690000000000000030e-02 -1.059437445198654189e+02
2.750000000000000014e-02 -1.077728582133073019e+02
2.800000000000000058e-02 -1.096141503671078254e+02
2.850000000000000103e-02 -1.114733909946615142e+02
2.900000000000000147e-02 -1.133451335274753262e+02
2.960000000000000131e-02 -1.152501222768837437e+02
3.009999999999999828e-02 -1.171660972200197790e+02
3.059999999999999873e-02 -1.190937838228714867e+02
3.119999999999999857e-02 -1.210531608018850989e+02
3.169999999999999901e-02 -1.230225412770085427e+02
3.219999999999999946e-02 -1.250092139208765047e+02
3.269999999999999990e-02 -1.270062403917734173e+02
3.330000000000000321e-02 -1.290343279861613439e+02
3.379999999999999671e-02 -1.310723415648416221e+02
3.429999999999999716e-02 -1.331183922733257532e+02
3.490000000000000047e-02 -1.351949686694029538e+02
3.540000000000000091e-02 -1.372802143229372973e+02
3.590000000000000135e-02 -1.393807402021679991e+02
3.640000000000000180e-02 -1.414877320121759112e+02
3.699999999999999817e-02 -1.436256892006772432e+02
3.749999999999999861e-02 -1.457694847227806463e+02
3.799999999999999906e-02 -1.479186611941999843e+02
3.860000000000000236e-02 -1.500980076996100365e+02
3.910000000000000281e-02 -1.522820687060403202e+02
3.960000000000000325e-02 -1.544802375246896986e+02
4.009999999999999676e-02 -1.566805812408588565e+02
4.070000000000000007e-02 -1.589100098541882176e+02
4.120000000000000051e-02 -1.611439067763944024e+02
4.170000000000000095e-02 -1.633786793228591989e+02
4.229999999999999732e-02 -1.656431779293662601e+02
4.279999999999999777e-02 -1.679077020819538575e+02
4.329999999999999821e-02 -1.701837852406570164e+02
4.379999999999999866e-02 -1.724588011993075440e+02
4.440000000000000197e-02 -1.747624617926761346e+02
4.490000000000000241e-02 -1.770658457274189459e+02
4.540000000000000285e-02 -1.793758523888049012e+02
4.590000000000000330e-02 -1.816864189078138452e+02
4.649999999999999967e-02 -1.840224427229792070e+02
4.700000000000000011e-02 -1.863564860026877170e+02
4.750000000000000056e-02 -1.886880588123624136e+02
4.809999999999999692e-02 -1.910438934627005381e+02
4.859999999999999737e-02 -1.933964365096110498e+02
4.909999999999999781e-02 -1.957541929012603816e+02
4.959999999999999826e-02 -1.981077218863098039e+02
5.020000000000000157e-02 -2.004839363590047867e+02
5.070000000000000201e-02 -2.028550632221388526e+02
5.120000000000000245e-02 -2.052204396023444417e+02
5.179999999999999882e-02 -2.076074109709154811e+02
5.229999999999999927e-02 -2.099878082622532531e+02
5.279999999999999971e-02 -2.123704997662970868e+02
5.330000000000000016e-02 -2.147478091333812529e+02
5.390000000000000346e-02 -2.171429244708066904e+02
5.439999999999999697e-02 -2.195297797769495105e+02
5.489999999999999741e-02 -2.219100259699760329e+02
5.550000000000000072e-02 -2.243066619869334488e+02
5.600000000000000117e-02 -2.266937701879315910e+02
5.650000000000000161e-02 -2.290822818813350352e+02
5.700000000000000205e-02 -2.314582475536546440e+02
5.759999999999999842e-02 -2.338532120760602311e+02
5.809999999999999887e-02 -2.362347655281335221e+02
5.859999999999999931e-02 -2.386068664856051953e+02
5.920000000000000262e-02 -2.409922965560770933e+02
5.970000000000000306e-02 -2.433675661259799483e+02
6.019999999999999657e-02 -2.457368410466677062e+02
6.069999999999999701e-02 -2.480952696172275012e+02
6.130000000000000032e-02 -2.504651379709757180e+02
6.180000000000000077e-02 -2.528234134545434131e+02
6.230000000000000121e-02 -2.551764647448164283e+02
6.279999999999999472e-02 -2.575123949207261944e+02
6.339999999999999802e-02 -2.598629145383740706e+02
6.389999999999999847e-02 -2.621980206151123411e+02
6.439999999999999891e-02 -2.645173697439371949e+02
6.500000000000000222e-02 -2.668449567012114585e+02
6.550000000000000266e-02 -2.691587818351284227e+02
6.600000000000000311e-02 -2.714646747457655920e+02
6.650000000000000355e-02 -2.737536387326907743e+02
6.710000000000000686e-02 -2.760516129267319911e+02
6.759999999999999343e-02 -2.783293424325814271e+02
6.809999999999999387e-02 -2.805917294905744370e+02
6.869999999999999718e-02 -2.828621454401969117e+02
6.919999999999999762e-02 -2.851139823958512238e+02
6.969999999999999807e-02 -2.873556741222582218e+02
7.019999999999999851e-02 -2.895782460670542946e+02
7.080000000000000182e-02 -2.918073115978077112e+02
7.130000000000000226e-02 -2.940166938657202991e+02
7.180000000000000271e-02 -2.962062880773827942e+02
7.240000000000000602e-02 -2.984011540618668619e+02
7.290000000000000646e-02 -3.005756921321053596e+02
7.340000000000000691e-02 -3.027380228717295267e+02
7.389999999999999347e-02 -3.048796141325446456e+02
7.449999999999999678e-02 -3.070250570636446810e+02
7.499999999999999722e-02 -3.091493736259135403e+02
7.549999999999999767e-02 -3.112522805601975620e+02
7.610000000000000098e-02 -3.133580902400649961e+02
7.660000000000000142e-02 -3.154421977895704003e+02
7.710000000000000187e-02 -3.175154810825563345e+02
7.760000000000000231e-02 -3.195636625344330923e+02
7.820000000000000562e-02 -3.216133969360749916e+02
7.870000000000000606e-02 -3.236406512540647782e+02
7.920000000000000651e-02 -3.256533774123744820e+02
7.969999999999999307e-02 -3.276435856101491595e+02
8.029999999999999638e-02 -3.296372328040748130e+02
8.079999999999999682e-02 -3.316047792693561291e+02
8.129999999999999727e-02 -3.335495030372172209e+02
8.190000000000000058e-02 -3.354937570336693398e+02
8.240000000000000102e-02 -3.374180561543599879e+02
8.290000000000000147e-02 -3.393232051439251222e+02
8.340000000000000191e-02 -3.412052356110529558e+02
8.400000000000000522e-02 -3.430856141423188319e+02
8.450000000000000566e-02 -3.449459088133526734e+02
8.500000000000000611e-02 -3.467794235456369734e+02
8.559999999999999554e-02 -3.486107498954380617e+02
8.609999999999999598e-02 -3.504217785198669617e+02
8.659999999999999643e-02 -3.522127304537626742e+02
8.709999999999999687e-02 -3.539801802356448661e+02
8.770000000000000018e-02 -3.557478902809165220e+02
8.820000000000000062e-02 -3.574884988025477810e+02
8.870000000000000107e-02 -3.592089520608265616e+02
8.930000000000000437e-02 -3.609219796676170517e+02
8.980000000000000482e-02 -3.626114984586794776e+02
9.030000000000000526e-02 -3.642872575435656586e+02
9.080000000000000571e-02 -3.659360547160246142e+02
9.139999999999999514e-02 -3.675837258976468434e+02
9.189999999999999558e-02 -3.692042982277982333e+02
9.239999999999999603e-02 -3.708049133667212800e+02
9.299999999999999933e-02 -3.723969405469824210e+02
9.349999999999999978e-02 -3.739689394229402524e+02
9.400000000000000022e-02 -3.755199761704947150e+02
9.450000000000000067e-02 -3.770513393575411669e+02
9.510000000000000397e-02 -3.785734424084037641e+02
9.560000000000000442e-02 -3.800757473771178070e+02
9.610000000000000486e-02 -3.815570924086816831e+02
9.660000000000000531e-02 -3.830189607589156253e+02
9.719999999999999474e-02 -3.844710081770688817e+02
9.769999999999999518e-02 -3.859036131283344275e+02
9.819999999999999563e-02 -3.873097725004843710e+02
9.879999999999999893e-02 -3.887130969833623908e+02
9.929999999999999938e-02 -3.900935554505278446e+02
9.979999999999999982e-02 -3.914529161983091967e+02
1.003000000000000003e-01 -3.927936744119658101e+02
1.009000000000000036e-01 -3.941234256334387283e+02
1.014000000000000040e-01 -3.954346619728027576e+02
1.019000000000000045e-01 -3.967236095382040730e+02
1.024999999999999939e-01 -3.980014269242859086e+02
1.029999999999999943e-01 -3.992612703157686269e+02
1.034999999999999948e-01 -4.005036635656217072e+02
1.039999999999999952e-01 -4.017204111067267149e+02
1.045999999999999985e-01 -4.029333892532662276e+02
1.050999999999999990e-01 -4.041248070393380090e+02
1.055999999999999994e-01 -4.052907593348992350e+02
1.062000000000000027e-01 -4.064526824197840824e+02
1.067000000000000032e-01 -4.075931884786108981e+02
1.072000000000000036e-01 -4.087131390296254949e+02
1.077000000000000041e-01 -4.098159973270801970e+02
1.082999999999999935e-01 -4.109104965612889373e+02
1.087999999999999939e-01 -4.119840840752862619e+02
1.092999999999999944e-01 -4.130332437152729881e+02
1.098999999999999977e-01 -4.140777896474390900e+02
1.103999999999999981e-01 -4.151017562076663125e+02
1.108999999999999986e-01 -4.161092246377450579e+02
1.113999999999999990e-01 -4.170927308821658812e+02
1.120000000000000023e-01 -4.180713179203748382e+02
1.125000000000000028e-01 -4.190298806806928269e+02
1.130000000000000032e-01 -4.199720848645295632e+02
1.135000000000000037e-01 -4.208907838466648741e+02
1.140999999999999931e-01 -4.218043328633768851e+02
1.145999999999999935e-01 -4.226982565832841487e+02
1.150999999999999940e-01 -4.235728405402065277e+02
1.156999999999999973e-01 -4.244382697825972173e+02
1.161999999999999977e-01 -4.252841840795089752e+02
1.166999999999999982e-01 -4.261101728226839782e+02
1.171999999999999986e-01 -4.269214924378079559e+02
1.178000000000000019e-01 -4.277232346483285710e+02
1.183000000000000024e-01 -4.285061114437704646e+02
1.188000000000000028e-01 -4.292703363008619135e+02
1.194000000000000061e-01 -4.300247543537873867e+02
1.199000000000000066e-01 -4.307607295985804399e+02
1.203999999999999931e-01 -4.314768683448525621e+02
1.208999999999999936e-01 -4.321790610494095404e+02
1.214999999999999969e-01 -4.328710776607914568e+02
1.219999999999999973e-01 -4.335450735085788665e+02
1.224999999999999978e-01 -4.342010969806087246e+02
1.231000000000000011e-01 -4.348467206275241779e+02
1.236000000000000015e-01 -4.354745354349008721e+02
1.241000000000000020e-01 -4.360871152073804637e+02
1.246000000000000024e-01 -4.366820433190554240e+02
1.252000000000000057e-01 -4.372662304539790625e+02
1.257000000000000062e-01 -4.378327914702053931e+02
1.262000000000000066e-01 -4.383780690331689698e+02
1.267999999999999960e-01 -4.389164250298216530e+02
1.272999999999999965e-01 -4.394375294546921964e+02
1.277999999999999969e-01 -4.399435587636173750e+02
1.282999999999999974e-01 -4.404326652222216580e+02
1.288999999999999868e-01 -4.409102529494864484e+02
1.293999999999999873e-01 -4.413708969251539429e+02
1.298999999999999877e-01 -4.418165701731227841e+02
1.303999999999999881e-01 -4.422454296481377014e+02
1.310000000000000053e-01 -4.426625184866451264e+02
1.315000000000000058e-01 -4.430628542101032394e+02
1.320000000000000062e-01 -4.434467392369273853e+02
1.325999999999999956e-01 -4.438185087526459256e+02
1.330999999999999961e-01 -4.441737489398852290e+02
1.335999999999999965e-01 -4.445139874371932365e+02
1.340999999999999970e-01 -4.448379152716131557e+02
1.346999999999999864e-01 -4.451493219768656786e+02
1.351999999999999869e-01 -4.454444133988658905e+02
1.356999999999999873e-01 -4.457234485174262772e+02
1.363000000000000045e-01 -4.459895690109757993e+02
1.368000000000000049e-01 -4.462395541083291732e+02
1.373000000000000054e-01 -4.464744918607168529e+02
1.378000000000000058e-01 -4.466936222888141970e+02
1.383999999999999952e-01 -4.469036798409814537e+02
1.388999999999999957e-01 -4.470934988020707692e+02
1.393999999999999961e-01 -4.472676049330812589e+02
1.400000000000000133e-01 -4.474278759329508262e+02
1.405000000000000138e-01 -4.475724204940854634e+02
1.409999999999999865e-01 -4.477019350667011963e+02
1.414999999999999869e-01 -4.478158706004933833e+02
1.421000000000000041e-01 -4.479155516845516445e+02
1.426000000000000045e-01 -4.479997109934768673e+02
1.431000000000000050e-01 -4.480685793051149517e+02
1.436999999999999944e-01 -4.481227368546990419e+02
1.441999999999999948e-01 -4.481615980970060491e+02
1.446999999999999953e-01 -4.481896526609322109e+02
1.451999999999999957e-01 -4.481982354458003783e+02
1.458000000000000129e-01 -4.481915199163685202e+02
1.463000000000000134e-01 -4.481697740715811165e+02
1.468000000000000138e-01 -4.481328138964062759e+02
1.472999999999999865e-01 -4.480809685382319572e+02
1.479000000000000037e-01 -4.480134746880612511e+02
1.484000000000000041e-01 -4.479311491448103766e+02
1.489000000000000046e-01 -4.478383742040916786e+02
1.494999999999999940e-01 -4.477251504900539203e+02
1.499999999999999944e-01 -4.475972608946056539e+02
1.504999999999999949e-01 -4.474542513484058190e+02
1.509999999999999953e-01 -4.472967498713903751e+02
1.516000000000000125e-01 -4.471228330241941649e+02
1.521000000000000130e-01 -4.469387589823344911e+02
1.526000000000000134e-01 -4.467360519624963331e+02
1.532000000000000028e-01 -4.465165302987271048e+02
1.537000000000000033e-01 -4.462828062626866199e+02
1.542000000000000037e-01 -4.460340518934671650e+02
1.547000000000000042e-01 -4.457756696251624930e+02
1.552999999999999936e-01 -4.454957145026280614e+02
1.557999999999999940e-01 -4.452018033826690271e+02
1.562999999999999945e-01 -4.448942161223038738e+02
1.569000000000000117e-01 -4.445693007775452088e+02
1.574000000000000121e-01 -4.442349346749559800e+02
1.579000000000000126e-01 -4.438813074072517111e+02
1.584000000000000130e-01 -4.435143575679979335e+02
1.590000000000000024e-01 -4.431296784458292564e+02
1.595000000000000029e-01 -4.427318554187051518e+02
1.600000000000000033e-01 -4.423250887128976956e+02
1.605999999999999928e-01 -4.418961077096402619e+02
1.610999999999999932e-01 -4.414541700073112338e+02
1.615999999999999936e-01 -4.409977706411888789e+02
1.620999999999999941e-01 -4.405328543960222873e+02
1.627000000000000113e-01 -4.400455245730337310e+02
1.632000000000000117e-01 -4.395458153316944276e+02
1.637000000000000122e-01 -4.390359340151167657e+02
1.642000000000000126e-01 -4.385096523164640416e+02
1.648000000000000020e-01 -4.379650743704108891e+02
1.653000000000000025e-01 -4.374084865641499960e+02
1.658000000000000029e-01 -4.368444293223690238e+02
1.663999999999999924e-01 -4.362575751313909223e+02
1.668999999999999928e-01 -4.356592799890020729e+02
1.673999999999999932e-01 -4.350514201684592877e+02
1.678999999999999937e-01 -4.344281132150154008e+02
1.685000000000000109e-01 -4.337862975245126336e+02
1.690000000000000113e-01 -4.331376744462467059e+02
1.695000000000000118e-01 -4.324741368066405585e+02
1.701000000000000012e-01 -4.317921977446676465e+02
1.706000000000000016e-01 -4.311037049159676826e+02
1.711000000000000021e-01 -4.303981111538165010e+02
1.716000000000000025e-01 -4.296824596790730766e+02
1.721999999999999920e-01 -4.289524817688753728e+02
1.726999999999999924e-01 -4.282083413896839943e+02
1.731999999999999929e-01 -4.274548182139732262e+02
1.738000000000000100e-01 -4.266870088574513034e+02
1.743000000000000105e-01 -4.259057583246259924e+02
1.748000000000000109e-01 -4.251162752647159095e+02
1.753000000000000114e-01 -4.243138757116640249e+02
1.759000000000000008e-01 -4.234933658432203742e+02
1.764000000000000012e-01 -4.226682465138792395e+02
1.769000000000000017e-01 -4.218306387093423950e+02
1.774999999999999911e-01 -4.209791394439186547e+02
1.779999999999999916e-01 -4.201156144711816864e+02
1.784999999999999920e-01 -4.192448673596065873e+02
1.789999999999999925e-01 -4.183623742646833534e+02
1.796000000000000096e-01 -4.174662420005766421e+02
1.801000000000000101e-01 -4.165587615357305822e+02
1.806000000000000105e-01 -4.156409167372518709e+02
1.811000000000000110e-01 -4.147200151620934321e+02
1.817000000000000004e-01 -4.137777493153026285e+02
1.822000000000000008e-01 -4.128330680944302458e+02
1.827000000000000013e-01 -4.118781957566853293e+02
1.832999999999999907e-01 -4.109099115947566361e+02
1.837999999999999912e-01 -4.099319836202836314e+02
1.842999999999999916e-01 -4.089486071187258744e+02
1.847999999999999921e-01 -4.079559018569606792e+02
1.854000000000000092e-01 -4.069501768603129790e+02
1.859000000000000097e-01 -4.059395263446306217e+02
1.864000000000000101e-01 -4.049202100359117367e+02
1.869999999999999996e-01 -4.038882210956572862e+02
1.875000000000000000e-01 -4.028477730553946685e+02
1.880000000000000004e-01 -4.018032085169769516e+02
1.885000000000000009e-01 -4.007507930325693337e+02
1.890999999999999903e-01 -3.996862386947768186e+02
1.895999999999999908e-01 -3.986178285945347284e+02
1.900999999999999912e-01 -3.975424008221048098e+02
1.907000000000000084e-01 -3.964550578893354214e+02
1.912000000000000088e-01 -3.953609261799139176e+02
1.917000000000000093e-01 -3.942634109437133247e+02
1.922000000000000097e-01 -3.931635438627239409e+02
1.927999999999999992e-01 -3.920446079697634332e+02
1.932999999999999996e-01 -3.909272480089612145e+02
1.938000000000000000e-01 -3.898032990430203313e+02
1.943000000000000005e-01 -3.886740039622407608e+02
1.948999999999999899e-01 -3.875337521769372984e+02
1.953999999999999904e-01 -3.863919603878981093e+02
1.958999999999999908e-01 -3.852450368659245328e+02
1.965000000000000080e-01 -3.840876478674612713e+02
1.970000000000000084e-01 -3.829292575397867608e+02
1.975000000000000089e-01 -3.817620144315448556e+02
1.980000000000000093e-01 -3.805977187870042258e+02
1.985999999999999988e-01 -3.794196658949419430e+02
1.990999999999999992e-01 -3.782413664835756890e+02
1.995999999999999996e-01 -3.770593619532095886e+02
2.001999999999999891e-01 -3.758672002164825017e+02
2.006999999999999895e-01 -3.746754737963572097e+02
2.011999999999999900e-01 -3.734795911849788581e+02
2.016999999999999904e-01 -3.722842089662778449e+02
2.023000000000000076e-01 -3.710718348407631879e+02
2.028000000000000080e-01 -3.698641476673336683e+02
2.033000000000000085e-01 -3.686574848947300893e+02
2.038999999999999979e-01 -3.674378502219777829e+02
2.043999999999999984e-01 -3.662191557856863255e+02
2.048999999999999988e-01 -3.649939241048195413e+02
2.053999999999999992e-01 -3.637738002885336641e+02
2.059999999999999887e-01 -3.625410528107595951e+02
2.064999999999999891e-01 -3.613098001481699839e+02
2.069999999999999896e-01 -3.600807062644457233e+02
2.076000000000000068e-01 -3.588392422401670387e+02
2.081000000000000072e-01 -3.575998075976693826e+02
2.086000000000000076e-01 -3.563573892634255458e+02
2.091000000000000081e-01 -3.551141573940441845e+02
2.096999999999999975e-01 -3.538623161001947892e+02
2.101999999999999980e-01 -3.526127947072629922e+02
2.106999999999999984e-01 -3.513608076363347550e+02
2.111999999999999988e-01 -3.501116000894714944e+02
2.117999999999999883e-01 -3.488505036943421942e+02
2.122999999999999887e-01 -3.475920859392231819e+02
2.127999999999999892e-01 -3.463362811487875206e+02
2.134000000000000064e-01 -3.450688035917621619e+02
2.139000000000000068e-01 -3.438042657209247182e+02
2.144000000000000072e-01 -3.425377868673088528e+02
2.149000000000000077e-01 -3.412740360962236537e+02
2.154999999999999971e-01 -3.399987659867262551e+02
2.159999999999999976e-01 -3.387265699738841249e+02
2.164999999999999980e-01 -3.374574044602080107e+02
2.170999999999999874e-01 -3.361763398700217067e+02
2.175999999999999879e-01 -3.348985774108467695e+02
2.180999999999999883e-01 -3.336189846473437797e+02
2.185999999999999888e-01 -3.323425445817889567e+02
2.192000000000000060e-01 -3.310541102420235688e+02
2.197000000000000064e-01 -3.297690312523704961e+02
2.202000000000000068e-01 -3.284870376030236230e+02
2.207999999999999963e-01 -3.271933170664042905e+02
2.212999999999999967e-01 -3.259055722573518210e+02
2.217999999999999972e-01 -3.246129457372205138e+02
2.222999999999999976e-01 -3.233233674200496353e+02
2.228999999999999870e-01 -3.220218173924030225e+02
2.233999999999999875e-01 -3.207229915332734436e+02
2.238999999999999879e-01 -3.194274299963735757e+02
2.245000000000000051e-01 -3.181197534658959967e+02
2.250000000000000056e-01 -3.168179932186678798e+02
2.255000000000000060e-01 -3.155106172086960328e+02
2.260000000000000064e-01 -3.142063584986721025e+02
2.265999999999999959e-01 -3.128895394084811983e+02
2.270999999999999963e-01 -3.115755405942205698e+02
2.275999999999999968e-01 -3.102617629733240392e+02
2.280999999999999972e-01 -3.089478241067434965e+02
2.286999999999999866e-01 -3.076210024219946604e+02
2.291999999999999871e-01 -3.062966894915618923e+02
2.296999999999999875e-01 -3.049773897592300500e+02
2.303000000000000047e-01 -3.036422823670752109e+02
2.308000000000000052e-01 -3.023093167274477651e+02
2.313000000000000056e-01 -3.009734512866287446e+02
2.318000000000000060e-01 -2.996422782790380666e+02
2.323999999999999955e-01 -2.982947759761759130e+02
2.328999999999999959e-01 -2.969492598889333408e+02
2.333999999999999964e-01 -2.956083902443239708e+02
2.340000000000000135e-01 -2.942503918388470083e+02
2.344999999999999862e-01 -2.928943823107854314e+02
2.349999999999999867e-01 -2.915374347411002418e+02
2.354999999999999871e-01 -2.901790409221106870e+02
2.361000000000000043e-01 -2.888060687929133792e+02
2.366000000000000048e-01 -2.874373624983998070e+02
2.371000000000000052e-01 -2.860670266126786032e+02
2.376999999999999946e-01 -2.846845852751894768e+02
2.381999999999999951e-01 -2.833000775496805659e+02
2.386999999999999955e-01 -2.819141033476964253e+02
2.391999999999999960e-01 -2.805261712775707110e+02
2.398000000000000131e-01 -2.791228976706767071e+02
2.403000000000000136e-01 -2.777226340937416467e+02
2.407999999999999863e-01 -2.763231584337169124e+02
2.414000000000000035e-01 -2.749050357739974402e+02
2.419000000000000039e-01 -2.734899009280063638e+02
2.424000000000000044e-01 -2.720666735467826243e+02
2.429000000000000048e-01 -2.706465486395737230e+02
2.434999999999999942e-01 -2.692072817018470801e+02
2.439999999999999947e-01 -2.677706345182187988e+02
2.444999999999999951e-01 -2.663279792897216112e+02
2.449999999999999956e-01 -2.648829805270912630e+02
2.456000000000000127e-01 -2.634233667775900471e+02
2.461000000000000132e-01 -2.619609018592402094e+02
2.466000000000000136e-01 -2.605004109615672405e+02
2.472000000000000031e-01 -2.590225890657428067e+02
2.477000000000000035e-01 -2.575441887062683577e+02
2.482000000000000040e-01 -2.560569995644119103e+02
2.487000000000000044e-01 -2.545714051650421652e+02
2.492999999999999938e-01 -2.530680761414858182e+02
2.497999999999999943e-01 -2.515638578617773078e+02
2.503000000000000225e-01 -2.500588850717705327e+02
2.509000000000000119e-01 -2.485351404847756385e+02
2.514000000000000123e-01 -2.470107353163274411e+02
2.519000000000000128e-01 -2.454771194321940584e+02
2.524000000000000132e-01 -2.439448892257440207e+02
2.530000000000000027e-01 -2.423934574374717101e+02
2.535000000000000031e-01 -2.408412438646893747e+02
2.540000000000000036e-01 -2.392879865572649578e+02
2.545999999999999930e-01 -2.377155684536980687e+02
2.550999999999999934e-01 -2.361438991664342666e+02
2.555999999999999939e-01 -2.345629947849049870e+02
2.560999999999999943e-01 -2.329810710677724046e+02
2.566999999999999837e-01 -2.313791843637149839e+02
2.571999999999999842e-01 -2.297765580096061058e+02
2.576999999999999846e-01 -2.281749324858553791e+02
2.582999999999999741e-01 -2.265512911404954366e+02
2.587999999999999745e-01 -2.249265697572300837e+02
2.592999999999999750e-01 -2.232963524670959998e+02
2.597999999999999754e-01 -2.216633015856947964e+02
2.604000000000000203e-01 -2.200102098849436061e+02
2.609000000000000208e-01 -2.183582581147139479e+02
2.614000000000000212e-01 -2.167050971727228728e+02
2.620000000000000107e-01 -2.150300109720195678e+02
2.625000000000000111e-01 -2.133561521048023053e+02
2.630000000000000115e-01 -2.116727524465921704e+02
2.635000000000000120e-01 -2.099910768682281628e+02
2.641000000000000014e-01 -2.082891247908680725e+02
2.646000000000000019e-01 -2.065866380921685277e+02
2.651000000000000023e-01 -2.048752429364143097e+02
2.656000000000000028e-01 -2.031671424906155039e+02
2.661999999999999922e-01 -2.014371748740877024e+02
2.666999999999999926e-01 -1.997070190378416612e+02
2.671999999999999931e-01 -1.979769593247929720e+02
2.677999999999999825e-01 -1.962264260842105443e+02
2.682999999999999829e-01 -1.944764051147975579e+02
2.687999999999999834e-01 -1.927200481321673635e+02
2.692999999999999838e-01 -1.909659955040843045e+02
2.698999999999999733e-01 -1.891899667675542105e+02
2.703999999999999737e-01 -1.874167846841588130e+02
2.708999999999999742e-01 -1.856427791089798518e+02
2.715000000000000191e-01 -1.838508893065553309e+02
2.720000000000000195e-01 -1.820599373755901524e+02
2.725000000000000200e-01 -1.802637656676779159e+02
2.730000000000000204e-01 -1.784691595849220391e+02
2.736000000000000099e-01 -1.766553325678895021e+02
2.741000000000000103e-01 -1.748430612895420779e+02
2.746000000000000107e-01 -1.730332853449784523e+02
2.752000000000000002e-01 -1.712047520526608650e+02
2.757000000000000006e-01 -1.693802977354119150e+02
2.762000000000000011e-01 -1.675495445803382495e+02
2.767000000000000015e-01 -1.657236443655148719e+02
2.772999999999999909e-01 -1.638795708842821170e+02
2.777999999999999914e-01 -1.620371791523521381e+02
2.782999999999999918e-01 -1.601925318093493900e+02
2.787999999999999923e-01 -1.583534811549546077e+02
2.793999999999999817e-01 -1.564954303434478504e+02
2.798999999999999821e-01 -1.546416482352059916e+02
2.803999999999999826e-01 -1.527934859910780006e+02
2.810000000000000275e-01 -1.509273211830086154e+02
2.814999999999999725e-01 -1.490675696425585102e+02
2.819999999999999729e-01 -1.472058086904458776e+02
2.824999999999999734e-01 -1.453491664273863933e+02
2.831000000000000183e-01 -1.434769655535012305e+02
2.836000000000000187e-01 -1.416120026678586612e+02
2.841000000000000192e-01 -1.397519083538146845e+02
2.847000000000000086e-01 -1.378776713577900068e+02
2.852000000000000091e-01 -1.360104647228476153e+02
2.857000000000000095e-01 -1.341430524918643528e+02
2.862000000000000099e-01 -1.322841634453495772e+02
2.867999999999999994e-01 -1.304095198779212978e+02
2.872999999999999998e-01 -1.285443011480329005e+02
2.878000000000000003e-01 -1.266871215877469297e+02
2.883999999999999897e-01 -1.248166935502559625e+02
2.888999999999999901e-01 -1.229557152269701419e+02
2.893999999999999906e-01 -1.210967900282404628e+02
2.898999999999999910e-01 -1.192469889793352991e+02
2.904999999999999805e-01 -1.173859189647193659e+02
2.909999999999999809e-01 -1.155337578601070021e+02
2.914999999999999813e-01 -1.136927137667866106e+02
2.921000000000000263e-01 -1.118405802825006958e+02
2.926000000000000267e-01 -1.100000175948378001e+02
2.931000000000000272e-01 -1.081628128614772777e+02
2.936000000000000276e-01 -1.063370601096851829e+02
2.942000000000000171e-01 -1.045024542940697216e+02
2.947000000000000175e-01 -1.026795371817539007e+02
2.952000000000000179e-01 -1.008691191515271584e+02
2.958000000000000074e-01 -9.904928099247295847e+01
2.963000000000000078e-01 -9.724375567387215824e+01
2.968000000000000083e-01 -9.544306823827051289e+01
2.973000000000000087e-01 -9.365683563457238847e+01
2.978999999999999981e-01 -9.186344653973756635e+01
2.983999999999999986e-01 -9.008358676513763896e+01
2.988999999999999990e-01 -8.831149669482046249e+01
2.993999999999999995e-01 -8.655387300360048641e+01
2.999999999999999889e-01 -8.479052123309000422e+01
3.004999999999999893e-01 -8.304243634851216882e+01
3.009999999999999898e-01 -8.130910209518850706e+01
3.015999999999999792e-01 -7.957194542149123606e+01
3.020999999999999797e-01 -7.785034036114593903e+01
3.025999999999999801e-01 -7.613833603665642613e+01
3.030999999999999805e-01 -7.444194953147211891e+01
3.037000000000000255e-01 -7.274298607081266255e+01
3.042000000000000259e-01 -7.106113245702697157e+01
3.047000000000000264e-01 -6.939562580501332434e+01
3.053000000000000158e-01 -6.772873148899346063e+01
3.058000000000000163e-01 -6.607897453424658352e+01
3.063000000000000167e-01 -6.444073116783712862e+01
3.068000000000000171e-01 -6.282016140506013357e+01
3.074000000000000066e-01 -6.119939629656438029e+01
3.079000000000000070e-01 -5.959645422103901780e+01
3.084000000000000075e-01 -5.801257167160464689e+01
3.089999999999999969e-01 -5.642878788689236558e+01
3.094999999999999973e-01 -5.486404691892833085e+01
3.099999999999999978e-01 -5.331275311593116584e+01
3.104999999999999982e-01 -5.178043783105074738e+01
3.110999999999999877e-01 -5.024982251348764350e+01
3.115999999999999881e-01 -4.873877599540717398e+01
3.120999999999999885e-01 -4.724209526530116676e+01
3.125999999999999890e-01 -4.576484226307750447e+01
3.131999999999999784e-01 -4.429115367018611238e+01
3.136999999999999789e-01 -4.283769245379030366e+01
3.141999999999999793e-01 -4.140448030667398172e+01
3.148000000000000242e-01 -3.997527629972113772e+01
3.153000000000000247e-01 -3.856675333024788443e+01
3.158000000000000251e-01 -3.717379316929471855e+01
3.163000000000000256e-01 -3.580141270774725371e+01
3.169000000000000150e-01 -3.443437676989091045e+01
3.174000000000000155e-01 -3.308849696583821043e+01
3.179000000000000159e-01 -3.176358615444794609e+01
3.185000000000000053e-01 -3.044494627139766507e+01
3.190000000000000058e-01 -2.914765791987197119e+01
3.195000000000000062e-01 -2.786678851048704786e+01
3.200000000000000067e-01 -2.660732854321142682e+01
3.205999999999999961e-01 -2.535485237016742488e+01
3.210999999999999965e-01 -2.412404131194240975e+01
3.215999999999999970e-01 -2.291509078356617124e+01
3.221999999999999864e-01 -2.171355131408113337e+01
3.226999999999999869e-01 -2.053409591376072285e+01
3.231999999999999873e-01 -1.937178913380447298e+01
3.236999999999999877e-01 -1.823110456548819869e+01
3.242999999999999772e-01 -1.709911292195475596e+01
3.247999999999999776e-01 -1.598894931028934430e+01
3.252999999999999781e-01 -1.490046992766846934e+01
3.259000000000000230e-01 -1.382133130736803928e+01
3.264000000000000234e-01 -1.276392921756997545e+01
3.269000000000000239e-01 -1.172424640891094505e+01
3.274000000000000243e-01 -1.070613705822039563e+01
3.280000000000000138e-01 -9.698023780111778791e+00
3.285000000000000142e-01 -8.711581849766877994e+00
3.290000000000000147e-01 -7.746587391811311285e+00
3.296000000000000041e-01 -6.792050960147459016e+00
3.301000000000000045e-01 -5.859004331260382337e+00
3.306000000000000050e-01 -4.943741908204597024e+00
3.311000000000000054e-01 -4.049714372855738986e+00
3.316999999999999948e-01 -3.166656583733530095e+00
3.321999999999999953e-01 -2.304745775074501069e+00
3.326999999999999957e-01 -1.460529694114110821e+00
3.331999999999999962e-01 -6.373633632787211178e-01
3.337999999999999856e-01 1.747328103557513057e-01
3.342999999999999861e-01 9.659406335930110776e-01
3.347999999999999865e-01 1.736666815505733430e+00
3.353999999999999759e-01 2.495740546855180320e+00
3.358999999999999764e-01 3.234459497745710177e+00
3.363999999999999768e-01 3.955799257383178613e+00
3.368999999999999773e-01 4.657182086696953327e+00
3.375000000000000222e-01 5.346666014516147314e+00
3.380000000000000226e-01 6.016372058389773514e+00
3.385000000000000231e-01 6.666589677056800944e+00
3.391000000000000125e-01 7.304785801398197442e+00
3.396000000000000130e-01 7.923689732423627952e+00
3.401000000000000134e-01 8.525861237435087503e+00
3.406000000000000139e-01 9.109210770945120217e+00
3.412000000000000033e-01 9.680460989734873678e+00
3.417000000000000037e-01 1.023314575005287352e+01
3.422000000000000042e-01 1.076755344470889320e+01
3.427999999999999936e-01 1.128986031155328540e+01
3.432999999999999940e-01 1.179418348663099003e+01
3.437999999999999945e-01 1.228264839514788953e+01
3.442999999999999949e-01 1.275364679659964473e+01
3.448999999999999844e-01 1.321260829942422710e+01
3.453999999999999848e-01 1.365441552707429906e+01
3.458999999999999853e-01 1.408097041859637777e+01
3.463999999999999857e-01 1.449089728026158497e+01
3.469999999999999751e-01 1.488896286573937822e+01
3.474999999999999756e-01 1.527073779525559338e+01
3.479999999999999760e-01 1.563653089877482216e+01
3.486000000000000210e-01 1.599063961697441449e+01
3.491000000000000214e-01 1.632912076425671799e+01
3.496000000000000218e-01 1.665355306525163215e+01
3.501000000000000223e-01 1.696292574734622249e+01
3.507000000000000117e-01 1.726088778938102308e+01
3.512000000000000122e-01 1.754419407625139016e+01
3.517000000000000126e-01 1.781315500560029008e+01
3.523000000000000020e-01 1.807093500689260068e+01
3.528000000000000025e-01 1.831476357822597478e+01
3.533000000000000029e-01 1.854585523370476707e+01
3.538000000000000034e-01 1.876354753821432197e+01
3.543999999999999928e-01 1.897046389582226666e+01
3.548999999999999932e-01 1.916441097489844125e+01
3.553999999999999937e-01 1.934571919968602671e+01
3.559999999999999831e-01 1.951657893054346715e+01
3.564999999999999836e-01 1.967517964478886938e+01
3.569999999999999840e-01 1.982238836787194813e+01
3.574999999999999845e-01 1.995793661455771684e+01
3.580999999999999739e-01 2.008348614487923811e+01
3.585999999999999743e-01 2.019778424518157323e+01
3.590999999999999748e-01 2.030116349572368151e+01
3.597000000000000197e-01 2.039487715052266381e+01
3.602000000000000202e-01 2.047809651496921646e+01
3.607000000000000206e-01 2.055133276943784892e+01
3.612000000000000210e-01 2.061462869634536332e+01
3.618000000000000105e-01 2.066878556857866656e+01
3.623000000000000109e-01 2.071336064372903962e+01
3.628000000000000114e-01 2.074869830449469887e+01
3.634000000000000008e-01 2.077531638282087556e+01
3.639000000000000012e-01 2.079307395400609337e+01
3.644000000000000017e-01 2.080227920938209962e+01
3.649000000000000021e-01 2.080316202993268604e+01
3.654999999999999916e-01 2.079586172632835428e+01
3.659999999999999920e-01 2.078062017341111201e+01
3.664999999999999925e-01 2.075763946987837727e+01
3.669999999999999929e-01 2.072723187301732395e+01
3.675999999999999823e-01 2.068913725451965746e+01
3.680999999999999828e-01 2.064405042091706122e+01
3.685999999999999832e-01 2.059217395332341383e+01
3.691999999999999726e-01 2.053305562077173363e+01
3.696999999999999731e-01 2.046751456147275050e+01
3.701999999999999735e-01 2.039554962982703046e+01
3.706999999999999740e-01 2.031766417612257669e+01
3.713000000000000189e-01 2.023306712917662509e+01
3.718000000000000194e-01 2.014285543848606252e+01
3.723000000000000198e-01 2.004735879954840172e+01
3.729000000000000092e-01 1.994550726603334923e+01
3.734000000000000097e-01 1.983862474960102418e+01
3.739000000000000101e-01 1.972659001872657925e+01
3.744000000000000106e-01 1.960995324238209392e+01
3.750000000000000000e-01 1.948746626458437703e+01
3.755000000000000004e-01 1.936076012824158710e+01
3.760000000000000009e-01 1.923000434598216302e+01
3.765999999999999903e-01 1.909376668484857476e+01
3.770999999999999908e-01 1.895380684444989683e+01
3.775999999999999912e-01 1.880971834040605373e+01
3.780999999999999917e-01 1.866227221633054256e+01
3.786999999999999811e-01 1.850978202821712060e+01
3.791999999999999815e-01 1.835423966066422707e+01
3.796999999999999820e-01 1.819514821493330814e+01
3.801999999999999824e-01 1.803327460968048257e+01
3.808000000000000274e-01 1.786684245709214736e+01
3.812999999999999723e-01 1.769791859131465728e+01
3.817999999999999727e-01 1.752661795252587140e+01
3.824000000000000177e-01 1.735106959629599643e+01
3.829000000000000181e-01 1.717344914814848877e+01
3.834000000000000186e-01 1.699313838993232650e+01
3.839000000000000190e-01 1.681097051686254673e+01
3.845000000000000084e-01 1.662496694042376078e+01
3.850000000000000089e-01 1.643732494767353103e+01
3.855000000000000093e-01 1.624822661945954749e+01
3.860999999999999988e-01 1.605548292463262428e+01
3.865999999999999992e-01 1.586146451757637443e+01
3.870999999999999996e-01 1.566553273375456001e+01
3.876000000000000001e-01 1.546852854768488328e+01
3.881999999999999895e-01 1.526820579818303614e+01
3.886999999999999900e-01 1.506703034784578499e+01
3.891999999999999904e-01 1.486503260790825109e+01
3.897999999999999798e-01 1.465998947345746295e+01
3.902999999999999803e-01 1.445427884070482349e+01
3.907999999999999807e-01 1.424724827464909716e+01
3.912999999999999812e-01 1.403975432967422421e+01
3.919000000000000261e-01 1.382945708180813149e+01
3.924000000000000266e-01 1.361881878254005507e+01
3.929000000000000270e-01 1.340791398974234738e+01
3.935000000000000164e-01 1.319438272619003527e+01
3.940000000000000169e-01 1.298071562127214129e+01
3.945000000000000173e-01 1.276618149316518469e+01
3.950000000000000178e-01 1.255161660618919939e+01
3.956000000000000072e-01 1.233459064000302341e+01
3.961000000000000076e-01 1.211768924533526004e+01
3.966000000000000081e-01 1.190092535384012962e+01
3.971999999999999975e-01 1.168181114306079849e+01
3.976999999999999980e-01 1.146295083253845704e+01
3.981999999999999984e-01 1.124351779741459723e+01
3.986999999999999988e-01 1.102441849758084658e+01
3.992999999999999883e-01 1.080313279099351220e+01
3.997999999999999887e-01 1.058223328634782945e+01
4.002999999999999892e-01 1.036088284552878314e+01
4.007999999999999896e-01 1.014002589762267093e+01
4.013999999999999790e-01 9.917050311726638867e+00
4.018999999999999795e-01 9.694623404256050847e+00
4.023999999999999799e-01 9.472718191778263019e+00
4.030000000000000249e-01 9.248771954599327216e+00
4.035000000000000253e-01 9.025426087766309280e+00
4.040000000000000258e-01 8.801827012231719038e+00
4.045000000000000262e-01 8.578833022152590360e+00
4.051000000000000156e-01 8.353891785854798968e+00
4.056000000000000161e-01 8.129591124853073225e+00
4.061000000000000165e-01 7.905958408296712925e+00
4.067000000000000060e-01 7.680414452143392801e+00
4.072000000000000064e-01 7.455539741893262295e+00
4.077000000000000068e-01 7.230504683807182253e+00
4.082000000000000073e-01 7.006166306475940075e+00
4.087999999999999967e-01 6.779942703899124901e+00
4.092999999999999972e-01 6.554432434241197036e+00
4.097999999999999976e-01 6.329653687874075452e+00
4.103999999999999870e-01 6.102982802169089283e+00
4.108999999999999875e-01 5.877045833968985278e+00
4.113999999999999879e-01 5.650980587500121111e+00
4.118999999999999884e-01 5.425649924283853842e+00
4.124999999999999778e-01 5.198420303263962872e+00
4.129999999999999782e-01 4.971943894471655412e+00
4.134999999999999787e-01 4.745321134973121247e+00
4.139999999999999791e-01 4.519455566502239563e+00
4.146000000000000241e-01 4.291687340577570176e+00
4.151000000000000245e-01 4.064652557889972151e+00
4.156000000000000250e-01 3.838375431005859983e+00
4.162000000000000144e-01 3.610184647549104398e+00
4.167000000000000148e-01 3.382731215567733596e+00
4.172000000000000153e-01 3.155129598073856734e+00
4.177000000000000157e-01 2.928253010392177114e+00
4.183000000000000052e-01 2.699468316707975823e+00
4.188000000000000056e-01 2.471397023860985254e+00
4.193000000000000060e-01 2.244065696118412667e+00
4.198999999999999955e-01 2.014797093201331712e+00
4.203999999999999959e-01 1.786241220627758253e+00
4.208999999999999964e-01 1.557518394432311437e+00
4.213999999999999968e-01 1.329515652270298220e+00
4.219999999999999862e-01 1.099569324638277834e+00
4.224999999999999867e-01 8.703332897412612290e-01
4.229999999999999871e-01 6.418104297582204465e-01
4.235999999999999766e-01 4.113329880565946284e-01
4.240999999999999770e-01 1.815648835923879545e-01
4.245999999999999774e-01 -4.838033681713529988e-02
4.250999999999999779e-01 -2.776173870586707282e-01
4.257000000000000228e-01 -5.088128240143084957e-01
4.262000000000000233e-01 -7.393041197315765034e-01
4.267000000000000237e-01 -9.690057061918461168e-01
4.273000000000000131e-01 -1.200736441735029025e+00
4.278000000000000136e-01 -1.431730754900805369e+00
4.283000000000000140e-01 -1.662910256449366075e+00
4.288000000000000145e-01 -1.893346035043841802e+00
4.294000000000000039e-01 -2.125716934899600563e+00
4.299000000000000044e-01 -2.357335761095047832e+00
4.304000000000000048e-01 -2.588222383106634883e+00
4.309999999999999942e-01 -2.821027741003105493e+00
4.314999999999999947e-01 -3.053110271481283888e+00
4.319999999999999951e-01 -3.285260796218907764e+00
4.324999999999999956e-01 -3.516663658731960851e+00
4.330999999999999850e-01 -3.749949387653443988e+00
4.335999999999999854e-01 -3.982448196400382390e+00
4.340999999999999859e-01 -4.215025051525447708e+00
4.345999999999999863e-01 -4.446780953568084449e+00
4.351999999999999758e-01 -4.680341463188032236e+00
4.356999999999999762e-01 -4.913101947288084581e+00
4.361999999999999766e-01 -5.145023885990027246e+00
4.368000000000000216e-01 -5.378681813894259811e+00
4.373000000000000220e-01 -5.611414089292741991e+00
4.378000000000000225e-01 -5.844198442869246612e+00
4.383000000000000229e-01 -6.076012586407915528e+00
4.389000000000000123e-01 -6.309551796445751037e+00
4.394000000000000128e-01 -6.542191506469038131e+00
4.399000000000000132e-01 -6.773750504138205564e+00
4.405000000000000027e-01 -7.007021361367259615e+00
4.410000000000000031e-01 -7.239213622187511632e+00
4.415000000000000036e-01 -7.471326871299809547e+00
4.420000000000000040e-01 -7.702296991649414615e+00
4.425999999999999934e-01 -7.934813413032253848e+00
4.430999999999999939e-01 -8.166227963602375794e+00
4.435999999999999943e-01 -8.396511913898848434e+00
4.441999999999999837e-01 -8.628191890711219614e+00
4.446999999999999842e-01 -8.858720003559417577e+00
4.451999999999999846e-01 -9.088947869938747814e+00
4.456999999999999851e-01 -9.317851816483800675e+00
4.462999999999999745e-01 -9.548070156364651950e+00
4.467999999999999750e-01 -9.777051077732943796e+00
4.472999999999999754e-01 -1.000458876257660101e+01
4.479000000000000203e-01 -1.023339874666497096e+01
4.484000000000000208e-01 -1.046085222744105891e+01
4.489000000000000212e-01 -1.068772087628114598e+01
4.494000000000000217e-01 -1.091305716227815736e+01
4.500000000000000111e-01 -1.113954431309569593e+01
4.505000000000000115e-01 -1.136443240539826327e+01
4.510000000000000120e-01 -1.158863461364614622e+01
4.515000000000000124e-01 -1.181129100123708753e+01
4.521000000000000019e-01 -1.203480658645258750e+01
4.526000000000000023e-01 -1.225664129315190998e+01
4.531000000000000028e-01 -1.247679112542674140e+01
4.536999999999999922e-01 -1.269771408905667798e+01
4.541999999999999926e-01 -1.291689190286363953e+01
4.546999999999999931e-01 -1.313502683261591919e+01
4.551999999999999935e-01 -1.335129066434987344e+01
4.557999999999999829e-01 -1.356828602250791960e+01
4.562999999999999834e-01 -1.378323300437888044e+01
4.567999999999999838e-01 -1.399623653687098646e+01
4.573999999999999733e-01 -1.420979455932849511e+01
4.578999999999999737e-01 -1.442122557299935259e+01
4.583999999999999742e-01 -1.463140259815132005e+01
4.588999999999999746e-01 -1.483935970309400787e+01
4.595000000000000195e-01 -1.504767960517424719e+01
4.600000000000000200e-01 -1.525388928536054145e+01
4.605000000000000204e-01 -1.545783278286844009e+01
4.611000000000000099e-01 -1.566183955871743194e+01
4.616000000000000103e-01 -1.586351856642089153e+01
4.621000000000000107e-01 -1.606368535084454763e+01
4.626000000000000112e-01 -1.626144106435624437e+01
4.632000000000000006e-01 -1.645896952260750723e+01
4.637000000000000011e-01 -1.665421559391075945e+01
4.642000000000000015e-01 -1.684695574758720227e+01
4.647999999999999909e-01 -1.703941979150621933e+01
4.652999999999999914e-01 -1.722924281930161783e+01
4.657999999999999918e-01 -1.741725389921570155e+01
4.662999999999999923e-01 -1.760265829418756311e+01
4.668999999999999817e-01 -1.778756436911251981e+01
4.673999999999999821e-01 -1.796977682292189371e+01
4.678999999999999826e-01 -1.815006064752943615e+01
4.683999999999999830e-01 -1.832741982112343848e+01
4.689999999999999725e-01 -1.850414055492133869e+01
4.694999999999999729e-01 -1.867798851579298258e+01
4.699999999999999734e-01 -1.884898026195098453e+01
4.706000000000000183e-01 -1.901907687238791667e+01
4.711000000000000187e-01 -1.918641936638117684e+01
4.716000000000000192e-01 -1.935124379964491936e+01
4.721000000000000196e-01 -1.951313779792515035e+01
4.727000000000000091e-01 -1.967390407186759305e+01
4.732000000000000095e-01 -1.983164023547340804e+01
4.737000000000000099e-01 -1.998633420936939586e+01
4.742999999999999994e-01 -2.013973973935987161e+01
4.747999999999999998e-01 -2.028991629430948507e+01
4.753000000000000003e-01 -2.043769463746041382e+01
4.758000000000000007e-01 -2.058222123748733523e+01
4.763999999999999901e-01 -2.072518930941087234e+01
4.768999999999999906e-01 -2.086507238577414469e+01
4.773999999999999910e-01 -2.100155907858355420e+01
4.779999999999999805e-01 -2.113661399963852716e+01
4.784999999999999809e-01 -2.126824624119552354e+01
4.789999999999999813e-01 -2.139695989154482092e+01
4.794999999999999818e-01 -2.152242255545084149e+01
4.801000000000000267e-01 -2.164607600673092236e+01
4.806000000000000272e-01 -2.176645141635191649e+01
4.811000000000000276e-01 -2.188338129935885590e+01
4.817000000000000171e-01 -2.199808942994408412e+01
4.822000000000000175e-01 -2.210967976403048851e+01
4.827000000000000179e-01 -2.221801915642981484e+01
4.832000000000000184e-01 -2.232320571305380952e+01
4.838000000000000078e-01 -2.242583037562643256e+01
4.843000000000000083e-01 -2.252534461408630762e+01
4.848000000000000087e-01 -2.262163605837747582e+01
4.853000000000000091e-01 -2.271440955662758299e+01
4.858999999999999986e-01 -2.280480684846299511e+01
4.863999999999999990e-01 -2.289166663484955677e+01
4.868999999999999995e-01 -2.297513987992191176e+01
4.874999999999999889e-01 -2.305599780170065216e+01
4.879999999999999893e-01 -2.313344923141358578e+01
4.884999999999999898e-01 -2.320760399461108392e+01
4.889999999999999902e-01 -2.327841856856165847e+01
4.895999999999999797e-01 -2.334642796137143961e+01
4.900999999999999801e-01 -2.341103008078887271e+01
4.905999999999999805e-01 -2.347189038456687626e+01
4.912000000000000255e-01 -2.353026872577261841e+01
4.917000000000000259e-01 -2.358482752386713699e+01
4.922000000000000264e-01 -2.363647134756730495e+01
4.927000000000000268e-01 -2.368432326136256805e+01
4.933000000000000163e-01 -2.372940161865575703e+01
4.938000000000000167e-01 -2.377092643397193683e+01
4.943000000000000171e-01 -2.380915493226600077e+01
4.949000000000000066e-01 -2.384429263239608332e+01
4.954000000000000070e-01 -2.387585816370294722e+01
4.959000000000000075e-01 -2.390433459915643866e+01
4.964000000000000079e-01 -2.392933859163586874e+01
4.969999999999999973e-01 -2.395111464122453881e+01
4.974999999999999978e-01 -2.396965116656400241e+01
4.979999999999999982e-01 -2.398485163117395658e+01
4.984999999999999987e-01 -2.399688485988877673e+01
4.990999999999999881e-01 -2.400563126444974671e+01
4.995999999999999885e-01 -2.401099939270486061e+01
5.000999999999999890e-01 -2.401306050186259355e+01
5.007000000000000339e-01 -2.401197209864496074e+01
5.011999999999999789e-01 -2.400763064430321236e+01
5.017000000000000348e-01 -2.399999722198820251e+01
5.021999999999999797e-01 -2.398933381848276625e+01
5.028000000000000247e-01 -2.397532723512668440e+01
5.032999999999999696e-01 -2.395814646210545007e+01
5.038000000000000256e-01 -2.393800153312089307e+01
5.043999999999999595e-01 -2.391453108125669758e+01
5.049000000000000155e-01 -2.388815049352112396e+01
5.053999999999999604e-01 -2.385839215248125811e+01
5.059000000000000163e-01 -2.382586293212419548e+01
5.064999999999999503e-01 -2.378994824999200119e+01
5.070000000000000062e-01 -2.375129164216448885e+01
5.074999999999999512e-01 -2.370972105279777153e+01
5.080999999999999961e-01 -2.366477018600798843e+01
5.086000000000000520e-01 -2.361697711175577652e+01
5.090999999999999970e-01 -2.356645766051114776e+01
5.096000000000000529e-01 -2.351316323482893722e+01
5.101999999999999869e-01 -2.345654098726908998e+01
5.107000000000000428e-01 -2.339743894194649343e+01
5.111999999999999877e-01 -2.333578027854590431e+01
5.118000000000000327e-01 -2.327074818765613884e+01
5.122999999999999776e-01 -2.320341918584139052e+01
5.128000000000000336e-01 -2.313333138985793269e+01
5.132999999999999785e-01 -2.306082818574569515e+01
5.139000000000000234e-01 -2.298509226476940981e+01
5.143999999999999684e-01 -2.290720448623446259e+01
5.149000000000000243e-01 -2.282669786428240144e+01
5.153999999999999693e-01 -2.274399810786398390e+01
5.160000000000000142e-01 -2.265833566985353187e+01
5.164999999999999591e-01 -2.257055120448436014e+01
5.170000000000000151e-01 -2.248069456292950008e+01
5.175999999999999490e-01 -2.238794157543068408e+01
5.181000000000000050e-01 -2.229321384350070545e+01
5.185999999999999499e-01 -2.219621218113791628e+01
5.191000000000000059e-01 -2.209733733102113717e+01
5.197000000000000508e-01 -2.199569364219706458e+01
5.201999999999999957e-01 -2.189230993081271137e+01
5.207000000000000517e-01 -2.178745160787637758e+01
5.212999999999999856e-01 -2.167969603829535430e+01
5.218000000000000416e-01 -2.157037746891566243e+01
5.222999999999999865e-01 -2.145914132864706758e+01
5.228000000000000425e-01 -2.134661539122677709e+01
5.233999999999999764e-01 -2.123137247699412100e+01
5.239000000000000323e-01 -2.111479487891165263e+01
5.243999999999999773e-01 -2.099718230634837113e+01
5.250000000000000222e-01 -2.087689980133547252e+01
5.254999999999999671e-01 -2.075546714539377291e+01
5.260000000000000231e-01 -2.063270699364406369e+01
5.264999999999999680e-01 -2.050887634656698921e+01
5.271000000000000130e-01 -2.038263165857159365e+01
5.275999999999999579e-01 -2.025567226057986758e+01
5.281000000000000139e-01 -2.012786131548235602e+01
5.286999999999999478e-01 -1.999777455470923115e+01
5.292000000000000037e-01 -1.986714856550980812e+01
5.296999999999999487e-01 -1.973532234751687753e+01
5.302000000000000046e-01 -1.960309126959264603e+01
5.308000000000000496e-01 -1.946859238966366590e+01
5.312999999999999945e-01 -1.933382923262708886e+01
5.318000000000000504e-01 -1.919828117408732027e+01
5.322999999999999954e-01 -1.906239882818026388e+01
5.329000000000000403e-01 -1.892460551217822129e+01
5.333999999999999853e-01 -1.878661743641679038e+01
5.339000000000000412e-01 -1.864856107351490877e+01
5.344999999999999751e-01 -1.850886554881129697e+01
5.350000000000000311e-01 -1.836928532817493220e+01
5.354999999999999760e-01 -1.822917801478231326e+01
5.360000000000000320e-01 -1.808909182139268168e+01
5.365999999999999659e-01 -1.794772237674280646e+01
5.371000000000000218e-01 -1.780654428088942964e+01
5.375999999999999668e-01 -1.766561265673984238e+01
5.382000000000000117e-01 -1.752351083432983003e+01
5.386999999999999567e-01 -1.738175699378299655e+01
5.392000000000000126e-01 -1.724005104303140001e+01
5.396999999999999575e-01 -1.709885180636076285e+01
5.403000000000000025e-01 -1.695650443724547429e+01
5.407999999999999474e-01 -1.681478118813317835e+01
5.413000000000000034e-01 -1.667385338642761283e+01
5.419000000000000483e-01 -1.653216159715232791e+01
5.423999999999999932e-01 -1.639117593637744719e+01
5.429000000000000492e-01 -1.625034515127325818e+01
5.433999999999999941e-01 -1.611066185088941083e+01
5.440000000000000391e-01 -1.597024735468795953e+01
5.444999999999999840e-01 -1.583081109122427499e+01
5.450000000000000400e-01 -1.569237736383188775e+01
5.455999999999999739e-01 -1.555355084566278379e+01
5.461000000000000298e-01 -1.541582446935090367e+01
5.465999999999999748e-01 -1.527885243490757361e+01
5.471000000000000307e-01 -1.514293184366586864e+01
5.476999999999999647e-01 -1.500698790843389219e+01
5.482000000000000206e-01 -1.487215786847684917e+01
5.486999999999999655e-01 -1.473878679665967084e+01
5.493000000000000105e-01 -1.460523775079547271e+01
5.497999999999999554e-01 -1.447311935726192900e+01
5.503000000000000114e-01 -1.434201907967369927e+01
5.507999999999999563e-01 -1.421244066840455922e+01
5.514000000000000012e-01 -1.408289079415516909e+01
5.518999999999999462e-01 -1.395500234850294063e+01
5.524000000000000021e-01 -1.382821648257729485e+01
5.528999999999999471e-01 -1.370303951630608275e+01
5.534999999999999920e-01 -1.357805733929026637e+01
5.540000000000000480e-01 -1.345489681258973924e+01
5.544999999999999929e-01 -1.333347192901569223e+01
5.551000000000000378e-01 -1.321230329540741799e+01
5.555999999999999828e-01 -1.309293683540380471e+01
5.561000000000000387e-01 -1.297489180451128377e+01
5.565999999999999837e-01 -1.285879574844128470e+01
5.572000000000000286e-01 -1.274312775707762668e+01
5.576999999999999735e-01 -1.262938831739279877e+01
5.582000000000000295e-01 -1.251744192474111550e+01
5.587999999999999634e-01 -1.240614781214527440e+01
5.593000000000000194e-01 -1.229681055510267562e+01
5.597999999999999643e-01 -1.218888993587273895e+01
5.603000000000000203e-01 -1.208298290870612846e+01
5.608999999999999542e-01 -1.197771589440648299e+01
5.614000000000000101e-01 -1.187446627804682286e+01
5.618999999999999551e-01 -1.177317148132259206e+01
5.625000000000000000e-01 -1.167261048591970685e+01
5.629999999999999449e-01 -1.157408756523194704e+01
5.635000000000000009e-01 -1.147716396919107140e+01
5.639999999999999458e-01 -1.138221347997925648e+01
5.645999999999999908e-01 -1.128804331332806044e+01
5.651000000000000467e-01 -1.119593612011209594e+01
5.655999999999999917e-01 -1.110567892229901688e+01
5.662000000000000366e-01 -1.101646255413505848e+01
5.666999999999999815e-01 -1.092911188852699489e+01
5.672000000000000375e-01 -1.084337182583457704e+01
5.676999999999999824e-01 -1.075958543785019650e+01
5.683000000000000274e-01 -1.067673640186219686e+01
5.687999999999999723e-01 -1.059584476805403064e+01
5.693000000000000282e-01 -1.051644011989447414e+01
5.697999999999999732e-01 -1.043902202583884176e+01
5.704000000000000181e-01 -1.036248740594538020e+01
5.708999999999999631e-01 -1.028780611997316363e+01
5.714000000000000190e-01 -1.021489943414272794e+01
5.719999999999999529e-01 -1.014295677704908272e+01
5.725000000000000089e-01 -1.007282032588314458e+01
5.729999999999999538e-01 -1.000421541380621626e+01
5.735000000000000098e-01 -9.937332717576431662e+00
5.741000000000000547e-01 -9.871324644641321200e+00
5.745999999999999996e-01 -9.807000181767428160e+00
5.750999999999999446e-01 -9.744274802001154256e+00
5.756999999999999895e-01 -9.682477624174380182e+00
5.762000000000000455e-01 -9.622290120662917445e+00
5.766999999999999904e-01 -9.563375544713986542e+00
5.772000000000000464e-01 -9.505990370098473363e+00
5.777999999999999803e-01 -9.449467094228579001e+00
5.783000000000000362e-01 -9.394428738462325512e+00
5.787999999999999812e-01 -9.340742874456349654e+00
5.794000000000000261e-01 -9.287778113945522662e+00
5.798999999999999710e-01 -9.236274485651064126e+00
5.804000000000000270e-01 -9.185820118176859950e+00
5.808999999999999719e-01 -9.136531727103861300e+00
5.815000000000000169e-01 -9.087969278991087307e+00
5.819999999999999618e-01 -9.040611375298148289e+00
5.825000000000000178e-01 -8.994246665728550028e+00
5.829999999999999627e-01 -8.948930506973640675e+00
5.836000000000000076e-01 -8.904197035017501705e+00
5.840999999999999526e-01 -8.860488055789975448e+00
5.846000000000000085e-01 -8.817678001045587521e+00
5.852000000000000535e-01 -8.775357161161556618e+00
5.856999999999999984e-01 -8.733938694963701010e+00
5.862000000000000544e-01 -8.693230005486041634e+00
5.866999999999999993e-01 -8.653250756164627688e+00
5.873000000000000442e-01 -8.613663000426019067e+00
5.877999999999999892e-01 -8.574649983431196887e+00
5.883000000000000451e-01 -8.536384380193013044e+00
5.888999999999999790e-01 -8.498336128986663240e+00
5.894000000000000350e-01 -8.460874108894721246e+00
5.898999999999999799e-01 -8.423714526524705093e+00
5.904000000000000359e-01 -8.387058883416669275e+00
5.909999999999999698e-01 -8.350486138504869871e+00
5.915000000000000258e-01 -8.314272799506596812e+00
5.919999999999999707e-01 -8.278400023885881254e+00
5.926000000000000156e-01 -8.242505547524020315e+00
5.930999999999999606e-01 -8.206781866430352679e+00
5.936000000000000165e-01 -8.171158394038252837e+00
5.940999999999999615e-01 -8.135778700346982362e+00
5.947000000000000064e-01 -8.100125304152276939e+00
5.951999999999999513e-01 -8.064559078002199399e+00
5.957000000000000073e-01 -8.029034212268665982e+00
5.963000000000000522e-01 -7.993094211169180952e+00
5.967999999999999972e-01 -7.957176318276821370e+00
5.973000000000000531e-01 -7.921046126796916553e+00
5.977999999999999980e-01 -7.884791578975147708e+00
5.984000000000000430e-01 -7.848032169851077988e+00
5.988999999999999879e-01 -7.810990418963376314e+00
5.994000000000000439e-01 -7.773696981014606600e+00
5.998999999999999888e-01 -7.736143863185076519e+00
6.005000000000000338e-01 -7.697891157235750015e+00
6.009999999999999787e-01 -7.659291397510372690e+00
6.015000000000000346e-01 -7.620378625641079928e+00
6.020999999999999686e-01 -7.580605750406346210e+00
6.026000000000000245e-01 -7.540433718152763198e+00
6.030999999999999694e-01 -7.499698364122572514e+00
6.036000000000000254e-01 -7.458504822381623711e+00
6.041999999999999593e-01 -7.416298082076160370e+00
6.047000000000000153e-01 -7.373594287453765439e+00
6.051999999999999602e-01 -7.330419512059894949e+00
6.058000000000000052e-01 -7.286116321216564273e+00
6.062999999999999501e-01 -7.241220883040951684e+00
6.068000000000000060e-01 -7.195572818760629374e+00
6.072999999999999510e-01 -7.149327877518737218e+00
6.078999999999999959e-01 -7.101922979949854664e+00
6.084000000000000519e-01 -7.053778472207052452e+00
6.088999999999999968e-01 -7.005067170766955620e+00
6.095000000000000417e-01 -6.955030149296224984e+00
6.099999999999999867e-01 -6.904345719731446174e+00
6.105000000000000426e-01 -6.852779455360386685e+00
6.109999999999999876e-01 -6.800501564928572940e+00
6.116000000000000325e-01 -6.746847486026063656e+00
6.120999999999999774e-01 -6.692510757873738392e+00
6.126000000000000334e-01 -6.637452587524297343e+00
6.131999999999999673e-01 -6.580942930544073199e+00
6.137000000000000233e-01 -6.523778738610481298e+00
6.141999999999999682e-01 -6.465657709000332432e+00
6.147000000000000242e-01 -6.406818063728780821e+00
6.152999999999999581e-01 -6.346538745406565596e+00
6.158000000000000140e-01 -6.285529643358948704e+00
6.162999999999999590e-01 -6.223852028351847920e+00
6.169000000000000039e-01 -6.160714792840220611e+00
6.173999999999999488e-01 -6.096903554528501523e+00
6.179000000000000048e-01 -6.032135217719974740e+00
6.183999999999999497e-01 -5.966745509415741111e+00
6.189999999999999947e-01 -5.899893294763779217e+00
6.195000000000000506e-01 -5.832396215905226278e+00
6.199999999999999956e-01 -5.763991690713915261e+00
6.205000000000000515e-01 -5.695016048565714861e+00
6.210999999999999854e-01 -5.624660246117217710e+00
6.216000000000000414e-01 -5.553712396279020247e+00
6.220999999999999863e-01 -5.482190950583556877e+00
6.227000000000000313e-01 -5.409338174962122103e+00
6.231999999999999762e-01 -5.335974759975573356e+00
6.237000000000000322e-01 -5.261862269681278903e+00
6.241999999999999771e-01 -5.187370900628392789e+00
6.248000000000000220e-01 -5.111505900619169651e+00
6.252999999999999670e-01 -5.035286201623304869e+00
6.258000000000000229e-01 -4.958690836775526911e+00
6.263999999999999568e-01 -4.880901166045757300e+00
6.269000000000000128e-01 -4.802798249737491254e+00
6.273999999999999577e-01 -4.724139353748011416e+00
6.279000000000000137e-01 -4.645275168899028806e+00
6.284999999999999476e-01 -4.565273347326925801e+00
6.290000000000000036e-01 -4.485153819492180283e+00
6.294999999999999485e-01 -4.404894897679425547e+00
6.300999999999999934e-01 -4.323633381316567714e+00
6.306000000000000494e-01 -4.242311610110079734e+00
6.310999999999999943e-01 -4.160698812844251471e+00
6.316000000000000503e-01 -4.079152418752818754e+00
6.321999999999999842e-01 -3.996675960362620295e+00
6.327000000000000401e-01 -3.914347968973452385e+00
6.331999999999999851e-01 -3.832210070690026615e+00
6.338000000000000300e-01 -3.749302284782662475e+00
6.342999999999999750e-01 -3.666645218085750724e+00
6.348000000000000309e-01 -3.583943844190459860e+00
6.352999999999999758e-01 -3.501589278397029936e+00
6.359000000000000208e-01 -3.418644577629653458e+00
6.363999999999999657e-01 -3.336133406695378056e+00
6.369000000000000217e-01 -3.253746902503383609e+00
6.373999999999999666e-01 -3.171912955084974950e+00
6.380000000000000115e-01 -3.089631056442837753e+00
6.384999999999999565e-01 -3.007963989972769259e+00
6.390000000000000124e-01 -2.926911202007525858e+00
6.395999999999999464e-01 -2.845631378899978081e+00
6.401000000000000023e-01 -2.765059327008139167e+00
6.405999999999999472e-01 -2.684918617211696557e+00
6.411000000000000032e-01 -2.605613744106466623e+00
6.417000000000000481e-01 -2.526235475887569581e+00
6.421999999999999931e-01 -2.447700290828750624e+00
6.427000000000000490e-01 -2.370144764451481922e+00
6.432999999999999829e-01 -2.292641990278301733e+00
6.438000000000000389e-01 -2.216157057428900679e+00
6.442999999999999838e-01 -2.140409724624869892e+00
6.448000000000000398e-01 -2.065754321695761675e+00
6.453999999999999737e-01 -1.991349633002833963e+00
6.459000000000000297e-01 -1.918130178512930550e+00
6.463999999999999746e-01 -1.846074096139022069e+00
6.470000000000000195e-01 -1.774413072539507752e+00
6.474999999999999645e-01 -1.704018841329405509e+00
6.480000000000000204e-01 -1.634650537681835436e+00
6.484999999999999654e-01 -1.566607658809821002e+00
6.491000000000000103e-01 -1.499134391297684221e+00
6.495999999999999552e-01 -1.433026847148649363e+00
6.501000000000000112e-01 -1.368102908785537197e+00
6.505999999999999561e-01 -1.304588941562992765e+00
6.512000000000000011e-01 -1.241809417662557591e+00
6.516999999999999460e-01 -1.180534659071397652e+00
6.522000000000000020e-01 -1.120748431569480896e+00
6.528000000000000469e-01 -1.061787811501635703e+00
6.532999999999999918e-01 -1.004370395005870442e+00
6.538000000000000478e-01 -9.483153495351177575e-01
6.542999999999999927e-01 -8.938443041083214968e-01
6.549000000000000377e-01 -8.403343948577154388e-01
6.553999999999999826e-01 -7.884626740338497308e-01
6.559000000000000385e-01 -7.381736446073077218e-01
6.564999999999999725e-01 -6.889411338893095538e-01
6.570000000000000284e-01 -6.413298479170913557e-01
6.574999999999999734e-01 -5.952152372979871986e-01
6.580000000000000293e-01 -5.507492661581393500e-01
6.585999999999999632e-01 -5.073698537363353633e-01
6.591000000000000192e-01 -4.656977068984970436e-01
6.595999999999999641e-01 -4.256810706652358611e-01
6.602000000000000091e-01 -3.870151088947204054e-01
6.606999999999999540e-01 -3.498753531738378331e-01
6.612000000000000099e-01 -3.139650528502324067e-01
6.616999999999999549e-01 -2.798882284348011007e-01
6.622999999999999998e-01 -2.470510403135935118e-01
6.627999999999999448e-01 -2.158228007195023834e-01
6.633000000000000007e-01 -1.862020859417236329e-01
6.639000000000000457e-01 -1.578246982968875556e-01
6.643999999999999906e-01 -1.310223688168205836e-01
6.649000000000000465e-01 -1.056716683117403244e-01
6.653999999999999915e-01 -8.184366398470604986e-02
6.660000000000000364e-01 -5.926117741560425756e-02
6.664999999999999813e-01 -3.817022470110523202e-02
6.670000000000000373e-01 -1.846083139440302459e-02
6.674999999999999822e-01 -1.797539493706273037e-04
6.681000000000000272e-01 1.689357845343321396e-02
6.685999999999999721e-01 3.258566456175722437e-02
6.691000000000000281e-01 4.693751929409791662e-02
6.696999999999999620e-01 6.013080784878713225e-02
6.702000000000000179e-01 7.203991140561964712e-02
6.706999999999999629e-01 8.274678020154144220e-02
6.712000000000000188e-01 9.225178722446897295e-02
6.717999999999999527e-01 1.006829294559698634e-01
6.723000000000000087e-01 1.079861867254131441e-01
6.727999999999999536e-01 1.142032009371490714e-01
6.733999999999999986e-01 1.194374607628340551e-01
6.739000000000000545e-01 1.236615702870650368e-01
6.743999999999999995e-01 1.269425609957019196e-01
6.749000000000000554e-01 1.293126240283845041e-01
6.754999999999999893e-01 1.308326033693332779e-01
6.760000000000000453e-01 1.315307477905810207e-01
6.764999999999999902e-01 1.314629077846260485e-01
6.771000000000000352e-01 1.306631207784972881e-01
6.775999999999999801e-01 1.291875580467356510e-01
6.781000000000000361e-01 1.270850620118865182e-01
6.785999999999999810e-01 1.244140852009498477e-01
6.792000000000000259e-01 1.211867106251286602e-01
6.796999999999999709e-01 1.174986001935234836e-01
6.802000000000000268e-01 1.133932922274225735e-01
6.807999999999999607e-01 1.088813446601399060e-01
6.813000000000000167e-01 1.040601299911715488e-01
6.817999999999999616e-01 9.897202839724233980e-02
6.823000000000000176e-01 9.368639314082111147e-02
6.828999999999999515e-01 8.819765140483080967e-02
6.834000000000000075e-01 8.261842238447510145e-02
6.838999999999999524e-01 7.700908869929880274e-02
6.844999999999999973e-01 7.135260502670418004e-02
6.850000000000000533e-01 6.577508625647882079e-02
6.854999999999999982e-01 6.030579650660919389e-02
6.860000000000000542e-01 5.501758175044865751e-02
6.865999999999999881e-01 4.991113595857006591e-02
6.871000000000000441e-01 4.509464921508399282e-02
6.875999999999999890e-01 4.060341468101695550e-02
6.881000000000000449e-01 3.650563565764910340e-02
6.886999999999999789e-01 3.280958629582324260e-02
6.892000000000000348e-01 2.961296925563326049e-02
6.896999999999999797e-01 2.695963170561305536e-02
6.903000000000000247e-01 2.487730629100378538e-02
6.907999999999999696e-01 2.344019079937433719e-02
6.913000000000000256e-01 2.268923476091061486e-02
6.917999999999999705e-01 2.267145451613280724e-02
6.924000000000000155e-01 2.344159234191054569e-02
6.928999999999999604e-01 2.503983639418424015e-02
6.934000000000000163e-01 2.749912261947536074e-02
6.939999999999999503e-01 3.090443183321580842e-02
6.945000000000000062e-01 3.525869046372043930e-02
6.949999999999999512e-01 4.061692303488423361e-02
6.955000000000000071e-01 4.699213935272006371e-02
6.961000000000000520e-01 5.450598535230317260e-02
6.965999999999999970e-01 6.311376872043156228e-02
6.971000000000000529e-01 7.283521371835777192e-02
6.976999999999999869e-01 8.383567755208322370e-02
6.982000000000000428e-01 9.601184939373312577e-02
6.986999999999999877e-01 1.094465082057125144e-01
6.992000000000000437e-01 1.240991681866428081e-01
6.997999999999999776e-01 1.401908664672431026e-01
7.003000000000000336e-01 1.575523108370978920e-01
7.007999999999999785e-01 1.761927597870600326e-01
7.014000000000000234e-01 1.963687532440493433e-01
7.018999999999999684e-01 2.178665657686394974e-01
7.024000000000000243e-01 2.407796797510529663e-01
7.028999999999999693e-01 2.650217145956104137e-01
7.035000000000000142e-01 2.909108120893489358e-01
7.039999999999999591e-01 3.181477608780414745e-01
7.045000000000000151e-01 3.468487560448609286e-01
7.049999999999999600e-01 3.768936839823916474e-01
7.056000000000000050e-01 4.086520246472593043e-01
7.060999999999999499e-01 4.417631125703316841e-01
7.066000000000000059e-01 4.762048651416342371e-01
7.072000000000000508e-01 5.123879637695905043e-01
7.076999999999999957e-01 5.498946111004600068e-01
7.082000000000000517e-01 5.888520729188232439e-01
7.086999999999999966e-01 6.290906171025915095e-01
7.093000000000000416e-01 6.710779066695735651e-01
7.097999999999999865e-01 7.143161858457073299e-01
7.103000000000000425e-01 7.587683343671460801e-01
7.108999999999999764e-01 8.049473760432397373e-01
7.114000000000000323e-01 8.523009160396254336e-01
7.118999999999999773e-01 9.009711082000608773e-01
7.124000000000000332e-01 9.507444193589785764e-01
7.129999999999999671e-01 1.002172011291157627e+00
7.135000000000000231e-01 1.054638629465565636e+00
7.139999999999999680e-01 1.108083735334069786e+00
7.146000000000000130e-01 1.163109454151796562e+00
7.150999999999999579e-01 1.219042312827669505e+00
7.156000000000000139e-01 1.276046127995694057e+00
7.160999999999999588e-01 1.333848013000987764e+00
7.167000000000000037e-01 1.393091558241004835e+00
7.171999999999999487e-01 1.453034987805784661e+00
7.177000000000000046e-01 1.513620067588718809e+00
7.183000000000000496e-01 1.575511974361772038e+00
7.187999999999999945e-01 1.637927531352978194e+00
7.193000000000000504e-01 1.701055697000386280e+00
7.197999999999999954e-01 1.764587610141346019e+00
7.204000000000000403e-01 1.829203460049729113e+00
7.208999999999999853e-01 1.894092080640726872e+00
7.214000000000000412e-01 1.959437286698863190e+00
7.218999999999999861e-01 2.024922229423741893e+00
7.225000000000000311e-01 2.091226527654015843e+00
7.229999999999999760e-01 2.157534469794779142e+00
7.235000000000000320e-01 2.223753471260039305e+00
7.240999999999999659e-01 2.290584461183946541e+00
7.246000000000000218e-01 2.357186417676097712e+00
7.250999999999999668e-01 2.423741171207232981e+00
7.256000000000000227e-01 2.489898456568386820e+00
7.261999999999999567e-01 2.556357437541195932e+00
7.267000000000000126e-01 2.622260718453390371e+00
7.271999999999999575e-01 2.687534794118406900e+00
7.278000000000000025e-01 2.752862506201012138e+00
7.282999999999999474e-01 2.817383128981756801e+00
7.288000000000000034e-01 2.881281456045233558e+00
7.292999999999999483e-01 2.944217869940801258e+00
7.298999999999999932e-01 3.006840266528231886e+00
7.304000000000000492e-01 3.068323518057120225e+00
7.308999999999999941e-01 3.128594249977874497e+00
7.315000000000000391e-01 3.188269200660005076e+00
7.319999999999999840e-01 3.246552585355874321e+00
7.325000000000000400e-01 3.303599627956349316e+00
7.329999999999999849e-01 3.359099807544693839e+00
7.336000000000000298e-01 3.413600846324281068e+00
7.340999999999999748e-01 3.466383929335483671e+00
7.346000000000000307e-01 3.517572925330988642e+00
7.350999999999999757e-01 3.566893137286337279e+00
7.357000000000000206e-01 3.614805633085839798e+00
7.361999999999999655e-01 3.660671553546755774e+00
7.367000000000000215e-01 3.704429515735506051e+00
7.372999999999999554e-01 3.746485574013696418e+00
7.378000000000000114e-01 3.786262511696277588e+00
7.382999999999999563e-01 3.823835617442856716e+00
7.388000000000000123e-01 3.858998312756764637e+00
7.393999999999999462e-01 3.892049101237376796e+00
7.399000000000000021e-01 3.922526618419696742e+00
7.403999999999999471e-01 3.950381912470371404e+00
7.409999999999999920e-01 3.975822041031015885e+00
7.415000000000000480e-01 3.998486340674090478e+00
7.419999999999999929e-01 4.018401669246783214e+00
7.425000000000000488e-01 4.035428408775301179e+00
7.430999999999999828e-01 4.049666549445126051e+00
7.436000000000000387e-01 4.060875356150472903e+00
7.440999999999999837e-01 4.069035287839425585e+00
7.447000000000000286e-01 4.074120007101616814e+00
7.451999999999999735e-01 4.076028735402096537e+00
7.457000000000000295e-01 4.074691023110374566e+00
7.461999999999999744e-01 4.070116899068874972e+00
7.468000000000000194e-01 4.062136496933000274e+00
7.472999999999999643e-01 4.050779448286438544e+00
7.478000000000000203e-01 4.036039874073567013e+00
7.483999999999999542e-01 4.017665197280702927e+00
7.489000000000000101e-01 3.995812902165276626e+00
7.493999999999999551e-01 3.970367795432634406e+00
7.499000000000000110e-01 3.941420948290330184e+00
7.504999999999999449e-01 3.908552752901625738e+00
7.510000000000000009e-01 3.872102141750144888e+00
7.514999999999999458e-01 3.832085246493655006e+00
7.520999999999999908e-01 3.787957809242423313e+00
7.526000000000000467e-01 3.740209227020560689e+00
7.530999999999999917e-01 3.688640296962749421e+00
7.536000000000000476e-01 3.633464547287953650e+00
7.541999999999999815e-01 3.573974184637706664e+00
7.547000000000000375e-01 3.510845095126728932e+00
7.551999999999999824e-01 3.443830773725118810e+00
7.557000000000000384e-01 3.373210326214906463e+00
7.562999999999999723e-01 3.298123293245340815e+00
7.568000000000000282e-01 3.219431134167173081e+00
7.572999999999999732e-01 3.137184619331977231e+00
7.579000000000000181e-01 3.050372955145217890e+00
7.583999999999999631e-01 2.960023236659254042e+00
7.589000000000000190e-01 2.865804657307668979e+00
7.593999999999999639e-01 2.768117388653531297e+00
7.600000000000000089e-01 2.665814400107691995e+00
7.604999999999999538e-01 2.560090374423349857e+00
7.610000000000000098e-01 2.451008788223941526e+00
7.616000000000000547e-01 2.337299618771932597e+00
7.620999999999999996e-01 2.220289051128301328e+00
7.625999999999999446e-01 2.099588947265937033e+00
7.631000000000000005e-01 1.975714470983484183e+00
7.637000000000000455e-01 1.847239032388197311e+00
7.641999999999999904e-01 1.715674151805633985e+00
7.647000000000000464e-01 1.581114711554415297e+00
7.652999999999999803e-01 1.442005845810939935e+00
7.658000000000000362e-01 1.300000605911315388e+00
7.662999999999999812e-01 1.154622479086731657e+00
7.668000000000000371e-01 1.006506979580481742e+00
7.673999999999999710e-01 8.539628400611619652e-01
7.679000000000000270e-01 6.988101655367330300e-01
7.683999999999999719e-01 5.411484285389479565e-01
7.690000000000000169e-01 3.791776398130461967e-01
7.694999999999999618e-01 2.148358349919149146e-01
7.700000000000000178e-01 4.757172297240394587e-02
7.704999999999999627e-01 -1.218764136135174064e-01
7.711000000000000076e-01 -2.955655268991135287e-01
7.715999999999999526e-01 -4.709937142263675436e-01
7.721000000000000085e-01 -6.491840347206049300e-01
7.725999999999999535e-01 -8.291804191711845684e-01
7.731999999999999984e-01 -1.013051478488616874e+00
7.737000000000000544e-01 -1.198599908960772176e+00
7.741999999999999993e-01 -1.385673538859419907e+00
7.748000000000000442e-01 -1.576401969768974842e+00
7.752999999999999892e-01 -1.768519350765880738e+00
7.758000000000000451e-01 -1.962593870897168413e+00
7.762999999999999901e-01 -2.157863620466325294e+00
7.769000000000000350e-01 -2.356483655853201853e+00
7.773999999999999799e-01 -2.556083454026403690e+00
7.779000000000000359e-01 -2.756527985489207300e+00
7.784999999999999698e-01 -2.960095369052297531e+00
7.790000000000000258e-01 -3.164334369959672877e+00
7.794999999999999707e-01 -3.369950750502891168e+00
7.800000000000000266e-01 -3.576027862774036503e+00
7.805999999999999606e-01 -3.784878995462539475e+00
7.811000000000000165e-01 -3.994009207714918297e+00
7.815999999999999615e-01 -4.203322661514348191e+00
7.822000000000000064e-01 -4.415170069714756451e+00
7.826999999999999513e-01 -4.627013464382518926e+00
7.832000000000000073e-01 -4.839562583651800587e+00
7.836999999999999522e-01 -5.051935358660730735e+00
7.842999999999999972e-01 -5.266511517635417583e+00
7.848000000000000531e-01 -5.480695259912288897e+00
7.852999999999999980e-01 -5.694423673274760844e+00
7.859000000000000430e-01 -5.910103338543998497e+00
7.863999999999999879e-01 -6.125221100912809469e+00
7.869000000000000439e-01 -6.340413495126886012e+00
7.873999999999999888e-01 -6.554791750798481864e+00
7.880000000000000338e-01 -6.770882335673721109e+00
7.884999999999999787e-01 -6.986035955811030540e+00
7.890000000000000346e-01 -7.200959407884345076e+00
7.894999999999999796e-01 -7.414897291422938075e+00
7.901000000000000245e-01 -7.630178848022859839e+00
7.905999999999999694e-01 -7.844273499960066509e+00
7.911000000000000254e-01 -8.057180387363505503e+00
7.916999999999999593e-01 -8.271216731170168757e+00
7.922000000000000153e-01 -8.483922255454105610e+00
7.926999999999999602e-01 -8.696087599966089599e+00
7.932000000000000162e-01 -8.906806250846329931e+00
7.937999999999999501e-01 -9.118544248352490555e+00
7.943000000000000060e-01 -9.328725013137892930e+00
7.947999999999999510e-01 -9.537440109583165793e+00
7.953999999999999959e-01 -9.747041644075782330e+00
7.959000000000000519e-01 -9.955122049317282062e+00
7.963999999999999968e-01 -1.016235919373852958e+01
7.969000000000000528e-01 -1.036802925275677367e+01
7.974999999999999867e-01 -1.057441781009818804e+01
7.980000000000000426e-01 -1.077931537479285318e+01
7.984999999999999876e-01 -1.098262979733326539e+01
7.991000000000000325e-01 -1.118660527229154944e+01
7.995999999999999774e-01 -1.138910997038003892e+01
8.001000000000000334e-01 -1.159090733211368907e+01
8.005999999999999783e-01 -1.179104774263211475e+01
8.012000000000000233e-01 -1.199216183849543249e+01
8.016999999999999682e-01 -1.219175911631050369e+01
8.022000000000000242e-01 -1.239068159421631421e+01
8.026999999999999691e-01 -1.258829806006396268e+01
8.033000000000000140e-01 -1.278683873267016224e+01
8.037999999999999590e-01 -1.298419527153232877e+01
8.043000000000000149e-01 -1.318038432992250364e+01
8.048999999999999488e-01 -1.337769480729737559e+01
8.054000000000000048e-01 -1.357393819267377744e+01
8.058999999999999497e-01 -1.376998543030496336e+01
8.064000000000000057e-01 -1.396519988512519106e+01
8.070000000000000506e-01 -1.416187338105656046e+01
8.074999999999999956e-01 -1.435789153189889333e+01
8.080000000000000515e-01 -1.455333081777397908e+01
8.085999999999999854e-01 -1.475053027153232854e+01
8.091000000000000414e-01 -1.494749808050611328e+01
8.095999999999999863e-01 -1.514489246059564387e+01
8.101000000000000423e-01 -1.534210555831478828e+01
8.106999999999999762e-01 -1.554189111676418911e+01
8.112000000000000322e-01 -1.574154693502933533e+01
8.116999999999999771e-01 -1.594174617353172607e+01
8.123000000000000220e-01 -1.614464597725481454e+01
8.127999999999999670e-01 -1.634813919857171172e+01
8.133000000000000229e-01 -1.655320088963727443e+01
8.137999999999999678e-01 -1.675929375677438316e+01
8.144000000000000128e-01 -1.696868537336232663e+01
8.148999999999999577e-01 -1.717950172852673418e+01
8.154000000000000137e-01 -1.739183063982599720e+01
8.159999999999999476e-01 -1.760823783616675087e+01
8.165000000000000036e-01 -1.782642114540672296e+01
8.169999999999999485e-01 -1.804763144580901724e+01
8.175000000000000044e-01 -1.827079630342792171e+01
8.181000000000000494e-01 -1.849930689093809022e+01
8.185999999999999943e-01 -1.873027695726000275e+01
8.191000000000000503e-01 -1.896512726695366169e+01
8.195999999999999952e-01 -1.920277926842670624e+01
8.202000000000000401e-01 -1.944684154228267658e+01
8.206999999999999851e-01 -1.969420271639276265e+01
8.212000000000000410e-01 -1.994528603452993210e+01
8.217999999999999750e-01 -2.020338424483857054e+01
8.223000000000000309e-01 -2.046567025420862862e+01
8.227999999999999758e-01 -2.073339715073048239e+01
8.233000000000000318e-01 -2.100577986314269197e+01
8.238999999999999657e-01 -2.128623530664206243e+01
8.244000000000000217e-01 -2.157200863846925287e+01
8.248999999999999666e-01 -2.186315478204264906e+01
8.255000000000000115e-01 -2.216320960116486916e+01
8.259999999999999565e-01 -2.246933035394600608e+01
8.265000000000000124e-01 -2.278298413852704130e+01
8.269999999999999574e-01 -2.310278815604358016e+01
8.276000000000000023e-01 -2.343311729693390433e+01
8.280999999999999472e-01 -2.377030069394878709e+01
8.286000000000000032e-01 -2.411480218457268876e+01
8.292000000000000481e-01 -2.447086495485695323e+01
8.296999999999999931e-01 -2.483444476111783317e+01
8.302000000000000490e-01 -2.520755614446186499e+01
8.306999999999999940e-01 -2.558907991071959387e+01
8.313000000000000389e-01 -2.598334513155945302e+01
8.317999999999999838e-01 -2.638646174150725088e+01
8.323000000000000398e-01 -2.679865777833878226e+01
8.328999999999999737e-01 -2.722478445743769271e+01
8.334000000000000297e-01 -2.766066519836272519e+01
8.338999999999999746e-01 -2.810809518575661770e+01
8.344000000000000306e-01 -2.856540037397986609e+01
8.349999999999999645e-01 -2.903843697571243254e+01
8.355000000000000204e-01 -2.952197770296660906e+01
8.359999999999999654e-01 -3.001635431280660526e+01
8.366000000000000103e-01 -3.052779961596935721e+01
8.370999999999999552e-01 -3.105054157269756843e+01
8.376000000000000112e-01 -3.158682450049617074e+01
8.380999999999999561e-01 -3.213457438162524227e+01
8.387000000000000011e-01 -3.270131644114616876e+01
8.391999999999999460e-01 -3.328001662493183233e+01
8.397000000000000020e-01 -3.387372494475476259e+01
8.401999999999999469e-01 -3.447976031269677577e+01
8.407999999999999918e-01 -3.510611719706131595e+01
8.413000000000000478e-01 -3.574562919004760886e+01
8.417999999999999927e-01 -3.639834002473686780e+01
8.424000000000000377e-01 -3.707244607246337154e+01
8.428999999999999826e-01 -3.776052843118780800e+01
8.434000000000000385e-01 -3.846519270025311954e+01
8.438999999999999835e-01 -3.918387746718070730e+01
8.445000000000000284e-01 -3.992516576689901342e+01
8.449999999999999734e-01 -4.068193696926740444e+01
