0.000000000000000000e+00 -3.405511658499995775e+01
5.000000000000000104e-04 -3.469853297710400142e+01
1.000000000000000021e-03 -3.535666605504882654e+01
1.500000000000000031e-03 -3.602936059027437921e+01
2.000000000000000042e-03 -3.671674698237076484e+01
2.500000000000000052e-03 -3.741902621169450782e+01
3.000000000000000062e-03 -3.813638063092265895e+01
3.500000000000000073e-03 -3.886893561737385028e+01
4.000000000000000083e-03 -3.961687001000343855e+01
4.499999999999999660e-03 -4.038073201925484312e+01
5.000000000000000104e-03 -4.115987897175830312e+01
5.499999999999999681e-03 -4.195525987867033990e+01
6.000000000000000125e-03 -4.276660001649480591e+01
6.499999999999999702e-03 -4.359402094438709696e+01
7.000000000000000146e-03 -4.443767189393778239e+01
7.499999999999999722e-03 -4.529764272786528778e+01
8.000000000000000167e-03 -4.617408142219228750e+01
8.500000000000000611e-03 -4.706707418623934558e+01
8.999999999999999320e-03 -4.797716828947368128e+01
9.499999999999999764e-03 -4.890356541093701281e+01
1.000000000000000021e-02 -4.984727066664677153e+01
1.050000000000000065e-02 -5.080741524309474499e+01
1.099999999999999936e-02 -5.178504007534008480e+01
1.149999999999999981e-02 -5.277975283121928385e+01
1.200000000000000025e-02 -5.379157466425031942e+01
1.250000000000000069e-02 -5.482057774893081614e+01
1.299999999999999940e-02 -5.586680613888923119e+01
1.349999999999999985e-02 -5.693028943110387985e+01
1.400000000000000029e-02 -5.801108823251329483e+01
1.450000000000000074e-02 -5.910974690295706324e+01
1.499999999999999944e-02 -6.022518777268365398e+01
1.549999999999999989e-02 -6.135857612615929924e+01
1.600000000000000033e-02 -6.250872338918428994e+01
1.650000000000000078e-02 -6.367679983629206930e+01
1.700000000000000122e-02 -6.486223101333351337e+01
1.750000000000000167e-02 -6.606435272153578353e+01
1.799999999999999864e-02 -6.728438223976159804e+01
1.849999999999999908e-02 -6.852166141743087735e+01
1.899999999999999953e-02 -6.977619072351420471e+01
1.949999999999999997e-02 -7.104785005898139616e+01
2.000000000000000042e-02 -7.233733012617157954e+01
2.050000000000000086e-02 -7.364315971450886877e+01
2.100000000000000130e-02 -7.496592717153527019e+01
2.149999999999999828e-02 -7.630558052666233948e+01
2.199999999999999872e-02 -7.766278884352037437e+01
2.249999999999999917e-02 -7.903593362525900545e+01
2.299999999999999961e-02 -8.042643346750689659e+01
2.350000000000000006e-02 -8.183266364703399631e+01
2.400000000000000050e-02 -8.325602554045507020e+01
2.450000000000000094e-02 -8.469566222049266457e+01
2.500000000000000139e-02 -8.615055562454649873e+01
2.549999999999999836e-02 -8.762225746784476144e+01
2.599999999999999881e-02 -8.910978471240754573e+01
2.649999999999999925e-02 -9.061302374264620596e+01
2.699999999999999969e-02 -9.213172764565844375e+01
2.750000000000000014e-02 -9.366577699115298117e+01
2.800000000000000058e-02 -9.521497085023300144e+01
2.850000000000000103e-02 -9.677913504903214914e+01
2.900000000000000147e-02 -9.835808564114226726e+01
2.949999999999999845e-02 -9.995164073574176200e+01
2.999999999999999889e-02 -1.015605478589480413e+02
3.049999999999999933e-02 -1.031826541481993189e+02
3.099999999999999978e-02 -1.048186995748606591e+02
3.150000000000000022e-02 -1.064695040512194737e+02
3.200000000000000067e-02 -1.081327917397779288e+02
3.250000000000000111e-02 -1.098093238021759959e+02
3.300000000000000155e-02 -1.114999967578424958e+02
3.350000000000000200e-02 -1.132023111787876530e+02
3.400000000000000244e-02 -1.149183305584419799e+02
3.450000000000000289e-02 -1.166454482060977540e+02
3.500000000000000333e-02 -1.183857337845080480e+02
3.549999999999999684e-02 -1.201377839978760704e+02
3.599999999999999728e-02 -1.219001233664663317e+02
3.649999999999999772e-02 -1.236748466187634250e+02
3.699999999999999817e-02 -1.254604625354980101e+02
3.749999999999999861e-02 -1.272554681482838674e+02
3.799999999999999906e-02 -1.290620482452936244e+02
3.849999999999999950e-02 -1.308786965569001950e+02
3.899999999999999994e-02 -1.327050376436946806e+02
3.950000000000000039e-02 -1.345408594883417663e+02
4.000000000000000083e-02 -1.363857656743475673e+02
4.050000000000000128e-02 -1.382395017832905637e+02
4.100000000000000172e-02 -1.401017137556548562e+02
4.150000000000000216e-02 -1.419720976134456691e+02
4.200000000000000261e-02 -1.438503670947769137e+02
4.250000000000000305e-02 -1.457361425818589566e+02
4.299999999999999656e-02 -1.476291258011289358e+02
4.349999999999999700e-02 -1.495289663053957270e+02
4.399999999999999745e-02 -1.514353522303911461e+02
4.449999999999999789e-02 -1.533479030041641522e+02
4.499999999999999833e-02 -1.552663637010482773e+02
4.549999999999999878e-02 -1.571903060144144035e+02
4.599999999999999922e-02 -1.591210397065410973e+02
4.649999999999999967e-02 -1.610550605505752628e+02
4.700000000000000011e-02 -1.629935550052740325e+02
4.750000000000000056e-02 -1.649362189209984422e+02
4.800000000000000100e-02 -1.668843346433725401e+02
4.850000000000000144e-02 -1.688342984367736790e+02
4.900000000000000189e-02 -1.707873786823821547e+02
4.950000000000000233e-02 -1.727449011251777904e+02
5.000000000000000278e-02 -1.747031832185011808e+02
5.050000000000000322e-02 -1.766635618542458701e+02
5.099999999999999672e-02 -1.786274046565302456e+02
5.149999999999999717e-02 -1.805909003552186505e+02
5.199999999999999761e-02 -1.825554640960544077e+02
5.249999999999999806e-02 -1.845225045016468073e+02
5.299999999999999850e-02 -1.864881483399422848e+02
5.349999999999999895e-02 -1.884556290199685407e+02
5.399999999999999939e-02 -1.904209102404645364e+02
5.449999999999999983e-02 -1.923874683787060746e+02
5.500000000000000028e-02 -1.943511355165486236e+02
5.550000000000000072e-02 -1.963154022457953829e+02
5.600000000000000117e-02 -1.982780180806747410e+02
5.650000000000000161e-02 -2.002366892388789665e+02
5.700000000000000205e-02 -2.021950301452681060e+02
5.750000000000000250e-02 -2.041487254438429488e+02
5.800000000000000294e-02 -2.061014736431914116e+02
5.850000000000000339e-02 -2.080509407976361445e+02
5.899999999999999689e-02 -2.099947379341568592e+02
5.949999999999999734e-02 -2.119366733057896113e+02
5.999999999999999778e-02 -2.138744208957211299e+02
6.049999999999999822e-02 -2.158054928543799917e+02
6.099999999999999867e-02 -2.177338733610949362e+02
6.149999999999999911e-02 -2.196571037103856838e+02
6.199999999999999956e-02 -2.215727230356040991e+02
6.250000000000000000e-02 -2.234847439751114848e+02
6.300000000000000044e-02 -2.253907914381847775e+02
6.350000000000000089e-02 -2.272905212628235745e+02
6.400000000000000133e-02 -2.291836401001783088e+02
6.450000000000000178e-02 -2.310676106970007879e+02
6.500000000000000222e-02 -2.329467130214172528e+02
6.550000000000000266e-02 -2.348184380972809606e+02
6.600000000000000311e-02 -2.366824724901642014e+02
6.650000000000000355e-02 -2.385385794845689986e+02
6.700000000000000400e-02 -2.403864967002964477e+02
6.750000000000000444e-02 -2.422235688741403123e+02
6.800000000000000488e-02 -2.440543133777192395e+02
6.850000000000000533e-02 -2.458761773282855359e+02
6.900000000000000577e-02 -2.476888426440602586e+02
6.950000000000000622e-02 -2.494921107234978308e+02
7.000000000000000666e-02 -2.512857885151057076e+02
7.049999999999999323e-02 -2.530695933855428450e+02
7.099999999999999367e-02 -2.548433436348871055e+02
7.149999999999999412e-02 -2.566068200300227886e+02
7.199999999999999456e-02 -2.583598445421634437e+02
7.249999999999999500e-02 -2.601021999788410426e+02
7.299999999999999545e-02 -2.618336432012080763e+02
7.349999999999999589e-02 -2.635540739197316498e+02
7.399999999999999634e-02 -2.652632316969666135e+02
7.449999999999999678e-02 -2.669609778221872602e+02
7.499999999999999722e-02 -2.686471477690959091e+02
7.549999999999999767e-02 -2.703215406161470469e+02
7.599999999999999811e-02 -2.719839839228819187e+02
7.649999999999999856e-02 -2.736343789420388930e+02
7.699999999999999900e-02 -2.752725189594241328e+02
7.749999999999999944e-02 -2.768982812117740764e+02
7.799999999999999989e-02 -2.785115186037135686e+02
7.850000000000000033e-02 -2.801121082682511769e+02
7.900000000000000078e-02 -2.817026816860812346e+02
7.950000000000000122e-02 -2.832776074335343992e+02
8.000000000000000167e-02 -2.848394266800531227e+02
8.050000000000000211e-02 -2.863881299676869503e+02
8.100000000000000255e-02 -2.879235631307904555e+02
8.150000000000000300e-02 -2.894456441847585211e+02
8.200000000000000344e-02 -2.909571132520271703e+02
8.250000000000000389e-02 -2.924521659569068675e+02
8.300000000000000433e-02 -2.939335645793556182e+02
8.350000000000000477e-02 -2.954011822821659052e+02
8.400000000000000522e-02 -2.968550229709089763e+02
8.450000000000000566e-02 -2.982979206590572403e+02
8.500000000000000611e-02 -2.997238768065721501e+02
8.550000000000000655e-02 -3.011357944594876699e+02
8.599999999999999312e-02 -3.025336641899680217e+02
8.649999999999999356e-02 -3.039203320378651370e+02
8.699999999999999400e-02 -3.052897731418410672e+02
8.749999999999999445e-02 -3.066449721126978147e+02
8.799999999999999489e-02 -3.079859043617347538e+02
8.849999999999999534e-02 -3.093155282710869187e+02
8.899999999999999578e-02 -3.106276528624224511e+02
8.949999999999999623e-02 -3.119254237552758013e+02
8.999999999999999667e-02 -3.132118129004328466e+02
9.049999999999999711e-02 -3.144806554497255888e+02
9.099999999999999756e-02 -3.157349845701348841e+02
9.149999999999999800e-02 -3.169779202457626752e+02
9.199999999999999845e-02 -3.182031884794544112e+02
9.249999999999999889e-02 -3.194139127257713540e+02
9.299999999999999933e-02 -3.206132288060073279e+02
9.349999999999999978e-02 -3.217948805295592365e+02
9.400000000000000022e-02 -3.229650884474564805e+02
9.450000000000000067e-02 -3.241175641058941324e+02
9.500000000000000111e-02 -3.252554597639807525e+02
9.550000000000000155e-02 -3.263820379316724711e+02
9.600000000000000200e-02 -3.274908305967194337e+02
9.650000000000000244e-02 -3.285883010358036245e+02
9.700000000000000289e-02 -3.296680094384095696e+02
9.750000000000000333e-02 -3.307364470844664766e+02
9.800000000000000377e-02 -3.317871492557134161e+02
9.850000000000000422e-02 -3.328233452904061096e+02
9.900000000000000466e-02 -3.338483461201279852e+02
9.950000000000000511e-02 -3.348556298271111586e+02
1.000000000000000056e-01 -3.358518146225426904e+02
1.005000000000000060e-01 -3.368302837492904587e+02
1.010000000000000064e-01 -3.377976933928179619e+02
1.015000000000000069e-01 -3.387474585659438162e+02
1.019999999999999934e-01 -3.396862686877152555e+02
1.024999999999999939e-01 -3.406107656449403862e+02
1.029999999999999943e-01 -3.415177088016162088e+02
1.034999999999999948e-01 -3.424137562735831466e+02
1.039999999999999952e-01 -3.432922399975432768e+02
1.044999999999999957e-01 -3.441599974956294545e+02
1.049999999999999961e-01 -3.450101989702518495e+02
1.054999999999999966e-01 -3.458497431560934388e+02
1.059999999999999970e-01 -3.466718450575157817e+02
1.064999999999999974e-01 -3.474833752259143580e+02
1.069999999999999979e-01 -3.482808970148954586e+02
1.074999999999999983e-01 -3.490610830559066358e+02
1.079999999999999988e-01 -3.498307602914046015e+02
1.084999999999999992e-01 -3.505831634252139111e+02
1.089999999999999997e-01 -3.513251961445193388e+02
1.095000000000000001e-01 -3.520534587847676562e+02
1.100000000000000006e-01 -3.527644920385795899e+02
1.105000000000000010e-01 -3.534652942781252705e+02
1.110000000000000014e-01 -3.541524025488966458e+02
1.115000000000000019e-01 -3.548223725441666829e+02
1.120000000000000023e-01 -3.554822647219517080e+02
1.125000000000000028e-01 -3.561286032633072978e+02
1.130000000000000032e-01 -3.567578323778169533e+02
1.135000000000000037e-01 -3.573771193818893721e+02
1.140000000000000041e-01 -3.579829231627346076e+02
1.145000000000000046e-01 -3.585717741347041851e+02
1.150000000000000050e-01 -3.591507847383069247e+02
1.155000000000000054e-01 -3.597164301795280608e+02
1.160000000000000059e-01 -3.602686907404577141e+02
1.165000000000000063e-01 -3.608041379956684978e+02
1.170000000000000068e-01 -3.613298384163665560e+02
1.174999999999999933e-01 -3.618423028575518288e+02
1.179999999999999938e-01 -3.623379887445926784e+02
1.184999999999999942e-01 -3.628240319988674401e+02
1.189999999999999947e-01 -3.632969611820436739e+02
1.194999999999999951e-01 -3.637567107597701010e+02
1.199999999999999956e-01 -3.641997342525531280e+02
1.204999999999999960e-01 -3.646333274576821282e+02
1.209999999999999964e-01 -3.650538522170181182e+02
1.214999999999999969e-01 -3.654613079219142264e+02
1.219999999999999973e-01 -3.658557731943614613e+02
1.224999999999999978e-01 -3.662335557533331780e+02
1.229999999999999982e-01 -3.666020268521292564e+02
1.234999999999999987e-01 -3.669575303150954255e+02
1.239999999999999991e-01 -3.673001087712105459e+02
1.244999999999999996e-01 -3.676297353499118117e+02
1.250000000000000000e-01 -3.679428077784011180e+02
1.255000000000000004e-01 -3.682466666706218916e+02
1.260000000000000009e-01 -3.685376279285380292e+02
1.265000000000000013e-01 -3.688157523677252811e+02
1.270000000000000018e-01 -3.690810192316400844e+02
1.275000000000000022e-01 -3.693334006808551635e+02
1.280000000000000027e-01 -3.695693357792267761e+02
1.285000000000000031e-01 -3.697961480332363067e+02
1.290000000000000036e-01 -3.700101458923055020e+02
1.295000000000000040e-01 -3.702113670146016489e+02
1.300000000000000044e-01 -3.703997910258524371e+02
1.305000000000000049e-01 -3.705754749749302732e+02
1.310000000000000053e-01 -3.707383579895379171e+02
1.315000000000000058e-01 -3.708848583916906136e+02
1.320000000000000062e-01 -3.710222961123022856e+02
1.325000000000000067e-01 -3.711469929415527531e+02
1.330000000000000071e-01 -3.712589758770683375e+02
1.335000000000000075e-01 -3.713582752273931078e+02
1.340000000000000080e-01 -3.714448644065784038e+02
1.345000000000000084e-01 -3.715187810213314492e+02
1.350000000000000089e-01 -3.715799960113244538e+02
1.355000000000000093e-01 -3.716285190188644378e+02
1.360000000000000098e-01 -3.716607391586112499e+02
1.365000000000000102e-01 -3.716839838434262333e+02
1.370000000000000107e-01 -3.716946024918162834e+02
1.375000000000000111e-01 -3.716925552138309286e+02
1.380000000000000115e-01 -3.716778972014792544e+02
1.385000000000000120e-01 -3.716506851801727294e+02
1.390000000000000124e-01 -3.716108269834134603e+02
1.395000000000000129e-01 -3.715583995653749980e+02
1.400000000000000133e-01 -3.714934306940604074e+02
1.405000000000000138e-01 -3.714158769113028029e+02
1.409999999999999865e-01 -3.713258077407879227e+02
1.414999999999999869e-01 -3.712232315083540470e+02
1.419999999999999873e-01 -3.711081146901065608e+02
1.424999999999999878e-01 -3.709805569050854501e+02
1.429999999999999882e-01 -3.708405048858250552e+02
1.434999999999999887e-01 -3.706880185084424397e+02
1.439999999999999891e-01 -3.705231234561847486e+02
1.444999999999999896e-01 -3.703458343768380132e+02
1.449999999999999900e-01 -3.701561552649985174e+02
1.454999999999999905e-01 -3.699541422006740845e+02
1.459999999999999909e-01 -3.697397977023520070e+02
1.464999999999999913e-01 -3.695131359267934954e+02
1.469999999999999918e-01 -3.692742806854740820e+02
1.474999999999999922e-01 -3.690231485641135691e+02
1.479999999999999927e-01 -3.687598528018631328e+02
1.484999999999999931e-01 -3.684843755576404192e+02
1.489999999999999936e-01 -3.681967900997807419e+02
1.494999999999999940e-01 -3.678971196298008977e+02
1.499999999999999944e-01 -3.675853721295423497e+02
1.504999999999999949e-01 -3.672616586725347929e+02
1.509999999999999953e-01 -3.669260061755391007e+02
1.514999999999999958e-01 -3.665784320253696364e+02
1.519999999999999962e-01 -3.662189905039822406e+02
1.524999999999999967e-01 -3.658477897400399570e+02
1.529999999999999971e-01 -3.654647734198080116e+02
1.534999999999999976e-01 -3.650701022646061347e+02
1.539999999999999980e-01 -3.646637502398386346e+02
1.544999999999999984e-01 -3.642458468776331415e+02
1.549999999999999989e-01 -3.638164479933480493e+02
1.554999999999999993e-01 -3.633755132795218969e+02
1.559999999999999998e-01 -3.629232521931213000e+02
1.565000000000000002e-01 -3.624632296590526153e+02
1.570000000000000007e-01 -3.619883787738958745e+02
1.575000000000000011e-01 -3.615022983865984543e+02
1.580000000000000016e-01 -3.610051410029122394e+02
1.585000000000000020e-01 -3.604969327324641881e+02
1.590000000000000024e-01 -3.599777596051068258e+02
1.595000000000000029e-01 -3.594477401322093328e+02
1.600000000000000033e-01 -3.589069223619964646e+02
1.605000000000000038e-01 -3.583554138050432130e+02
1.610000000000000042e-01 -3.577968511270223075e+02
1.615000000000000047e-01 -3.572241402519723579e+02
1.620000000000000051e-01 -3.566410221959945943e+02
1.625000000000000056e-01 -3.560475779372644638e+02
1.630000000000000060e-01 -3.554438967871471391e+02
1.635000000000000064e-01 -3.548300357372212375e+02
1.640000000000000069e-01 -3.542061698751504082e+02
1.645000000000000073e-01 -3.535758249636768937e+02
1.650000000000000078e-01 -3.529321100051365647e+02
1.655000000000000082e-01 -3.522786891643764875e+02
1.660000000000000087e-01 -3.516156324502732105e+02
1.665000000000000091e-01 -3.509430506916713171e+02
1.670000000000000095e-01 -3.502645260400788629e+02
1.675000000000000100e-01 -3.495732206991354474e+02
1.680000000000000104e-01 -3.488727284367059269e+02
1.685000000000000109e-01 -3.481631682861072363e+02
1.690000000000000113e-01 -3.474446955032150299e+02
1.695000000000000118e-01 -3.467207820481727936e+02
1.700000000000000122e-01 -3.459847095607451593e+02
1.705000000000000127e-01 -3.452400703106336550e+02
1.710000000000000131e-01 -3.444869577545713923e+02
1.715000000000000135e-01 -3.437289037141160293e+02
1.719999999999999862e-01 -3.429592125380070797e+02
1.724999999999999867e-01 -3.421814028909649892e+02
1.729999999999999871e-01 -3.413956904180615197e+02
1.734999999999999876e-01 -3.406054568962962321e+02
1.739999999999999880e-01 -3.398041864115127737e+02
1.744999999999999885e-01 -3.389952902922001954e+02
1.749999999999999889e-01 -3.381789710117535037e+02
1.754999999999999893e-01 -3.373586492682582616e+02
1.759999999999999898e-01 -3.365277960567469222e+02
1.764999999999999902e-01 -3.356898950588654884e+02
1.769999999999999907e-01 -3.348483948068651443e+02
1.774999999999999911e-01 -3.339967337039907989e+02
1.779999999999999916e-01 -3.331384475540571657e+02
1.784999999999999920e-01 -3.322769376129851935e+02
1.789999999999999925e-01 -3.314056848027282172e+02
1.794999999999999929e-01 -3.305282015785562635e+02
1.799999999999999933e-01 -3.296478579042791353e+02
1.804999999999999938e-01 -3.287582001427229557e+02
1.809999999999999942e-01 -3.278626785309868410e+02
1.814999999999999947e-01 -3.269646536867182363e+02
1.819999999999999951e-01 -3.260577585399552163e+02
1.824999999999999956e-01 -3.251486227578922694e+02
1.829999999999999960e-01 -3.242309113992179732e+02
1.834999999999999964e-01 -3.233111257164082986e+02
1.839999999999999969e-01 -3.223830406132927351e+02
1.844999999999999973e-01 -3.214500067137641963e+02
1.849999999999999978e-01 -3.205152385928595322e+02
1.854999999999999982e-01 -3.195726051726448418e+02
1.859999999999999987e-01 -3.186284595473065338e+02
1.864999999999999991e-01 -3.176766842002103886e+02
1.869999999999999996e-01 -3.167236575412212574e+02
1.875000000000000000e-01 -3.157632158638606938e+02
1.880000000000000004e-01 -3.148017583565914492e+02
1.885000000000000009e-01 -3.138331308134763162e+02
1.890000000000000013e-01 -3.128636909981069607e+02
1.895000000000000018e-01 -3.118872870318976993e+02
1.900000000000000022e-01 -3.109102589623314543e+02
1.905000000000000027e-01 -3.099265480388334595e+02
1.910000000000000031e-01 -3.089423752109247516e+02
1.915000000000000036e-01 -3.079517386813348594e+02
1.920000000000000040e-01 -3.069608048103888791e+02
1.925000000000000044e-01 -3.059636142533621523e+02
1.930000000000000049e-01 -3.049662994717648417e+02
1.935000000000000053e-01 -3.039629386026064140e+02
1.940000000000000058e-01 -3.029596324190205223e+02
1.945000000000000062e-01 -3.019534354731778194e+02
1.950000000000000067e-01 -3.009414229215410046e+02
1.955000000000000071e-01 -2.999296714543699522e+02
1.960000000000000075e-01 -2.989123073068409440e+02
1.965000000000000080e-01 -2.978953230940193180e+02
1.970000000000000084e-01 -2.968758261151114084e+02
1.975000000000000089e-01 -2.958509466215032830e+02
1.980000000000000093e-01 -2.948266010820290148e+02
1.985000000000000098e-01 -2.937970245720936759e+02
1.990000000000000102e-01 -2.927680687437168672e+02
1.995000000000000107e-01 -2.917369102801145004e+02
2.000000000000000111e-01 -2.907006645349400742e+02
2.005000000000000115e-01 -2.896652202449727724e+02
2.010000000000000120e-01 -2.886276563907716195e+02
2.015000000000000124e-01 -2.875880340092624010e+02
2.020000000000000129e-01 -2.865435745626501784e+02
2.025000000000000133e-01 -2.854999772780678313e+02
2.030000000000000138e-01 -2.844544073563536131e+02
2.034999999999999865e-01 -2.834040958264161532e+02
2.039999999999999869e-01 -2.823547113642485442e+02
2.044999999999999873e-01 -2.813034228998272397e+02
2.049999999999999878e-01 -2.802502513375318927e+02
2.054999999999999882e-01 -2.791924321036755714e+02
2.059999999999999887e-01 -2.781355547691595120e+02
2.064999999999999891e-01 -2.770768076767193406e+02
2.069999999999999896e-01 -2.760161975901937694e+02
2.074999999999999900e-01 -2.749510390762271754e+02
2.079999999999999905e-01 -2.738867067774764905e+02
2.084999999999999909e-01 -2.728205215342087513e+02
2.089999999999999913e-01 -2.717524479641484163e+02
2.094999999999999918e-01 -2.706824635723192500e+02
2.099999999999999922e-01 -2.696078817286087883e+02
2.104999999999999927e-01 -2.685340800778344033e+02
2.109999999999999931e-01 -2.674582711698698176e+02
2.114999999999999936e-01 -2.663804502103362211e+02
2.119999999999999940e-01 -2.653006301503691589e+02
2.124999999999999944e-01 -2.642187195300112421e+02
2.129999999999999949e-01 -2.631321145232655567e+02
2.134999999999999953e-01 -2.620459791831383995e+02
2.139999999999999958e-01 -2.609576778815773537e+02
2.144999999999999962e-01 -2.598671179742449340e+02
2.149999999999999967e-01 -2.587742966191934784e+02
2.154999999999999971e-01 -2.576791463701416660e+02
2.159999999999999976e-01 -2.565815988560524374e+02
2.164999999999999980e-01 -2.554816187190305072e+02
2.169999999999999984e-01 -2.543766074478880341e+02
2.174999999999999989e-01 -2.532715997619908137e+02
2.179999999999999993e-01 -2.521639374566365177e+02
2.184999999999999998e-01 -2.510536234310663417e+02
2.190000000000000002e-01 -2.499405320815864968e+02
2.195000000000000007e-01 -2.488246518434366408e+02
2.200000000000000011e-01 -2.477058833607086399e+02
2.205000000000000016e-01 -2.465841216906844693e+02
2.210000000000000020e-01 -2.454593456063323629e+02
2.215000000000000024e-01 -2.443314703186650547e+02
2.220000000000000029e-01 -2.432003813035582880e+02
2.225000000000000033e-01 -2.420660850431723645e+02
2.230000000000000038e-01 -2.409284434001890816e+02
2.235000000000000042e-01 -2.397873873198931278e+02
2.240000000000000047e-01 -2.386427841503745242e+02
2.245000000000000051e-01 -2.374946657629856759e+02
2.250000000000000056e-01 -2.363428602245126910e+02
2.255000000000000060e-01 -2.351873531723557278e+02
2.260000000000000064e-01 -2.340279861316813879e+02
2.265000000000000069e-01 -2.328647535068108425e+02
2.270000000000000073e-01 -2.316975354205363828e+02
2.275000000000000078e-01 -2.305262592278722593e+02
2.280000000000000082e-01 -2.293508030697742015e+02
2.285000000000000087e-01 -2.281711833940706242e+02
2.290000000000000091e-01 -2.269894931951296826e+02
2.295000000000000095e-01 -2.258011471462889688e+02
2.300000000000000100e-01 -2.246083410156428499e+02
2.305000000000000104e-01 -2.234109867032857153e+02
2.310000000000000109e-01 -2.222090263443425044e+02
2.315000000000000113e-01 -2.210023634027988066e+02
2.320000000000000118e-01 -2.197909687379342074e+02
2.325000000000000122e-01 -2.185768550364343525e+02
2.330000000000000127e-01 -2.173556606668018674e+02
2.335000000000000131e-01 -2.161294874531174344e+02
2.340000000000000135e-01 -2.148982317964473623e+02
2.344999999999999862e-01 -2.136619055692650306e+02
2.349999999999999867e-01 -2.124224517670060948e+02
2.354999999999999871e-01 -2.111756739136542649e+02
2.359999999999999876e-01 -2.099235742216013421e+02
2.364999999999999880e-01 -2.086661159946657733e+02
2.369999999999999885e-01 -2.074052730073157136e+02
2.374999999999999889e-01 -2.061369000471098900e+02
2.379999999999999893e-01 -2.048630114263334008e+02
2.384999999999999898e-01 -2.035835554113958494e+02
2.389999999999999902e-01 -2.023004385819484980e+02
2.394999999999999907e-01 -2.010097027318848291e+02
2.399999999999999911e-01 -1.997152445165979486e+02
2.404999999999999916e-01 -1.984130538205299104e+02
2.409999999999999920e-01 -1.971051250070289313e+02
2.414999999999999925e-01 -1.957933177028766636e+02
2.419999999999999929e-01 -1.944737693190591301e+02
2.424999999999999933e-01 -1.931502668489038683e+02
2.429999999999999938e-01 -1.918190181591897385e+02
2.434999999999999942e-01 -1.904837713809690456e+02
2.439999999999999947e-01 -1.891407576560514485e+02
2.444999999999999951e-01 -1.877937446017621141e+02
2.449999999999999956e-01 -1.864389607090989216e+02
2.454999999999999960e-01 -1.850801496592050057e+02
2.459999999999999964e-01 -1.837153983830168897e+02
2.464999999999999969e-01 -1.823429869817672682e+02
2.469999999999999973e-01 -1.809665162284739210e+02
2.474999999999999978e-01 -1.795842237382014162e+02
2.479999999999999982e-01 -1.781943153088206202e+02
2.484999999999999987e-01 -1.768003990188639136e+02
2.489999999999999991e-01 -1.754007223725149345e+02
2.494999999999999996e-01 -1.739953113911842593e+02
2.500000000000000000e-01 -1.725842369643960410e+02
2.505000000000000004e-01 -1.711675220830397848e+02
2.510000000000000009e-01 -1.697435433387369699e+02
2.515000000000000013e-01 -1.683157340951868548e+02
2.520000000000000018e-01 -1.668824834860317310e+02
2.525000000000000022e-01 -1.654454554506878878e+02
2.530000000000000027e-01 -1.640014707336023037e+02
2.535000000000000031e-01 -1.625522492902635747e+02
2.540000000000000036e-01 -1.610978272307334009e+02
2.545000000000000040e-01 -1.596383319729779942e+02
2.550000000000000044e-01 -1.581738829873169720e+02
2.555000000000000049e-01 -1.567060829874313015e+02
2.560000000000000053e-01 -1.552319073303299035e+02
2.565000000000000058e-01 -1.537530562841787685e+02
2.570000000000000062e-01 -1.522711332830938034e+02
2.575000000000000067e-01 -1.507832417433738499e+02
2.580000000000000071e-01 -1.492924922070551474e+02
2.585000000000000075e-01 -1.477974847789932369e+02
2.590000000000000080e-01 -1.462969092674947547e+02
2.595000000000000084e-01 -1.447937942396683013e+02
2.600000000000000089e-01 -1.432868978814999537e+02
2.605000000000000093e-01 -1.417762472362416588e+02
2.610000000000000098e-01 -1.402620829021994098e+02
2.615000000000000102e-01 -1.387444876130102500e+02
2.620000000000000107e-01 -1.372236404986494449e+02
2.625000000000000111e-01 -1.356997385228231394e+02
2.630000000000000115e-01 -1.341729045149573096e+02
2.635000000000000120e-01 -1.326433048761870168e+02
2.640000000000000124e-01 -1.311124457078662431e+02
2.645000000000000129e-01 -1.295778612222406707e+02
2.650000000000000133e-01 -1.280423513057393734e+02
2.655000000000000138e-01 -1.265047435501757604e+02
2.660000000000000142e-01 -1.249640580218411543e+02
2.665000000000000147e-01 -1.234229137909252216e+02
2.670000000000000151e-01 -1.218802833074718706e+02
2.675000000000000155e-01 -1.203375526001752718e+02
2.680000000000000160e-01 -1.187925471150239645e+02
2.685000000000000164e-01 -1.172466571951617311e+02
2.690000000000000169e-01 -1.157012316448468425e+02
2.695000000000000173e-01 -1.141541953470774473e+02
2.700000000000000178e-01 -1.126080531052171807e+02
2.705000000000000182e-01 -1.110618205846451190e+02
2.710000000000000187e-01 -1.095157780325399983e+02
2.715000000000000191e-01 -1.079701157981228192e+02
2.720000000000000195e-01 -1.064250792096700025e+02
2.725000000000000200e-01 -1.048819330855064749e+02
2.730000000000000204e-01 -1.033398195680013316e+02
2.735000000000000209e-01 -1.017989729570847857e+02
2.740000000000000213e-01 -1.002596443954994925e+02
2.745000000000000218e-01 -9.872204882187607211e+01
2.750000000000000222e-01 -9.718646624838554260e+01
2.755000000000000226e-01 -9.565405257225883418e+01
2.760000000000000231e-01 -9.412407785955878126e+01
2.765000000000000235e-01 -9.259676809172854917e+01
2.770000000000000240e-01 -9.107241486623618698e+01
2.775000000000000244e-01 -8.955207471857065116e+01
2.780000000000000249e-01 -8.803511429491751983e+01
2.785000000000000253e-01 -8.652180773369798317e+01
2.790000000000000258e-01 -8.501234826890767238e+01
2.795000000000000262e-01 -8.350785220188210189e+01
2.800000000000000266e-01 -8.200769338875350911e+01
2.805000000000000271e-01 -8.051213384471432732e+01
2.810000000000000275e-01 -7.902217584686935936e+01
2.814999999999999725e-01 -7.753728306844350016e+01
2.819999999999999729e-01 -7.605765577694607771e+01
2.824999999999999734e-01 -7.458436398830063752e+01
2.829999999999999738e-01 -7.311679106525069471e+01
2.834999999999999742e-01 -7.165595766263372468e+01
2.839999999999999747e-01 -7.020134762082686564e+01
2.844999999999999751e-01 -6.875386873043694891e+01
2.849999999999999756e-01 -6.731308516309542256e+01
2.854999999999999760e-01 -6.587988633902780578e+01
2.859999999999999765e-01 -6.445382150272730826e+01
2.864999999999999769e-01 -6.303573049279207652e+01
2.869999999999999774e-01 -6.162522698896719220e+01
2.874999999999999778e-01 -6.022312780931949305e+01
2.879999999999999782e-01 -5.882967126156066939e+01
2.884999999999999787e-01 -5.744496165467281656e+01
2.889999999999999791e-01 -5.606871689068415066e+01
2.894999999999999796e-01 -5.470165483607912194e+01
2.899999999999999800e-01 -5.334397634624085072e+01
2.904999999999999805e-01 -5.199584358335879131e+01
2.909999999999999809e-01 -5.065746943654701084e+01
2.914999999999999813e-01 -4.932899334000116198e+01
2.919999999999999818e-01 -4.801109766007193258e+01
2.924999999999999822e-01 -4.670295329093476511e+01
2.929999999999999827e-01 -4.540571851901801637e+01
2.934999999999999831e-01 -4.411906157498842873e+01
2.939999999999999836e-01 -4.284354540832698177e+01
2.944999999999999840e-01 -4.157894730311923581e+01
2.949999999999999845e-01 -4.032572697316506094e+01
2.954999999999999849e-01 -3.908412335687698658e+01
2.959999999999999853e-01 -3.785414586074573151e+01
2.964999999999999858e-01 -3.663594017755092835e+01
2.969999999999999862e-01 -3.542961767791257444e+01
2.974999999999999867e-01 -3.423565883800798559e+01
2.979999999999999871e-01 -3.305410787319592458e+01
2.984999999999999876e-01 -3.188502133397252081e+01
2.989999999999999880e-01 -3.072848178641058325e+01
2.994999999999999885e-01 -2.958484147423591182e+01
2.999999999999999889e-01 -2.845410183680078831e+01
3.004999999999999893e-01 -2.733630130568441530e+01
3.009999999999999898e-01 -2.623175096590899003e+01
3.014999999999999902e-01 -2.514069854917839564e+01
3.019999999999999907e-01 -2.406279600940291630e+01
3.024999999999999911e-01 -2.299873513564423533e+01
3.029999999999999916e-01 -2.194803376849610999e+01
3.034999999999999920e-01 -2.091137767064522990e+01
3.039999999999999925e-01 -1.988849485027250452e+01
3.044999999999999929e-01 -1.887955483972675808e+01
3.049999999999999933e-01 -1.788457897047653233e+01
3.054999999999999938e-01 -1.690387032213115504e+01
3.059999999999999942e-01 -1.593736198505990487e+01
3.064999999999999947e-01 -1.498507553180921370e+01
3.069999999999999951e-01 -1.404715301342850964e+01
3.074999999999999956e-01 -1.312370525350083739e+01
3.079999999999999960e-01 -1.221471852316233964e+01
3.084999999999999964e-01 -1.132034041464657825e+01
3.089999999999999969e-01 -1.044039009852901501e+01
3.094999999999999973e-01 -9.575196468473405886e+00
3.099999999999999978e-01 -8.724528363587401358e+00
3.104999999999999982e-01 -7.888655595366310003e+00
3.109999999999999987e-01 -7.067451436873284365e+00
3.114999999999999991e-01 -6.260921601409203952e+00
3.119999999999999996e-01 -5.469204555586776095e+00
3.125000000000000000e-01 -4.692221164908553455e+00
3.130000000000000004e-01 -3.929985996295330519e+00
3.135000000000000009e-01 -3.182489255150975360e+00
3.140000000000000013e-01 -2.449723687420594764e+00
3.145000000000000018e-01 -1.731698867159024102e+00
3.150000000000000022e-01 -1.028385763443942169e+00
3.155000000000000027e-01 -3.398199334662694304e-01
3.160000000000000031e-01 3.341651146879620060e-01
3.165000000000000036e-01 9.934893732250220655e-01
3.170000000000000040e-01 1.638224987237029362e+00
3.175000000000000044e-01 2.268411193919530167e+00
3.180000000000000049e-01 2.884087399549734254e+00
3.185000000000000053e-01 3.485320932786837744e+00
3.190000000000000058e-01 4.072160898936286522e+00
3.195000000000000062e-01 4.644666337575817039e+00
3.200000000000000067e-01 5.202926560070599393e+00
3.205000000000000071e-01 5.746997969889232394e+00
3.210000000000000075e-01 6.276937198392989359e+00
3.215000000000000080e-01 6.792838667435031397e+00
3.220000000000000084e-01 7.294797936814359396e+00
3.225000000000000089e-01 7.782897130003643582e+00
3.230000000000000093e-01 8.257213708421536680e+00
3.235000000000000098e-01 8.717860317274947590e+00
3.240000000000000102e-01 9.164923001119062107e+00
3.245000000000000107e-01 9.598523061811077284e+00
3.250000000000000111e-01 1.001876711666537467e+01
3.255000000000000115e-01 1.042575223099562898e+01
3.260000000000000120e-01 1.081960826039006207e+01
3.265000000000000124e-01 1.120044561092078084e+01
3.270000000000000129e-01 1.156838326444504617e+01
3.275000000000000133e-01 1.192354762595667950e+01
3.280000000000000138e-01 1.226608316942432708e+01
3.285000000000000142e-01 1.259609925854215895e+01
3.290000000000000147e-01 1.291374414133381165e+01
3.295000000000000151e-01 1.321914670452332530e+01
3.300000000000000155e-01 1.351245876435076276e+01
3.305000000000000160e-01 1.379379467002488191e+01
3.310000000000000164e-01 1.406332110611298880e+01
3.315000000000000169e-01 1.432119248085602514e+01
3.320000000000000173e-01 1.456754860616863212e+01
3.325000000000000178e-01 1.480253419126351666e+01
3.330000000000000182e-01 1.502629788849003312e+01
3.335000000000000187e-01 1.523903535452678604e+01
3.340000000000000191e-01 1.544085498420377256e+01
3.345000000000000195e-01 1.563194645776670377e+01
3.350000000000000200e-01 1.581243764896719028e+01
3.355000000000000204e-01 1.598251483156480468e+01
3.360000000000000209e-01 1.614234708364055848e+01
3.365000000000000213e-01 1.629208184608419074e+01
3.370000000000000218e-01 1.643191595027704466e+01
3.375000000000000222e-01 1.656195072813001090e+01
3.380000000000000226e-01 1.668241736562465505e+01
3.385000000000000231e-01 1.679345468375731087e+01
3.390000000000000235e-01 1.689524532190873174e+01
3.395000000000000240e-01 1.698796195578186286e+01
3.400000000000000244e-01 1.707174226107582982e+01
3.405000000000000249e-01 1.714678106528121759e+01
3.410000000000000253e-01 1.721325133080467396e+01
3.415000000000000258e-01 1.727133784059384425e+01
3.420000000000000262e-01 1.732116481196738533e+01
3.425000000000000266e-01 1.736291866571240305e+01
3.430000000000000271e-01 1.739679309137364882e+01
3.435000000000000275e-01 1.742297398779048478e+01
3.439999999999999725e-01 1.744156857509016945e+01
3.444999999999999729e-01 1.745277429481831177e+01
3.449999999999999734e-01 1.745679289035706105e+01
3.454999999999999738e-01 1.745373170680709407e+01
3.459999999999999742e-01 1.744380855263465335e+01
3.464999999999999747e-01 1.742716702116073435e+01
3.469999999999999751e-01 1.740397269576369155e+01
3.474999999999999756e-01 1.737439955917398038e+01
3.479999999999999760e-01 1.733859978784912315e+01
3.484999999999999765e-01 1.729674728365442959e+01
3.489999999999999769e-01 1.724898086023486243e+01
3.494999999999999774e-01 1.719548178378127545e+01
3.499999999999999778e-01 1.713639718642558663e+01
3.504999999999999782e-01 1.707187317997590981e+01
3.509999999999999787e-01 1.700208849008185652e+01
3.514999999999999791e-01 1.692717343546837938e+01
3.519999999999999796e-01 1.684731508967756497e+01
3.524999999999999800e-01 1.676261335997077140e+01
3.529999999999999805e-01 1.667326505567520201e+01
3.534999999999999809e-01 1.657936749205134319e+01
3.539999999999999813e-01 1.648109224361319036e+01
3.544999999999999818e-01 1.637859586216858787e+01
3.549999999999999822e-01 1.627196969389650150e+01
3.554999999999999827e-01 1.616140573169121097e+01
3.559999999999999831e-01 1.604701071048912553e+01
3.564999999999999836e-01 1.592890150533748717e+01
3.569999999999999840e-01 1.580725890458766614e+01
3.574999999999999845e-01 1.568215099409065338e+01
3.579999999999999849e-01 1.555375276219796810e+01
3.584999999999999853e-01 1.542218048114396467e+01
3.589999999999999858e-01 1.528751570251147562e+01
3.594999999999999862e-01 1.514994282697656480e+01
3.599999999999999867e-01 1.500952250990229508e+01
3.604999999999999871e-01 1.486640988579835287e+01
3.609999999999999876e-01 1.472066326062235753e+01
3.614999999999999880e-01 1.457245243872406171e+01
3.619999999999999885e-01 1.442184279633156052e+01
3.624999999999999889e-01 1.426896409346517380e+01
3.629999999999999893e-01 1.411391066376153880e+01
3.634999999999999898e-01 1.395676364712640272e+01
3.639999999999999902e-01 1.379763938195650397e+01
3.644999999999999907e-01 1.363662977896926520e+01
3.649999999999999911e-01 1.347381826131349136e+01
3.654999999999999916e-01 1.330929567527452839e+01
3.659999999999999920e-01 1.314317074497676963e+01
3.664999999999999925e-01 1.297548548340106045e+01
3.669999999999999929e-01 1.280633563413082143e+01
3.674999999999999933e-01 1.263583354831789052e+01
3.679999999999999938e-01 1.246401620196888516e+01
3.684999999999999942e-01 1.229095251012282297e+01
3.689999999999999947e-01 1.211675242306645828e+01
3.694999999999999951e-01 1.194145886383379995e+01
3.699999999999999956e-01 1.176511649621757449e+01
3.704999999999999960e-01 1.158785557126280530e+01
3.709999999999999964e-01 1.140965001761688313e+01
3.714999999999999969e-01 1.123062323659565287e+01
3.719999999999999973e-01 1.105082541999076184e+01
3.724999999999999978e-01 1.087029338942991963e+01
3.729999999999999982e-01 1.068907013410952445e+01
3.734999999999999987e-01 1.050721092690370817e+01
3.739999999999999991e-01 1.032478658382295222e+01
3.744999999999999996e-01 1.014181812606043387e+01
3.750000000000000000e-01 9.958355693948163889e+00
3.755000000000000004e-01 9.774427717113125524e+00
3.760000000000000009e-01 9.590099996645701452e+00
3.765000000000000013e-01 9.405370594817540564e+00
3.770000000000000018e-01 9.220322339315929483e+00
3.775000000000000022e-01 9.034947007221795445e+00
3.780000000000000027e-01 8.849295884164375181e+00
3.785000000000000031e-01 8.663384969065369035e+00
3.790000000000000036e-01 8.477240055442615940e+00
3.795000000000000040e-01 8.290894176166089480e+00
3.800000000000000044e-01 8.104368278915201174e+00
3.805000000000000049e-01 7.917700058613934999e+00
3.810000000000000053e-01 7.730875102720407455e+00
3.815000000000000058e-01 7.543928911132067761e+00
3.820000000000000062e-01 7.356887115636466135e+00
3.825000000000000067e-01 7.169755883802293006e+00
3.830000000000000071e-01 6.982547418442139886e+00
3.835000000000000075e-01 6.795264392422030397e+00
3.840000000000000080e-01 6.607945763585196808e+00
3.845000000000000084e-01 6.420584211714357892e+00
3.850000000000000089e-01 6.233178591512295696e+00
3.855000000000000093e-01 6.045741274873269511e+00
3.860000000000000098e-01 5.858302482125075095e+00
3.865000000000000102e-01 5.670821082452071948e+00
3.870000000000000107e-01 5.483348082131178636e+00
3.875000000000000111e-01 5.295853113807062584e+00
3.880000000000000115e-01 5.108353182022490557e+00
3.885000000000000120e-01 4.920838661262991742e+00
3.890000000000000124e-01 4.733330124287763674e+00
3.895000000000000129e-01 4.545803305147773976e+00
3.900000000000000133e-01 4.358276361034380209e+00
3.905000000000000138e-01 4.170728630971865414e+00
3.910000000000000142e-01 3.983169872799480427e+00
3.915000000000000147e-01 3.795601187706181712e+00
3.920000000000000151e-01 3.608003023256586950e+00
3.925000000000000155e-01 3.420367134477496851e+00
3.930000000000000160e-01 3.232740665374329136e+00
3.935000000000000164e-01 3.045059092478691110e+00
3.940000000000000169e-01 2.857334596549047312e+00
3.945000000000000173e-01 2.669565951423038097e+00
3.950000000000000178e-01 2.481751828019027606e+00
3.955000000000000182e-01 2.293873973577760239e+00
3.960000000000000187e-01 2.105937336856940512e+00
3.965000000000000191e-01 1.917953760451705625e+00
3.970000000000000195e-01 1.729866188138477812e+00
3.975000000000000200e-01 1.541712300138491143e+00
3.980000000000000204e-01 1.353474959584202164e+00
3.985000000000000209e-01 1.165141971014391986e+00
3.990000000000000213e-01 9.767120641584398077e-01
3.995000000000000218e-01 7.881766779339498541e-01
4.000000000000000222e-01 5.995309444483621908e-01
4.005000000000000226e-01 4.107760089988943264e-01
4.010000000000000231e-01 2.218996761243280658e-01
4.015000000000000235e-01 3.290069025679579623e-02
4.020000000000000240e-01 -1.562270720641298904e-01
4.025000000000000244e-01 -3.454884493255022115e-01
4.030000000000000249e-01 -5.348773474724004551e-01
4.035000000000000253e-01 -7.243939502892413618e-01
4.040000000000000258e-01 -9.140685663203420575e-01
4.045000000000000262e-01 -1.103874499346078064e+00
4.050000000000000266e-01 -1.293831235639442134e+00
4.055000000000000271e-01 -1.483936190550932510e+00
4.060000000000000275e-01 -1.674165120185646893e+00
4.064999999999999725e-01 -1.864540036655065736e+00
4.069999999999999729e-01 -2.055073032501134822e+00
4.074999999999999734e-01 -2.245748072045265609e+00
4.079999999999999738e-01 -2.436533819067951523e+00
4.084999999999999742e-01 -2.627488394224844370e+00
4.089999999999999747e-01 -2.818548639886068852e+00
4.094999999999999751e-01 -3.009750936596731652e+00
4.099999999999999756e-01 -3.201064946407009781e+00
4.104999999999999760e-01 -3.392512306508174369e+00
4.109999999999999765e-01 -3.584043376461825137e+00
4.114999999999999769e-01 -3.775712466111752708e+00
4.119999999999999774e-01 -3.967430888959802893e+00
4.124999999999999778e-01 -4.159246274202255123e+00
4.129999999999999782e-01 -4.351173915028653916e+00
4.134999999999999787e-01 -4.543122525588588090e+00
4.139999999999999791e-01 -4.735113053561469165e+00
4.144999999999999796e-01 -4.927182679274916488e+00
4.149999999999999800e-01 -5.119231761634672750e+00
4.154999999999999805e-01 -5.311310139566309374e+00
4.159999999999999809e-01 -5.503395786255589783e+00
4.164999999999999813e-01 -5.695473840726651638e+00
4.169999999999999818e-01 -5.887505271622495151e+00
4.174999999999999822e-01 -6.079484769967960389e+00
4.179999999999999827e-01 -6.271341131647144351e+00
4.184999999999999831e-01 -6.463190208348384758e+00
4.189999999999999836e-01 -6.654841550966502872e+00
4.194999999999999840e-01 -6.846444205790100490e+00
4.199999999999999845e-01 -7.037854617772610233e+00
4.204999999999999849e-01 -7.229115958377297702e+00
4.209999999999999853e-01 -7.420111920130470828e+00
4.214999999999999858e-01 -7.610957576992085194e+00
4.219999999999999862e-01 -7.801534402890235143e+00
4.224999999999999867e-01 -7.991792669170001417e+00
4.229999999999999871e-01 -8.181772625999366610e+00
4.234999999999999876e-01 -8.371478317916702494e+00
4.239999999999999880e-01 -8.560772350092751282e+00
4.244999999999999885e-01 -8.749709267615356723e+00
4.249999999999999889e-01 -8.938239216856194602e+00
4.254999999999999893e-01 -9.126380676949652937e+00
4.259999999999999898e-01 -9.313965027117616202e+00
4.264999999999999902e-01 -9.501123119700446651e+00
4.269999999999999907e-01 -9.687725503435640206e+00
4.274999999999999911e-01 -9.873729424370852215e+00
4.279999999999999916e-01 -1.005911964812755244e+01
4.284999999999999920e-01 -1.024399554228152454e+01
4.289999999999999925e-01 -1.042806084171325409e+01
4.294999999999999929e-01 -1.061150164223174031e+01
4.299999999999999933e-01 -1.079425370555473229e+01
4.304999999999999938e-01 -1.097617510712373701e+01
4.309999999999999942e-01 -1.115737702922170804e+01
4.314999999999999947e-01 -1.133770179679770962e+01
4.319999999999999951e-01 -1.151707554757257235e+01
4.324999999999999956e-01 -1.169557887745015989e+01
4.329999999999999960e-01 -1.187323564653623720e+01
4.334999999999999964e-01 -1.204975942106433173e+01
4.339999999999999969e-01 -1.222534938765505252e+01
4.344999999999999973e-01 -1.239988943580433123e+01
4.349999999999999978e-01 -1.257332519533982129e+01
4.354999999999999982e-01 -1.274553494841094015e+01
4.359999999999999987e-01 -1.291674592747614803e+01
4.364999999999999991e-01 -1.308664235757128047e+01
4.369999999999999996e-01 -1.325520846183347246e+01
4.375000000000000000e-01 -1.342265534147470163e+01
4.380000000000000004e-01 -1.358862156250347120e+01
4.385000000000000009e-01 -1.375339868971084378e+01
4.390000000000000013e-01 -1.391662807807582425e+01
4.395000000000000018e-01 -1.407845902383381897e+01
4.400000000000000022e-01 -1.423878889691535932e+01
4.405000000000000027e-01 -1.439757681645160758e+01
4.410000000000000031e-01 -1.455491372126072491e+01
4.415000000000000036e-01 -1.471052049779350490e+01
4.420000000000000040e-01 -1.486459744856227871e+01
4.425000000000000044e-01 -1.501701145116883573e+01
4.430000000000000049e-01 -1.516771628484613110e+01
4.435000000000000053e-01 -1.531652709616783348e+01
4.440000000000000058e-01 -1.546371129424662172e+01
4.445000000000000062e-01 -1.560894736444703490e+01
4.450000000000000067e-01 -1.575247725317585790e+01
4.455000000000000071e-01 -1.589400042136500524e+01
4.460000000000000075e-01 -1.603360112870266008e+01
4.465000000000000080e-01 -1.617130551270382099e+01
4.470000000000000084e-01 -1.630700082524231576e+01
4.475000000000000089e-01 -1.644058520079182983e+01
4.480000000000000093e-01 -1.657214363266069057e+01
4.485000000000000098e-01 -1.670162164040589303e+01
4.490000000000000102e-01 -1.682887851827993231e+01
4.495000000000000107e-01 -1.695402616164929910e+01
4.500000000000000111e-01 -1.707702542888634056e+01
4.505000000000000115e-01 -1.719785211133549652e+01
4.510000000000000120e-01 -1.731633152940306530e+01
4.515000000000000124e-01 -1.743240013735375626e+01
4.520000000000000129e-01 -1.754623206342801467e+01
4.525000000000000133e-01 -1.765779918523913850e+01
4.530000000000000138e-01 -1.776688556892193560e+01
4.535000000000000142e-01 -1.787365810184716253e+01
4.540000000000000147e-01 -1.797790080604136875e+01
4.545000000000000151e-01 -1.807977344714520385e+01
4.550000000000000155e-01 -1.817909158189188545e+01
4.555000000000000160e-01 -1.827598927797213335e+01
4.560000000000000164e-01 -1.837026430097909468e+01
4.565000000000000169e-01 -1.846193196032260886e+01
4.570000000000000173e-01 -1.855110560542420473e+01
4.575000000000000178e-01 -1.863778403800947814e+01
4.580000000000000182e-01 -1.872176867275316425e+01
4.585000000000000187e-01 -1.880307362230824708e+01
4.590000000000000191e-01 -1.888181470895755254e+01
4.595000000000000195e-01 -1.895779590997119257e+01
4.600000000000000200e-01 -1.903105197692373096e+01
4.605000000000000204e-01 -1.910168566334050766e+01
4.610000000000000209e-01 -1.916955765136665946e+01
4.615000000000000213e-01 -1.923480703096437239e+01
4.620000000000000218e-01 -1.929725561313452786e+01
4.625000000000000222e-01 -1.935686337560182224e+01
4.630000000000000226e-01 -1.941366420399592130e+01
4.635000000000000231e-01 -1.946782004579880976e+01
4.640000000000000235e-01 -1.951930308586405971e+01
4.645000000000000240e-01 -1.956774747074159748e+01
4.650000000000000244e-01 -1.961352135334485425e+01
4.655000000000000249e-01 -1.965643576802919767e+01
4.660000000000000253e-01 -1.969668310897953845e+01
4.665000000000000258e-01 -1.973403213292083436e+01
4.670000000000000262e-01 -1.976853748050882942e+01
4.675000000000000266e-01 -1.980016629682412699e+01
4.680000000000000271e-01 -1.982912807616230921e+01
4.685000000000000275e-01 -1.985519752962709106e+01
4.689999999999999725e-01 -1.987840633160131887e+01
4.694999999999999729e-01 -1.989875329419704642e+01
4.699999999999999734e-01 -1.991644435819618408e+01
4.704999999999999738e-01 -1.993127125394796195e+01
4.709999999999999742e-01 -1.994325953389233419e+01
4.714999999999999747e-01 -1.995260309037750801e+01
4.719999999999999751e-01 -1.995911670089077816e+01
4.724999999999999756e-01 -1.996280645213569827e+01
4.729999999999999760e-01 -1.996367261763073131e+01
4.734999999999999765e-01 -1.996196132216338270e+01
4.739999999999999769e-01 -1.995745822408209236e+01
4.744999999999999774e-01 -1.995019147366152623e+01
4.749999999999999778e-01 -1.994018055717467774e+01
4.754999999999999782e-01 -1.992742413235471233e+01
4.759999999999999787e-01 -1.991210316981985784e+01
4.764999999999999791e-01 -1.989411273420345694e+01
4.769999999999999796e-01 -1.987343462572344066e+01
4.774999999999999800e-01 -1.985028355208264017e+01
4.779999999999999805e-01 -1.982449024558179218e+01
4.784999999999999809e-01 -1.979607914860297768e+01
4.789999999999999813e-01 -1.976506144363496631e+01
4.794999999999999818e-01 -1.973147379209272501e+01
4.799999999999999822e-01 -1.969553333930106476e+01
4.804999999999999827e-01 -1.965707072934419841e+01
4.809999999999999831e-01 -1.961609605087333108e+01
4.814999999999999836e-01 -1.957266661892775872e+01
4.819999999999999840e-01 -1.952698861688481458e+01
4.824999999999999845e-01 -1.947889412082961513e+01
4.829999999999999849e-01 -1.942842830028234857e+01
4.834999999999999853e-01 -1.937560356389415261e+01
4.839999999999999858e-01 -1.932045786540474452e+01
4.844999999999999862e-01 -1.926322065587079990e+01
4.849999999999999867e-01 -1.920374210240640522e+01
4.854999999999999871e-01 -1.914203586187919726e+01
4.859999999999999876e-01 -1.907814474857007525e+01
4.864999999999999880e-01 -1.901229465850449074e+01
4.869999999999999885e-01 -1.894415297694088451e+01
4.874999999999999889e-01 -1.887414387215586942e+01
4.879999999999999893e-01 -1.880226906717032875e+01
4.884999999999999898e-01 -1.872821058767727820e+01
4.889999999999999902e-01 -1.865239395892292151e+01
4.894999999999999907e-01 -1.857464411320814079e+01
4.899999999999999911e-01 -1.849503432621952470e+01
4.904999999999999916e-01 -1.841358929763732277e+01
4.909999999999999920e-01 -1.833036380931098108e+01
4.914999999999999925e-01 -1.824554861910349501e+01
4.919999999999999929e-01 -1.815904512829855832e+01
4.924999999999999933e-01 -1.807087541668758135e+01
4.929999999999999938e-01 -1.798126311175571601e+01
4.934999999999999942e-01 -1.788990335206171522e+01
4.939999999999999947e-01 -1.779717441744465134e+01
4.944999999999999951e-01 -1.770314879547625964e+01
4.949999999999999956e-01 -1.760751939141432842e+01
4.954999999999999960e-01 -1.751049714194181561e+01
4.959999999999999964e-01 -1.741229704881661888e+01
4.964999999999999969e-01 -1.731279879526600851e+01
4.969999999999999973e-01 -1.721206067989622568e+01
4.974999999999999978e-01 -1.711025056781113207e+01
4.979999999999999982e-01 -1.700731362721919027e+01
4.984999999999999987e-01 -1.690325273682497098e+01
4.989999999999999991e-01 -1.679814112820679739e+01
4.994999999999999996e-01 -1.669199744526443396e+01
5.000000000000000000e-01 -1.658508270316673716e+01
5.004999999999999449e-01 -1.647722674621541117e+01
5.010000000000000009e-01 -1.636850904707122822e+01
5.014999999999999458e-01 -1.625897225828480686e+01
5.020000000000000018e-01 -1.614881687350426631e+01
5.024999999999999467e-01 -1.603794206222987029e+01
5.030000000000000027e-01 -1.592640278857793312e+01
5.034999999999999476e-01 -1.581421992088026407e+01
5.040000000000000036e-01 -1.570161943754499845e+01
5.044999999999999485e-01 -1.558848230677278579e+01
5.050000000000000044e-01 -1.547487697311453125e+01
5.054999999999999494e-01 -1.536083628717333838e+01
5.060000000000000053e-01 -1.524655221092043433e+01
5.064999999999999503e-01 -1.513192396531573003e+01
5.070000000000000062e-01 -1.501701512701756336e+01
5.074999999999999512e-01 -1.490185875095004420e+01
5.080000000000000071e-01 -1.478648061744580033e+01
5.084999999999999520e-01 -1.467111283572477554e+01
5.090000000000000080e-01 -1.455564310026092656e+01
5.094999999999999529e-01 -1.444024315896620259e+01
5.100000000000000089e-01 -1.432469550781588907e+01
5.104999999999999538e-01 -1.420931164782555811e+01
5.110000000000000098e-01 -1.409400632838871026e+01
5.114999999999999547e-01 -1.397879187880888452e+01
5.120000000000000107e-01 -1.386389228678869223e+01
5.124999999999999556e-01 -1.374906198624526610e+01
5.130000000000000115e-01 -1.363460823516863840e+01
5.134999999999999565e-01 -1.352054951269320249e+01
5.140000000000000124e-01 -1.340671791847574923e+01
5.144999999999999574e-01 -1.329336407179367008e+01
5.150000000000000133e-01 -1.318041277393477095e+01
5.154999999999999583e-01 -1.306792503161065788e+01
5.160000000000000142e-01 -1.295591276244777212e+01
5.164999999999999591e-01 -1.284453276668322630e+01
5.170000000000000151e-01 -1.273371454441573292e+01
5.174999999999999600e-01 -1.262349008613732337e+01
5.180000000000000160e-01 -1.251391001737086839e+01
5.184999999999999609e-01 -1.240508184926362034e+01
5.190000000000000169e-01 -1.229684747606850515e+01
5.194999999999999618e-01 -1.218946457998200117e+01
5.200000000000000178e-01 -1.208281660358361087e+01
5.204999999999999627e-01 -1.197697865888654079e+01
5.210000000000000187e-01 -1.187207698028539404e+01
5.214999999999999636e-01 -1.176802502484892621e+01
5.220000000000000195e-01 -1.166482209571389284e+01
5.224999999999999645e-01 -1.156255461818951957e+01
5.230000000000000204e-01 -1.146120453800372196e+01
5.234999999999999654e-01 -1.136081049105670004e+01
5.240000000000000213e-01 -1.126151255087757086e+01
5.244999999999999662e-01 -1.116309523938648951e+01
5.250000000000000222e-01 -1.106580196591420240e+01
5.254999999999999671e-01 -1.096957419077659068e+01
5.260000000000000231e-01 -1.087440593754076268e+01
5.264999999999999680e-01 -1.078031749377976034e+01
5.270000000000000240e-01 -1.068743803723761587e+01
5.274999999999999689e-01 -1.059556418972780101e+01
5.280000000000000249e-01 -1.050492397030608416e+01
5.284999999999999698e-01 -1.041533339884241371e+01
5.290000000000000258e-01 -1.032700395298652296e+01
5.294999999999999707e-01 -1.023983722515789196e+01
5.300000000000000266e-01 -1.015388527136275876e+01
5.304999999999999716e-01 -1.006908990478308219e+01
5.310000000000000275e-01 -9.985503607804945503e+00
5.314999999999999725e-01 -9.903138524429936140e+00
5.320000000000000284e-01 -9.821987422657281641e+00
5.324999999999999734e-01 -9.742063577083035497e+00
5.330000000000000293e-01 -9.663345291704912299e+00
5.334999999999999742e-01 -9.585872706420245137e+00
5.340000000000000302e-01 -9.509632384902699798e+00
5.344999999999999751e-01 -9.434619437205590486e+00
5.350000000000000311e-01 -9.360831543328968607e+00
5.354999999999999760e-01 -9.288288035166925027e+00
5.360000000000000320e-01 -9.216960960931963598e+00
5.364999999999999769e-01 -9.146863712842158378e+00
5.370000000000000329e-01 -9.077993684193872426e+00
5.374999999999999778e-01 -9.010322379197747367e+00
5.380000000000000338e-01 -8.943773961089366509e+00
5.384999999999999787e-01 -8.878504693455345986e+00
5.390000000000000346e-01 -8.814355742762321810e+00
5.394999999999999796e-01 -8.751463680485368712e+00
5.400000000000000355e-01 -8.689637851680755531e+00
5.404999999999999805e-01 -8.628993815499301334e+00
5.410000000000000364e-01 -8.569493627070212227e+00
5.414999999999999813e-01 -8.511109957955468985e+00
5.420000000000000373e-01 -8.453758425011017152e+00
5.424999999999999822e-01 -8.397592560146431850e+00
5.430000000000000382e-01 -8.342405064092680789e+00
5.434999999999999831e-01 -8.288380041953216093e+00
5.440000000000000391e-01 -8.235326309485188290e+00
5.444999999999999840e-01 -8.183271553826529043e+00
5.450000000000000400e-01 -8.132159196593146788e+00
5.454999999999999849e-01 -8.082105648178005808e+00
5.460000000000000409e-01 -8.033011611484011993e+00
5.464999999999999858e-01 -7.984782232444321615e+00
5.470000000000000417e-01 -7.937452761009583746e+00
5.474999999999999867e-01 -7.891006896851645358e+00
5.480000000000000426e-01 -7.845369661799626471e+00
5.484999999999999876e-01 -7.800637560945029136e+00
5.490000000000000435e-01 -7.756645527023418474e+00
5.494999999999999885e-01 -7.713507025560800479e+00
5.500000000000000444e-01 -7.671039705397662445e+00
5.504999999999999893e-01 -7.629320732380048042e+00
5.510000000000000453e-01 -7.588211985409952121e+00
5.514999999999999902e-01 -7.547848920070733492e+00
5.520000000000000462e-01 -7.508057959475198828e+00
5.524999999999999911e-01 -7.468956174122669545e+00
5.530000000000000471e-01 -7.430352497392325617e+00
5.534999999999999920e-01 -7.392294382047405854e+00
5.540000000000000480e-01 -7.354768134463395945e+00
5.544999999999999929e-01 -7.317725978416479649e+00
5.550000000000000488e-01 -7.281127259412961017e+00
5.554999999999999938e-01 -7.244900552795630944e+00
5.560000000000000497e-01 -7.209125711979313067e+00
5.564999999999999947e-01 -7.173704673380645325e+00
5.570000000000000506e-01 -7.138545057311641351e+00
5.574999999999999956e-01 -7.103688288643008164e+00
5.580000000000000515e-01 -7.069131304885758915e+00
5.584999999999999964e-01 -7.034770712944788507e+00
5.590000000000000524e-01 -7.000640441040484774e+00
5.594999999999999973e-01 -6.966706618245928517e+00
5.600000000000000533e-01 -6.932810499244281388e+00
5.604999999999999982e-01 -6.899103244485540465e+00
5.610000000000000542e-01 -6.865388156430695332e+00
5.614999999999999991e-01 -6.831788723094564197e+00
5.620000000000000551e-01 -6.798167307052458419e+00
5.625000000000000000e-01 -6.764538210575612887e+00
5.629999999999999449e-01 -6.730848041224779976e+00
5.635000000000000009e-01 -6.697134801164226658e+00
5.639999999999999458e-01 -6.663233423129510946e+00
5.645000000000000018e-01 -6.629257872540259555e+00
5.649999999999999467e-01 -6.595107934894833157e+00
5.655000000000000027e-01 -6.560738947918042463e+00
5.659999999999999476e-01 -6.526221976049637163e+00
5.665000000000000036e-01 -6.491416907486072141e+00
5.669999999999999485e-01 -6.456332060714316867e+00
5.675000000000000044e-01 -6.420932369568141063e+00
5.679999999999999494e-01 -6.385263457835537615e+00
5.685000000000000053e-01 -6.349211220420727386e+00
5.689999999999999503e-01 -6.312851780791808309e+00
5.695000000000000062e-01 -6.276075600339119376e+00
5.699999999999999512e-01 -6.238907833010727266e+00
5.705000000000000071e-01 -6.201275225174176953e+00
5.709999999999999520e-01 -6.163157814234537568e+00
5.715000000000000080e-01 -6.124679726258856149e+00
5.719999999999999529e-01 -6.085607956676776453e+00
5.725000000000000089e-01 -6.046108732752710324e+00
5.729999999999999538e-01 -6.006057912199311843e+00
5.735000000000000098e-01 -5.965484327451730628e+00
5.739999999999999547e-01 -5.924318734176548418e+00
5.745000000000000107e-01 -5.882598834649127362e+00
5.749999999999999556e-01 -5.840311089623865470e+00
5.755000000000000115e-01 -5.797433656070944075e+00
5.759999999999999565e-01 -5.753981819828527300e+00
5.765000000000000124e-01 -5.709863583480215610e+00
5.769999999999999574e-01 -5.665183051687108673e+00
5.775000000000000133e-01 -5.619822551136992139e+00
5.779999999999999583e-01 -5.573872926597677413e+00
5.785000000000000142e-01 -5.527240689840839494e+00
5.789999999999999591e-01 -5.479985555253325202e+00
5.795000000000000151e-01 -5.432105921752561351e+00
5.799999999999999600e-01 -5.383538572897663244e+00
5.805000000000000160e-01 -5.334310609233969380e+00
5.809999999999999609e-01 -5.284469240929289491e+00
5.815000000000000169e-01 -5.233960759435177579e+00
5.819999999999999618e-01 -5.182772095994133466e+00
5.825000000000000178e-01 -5.130959073315997543e+00
5.829999999999999627e-01 -5.078481830855752222e+00
5.835000000000000187e-01 -5.025399833053436183e+00
5.839999999999999636e-01 -4.971670450930110619e+00
5.845000000000000195e-01 -4.917299059623326585e+00
5.849999999999999645e-01 -4.862367861953351245e+00
5.855000000000000204e-01 -4.806765344825284281e+00
5.859999999999999654e-01 -4.750593667820494304e+00
5.865000000000000213e-01 -4.693816663583796789e+00
5.869999999999999662e-01 -4.636499780339501164e+00
5.875000000000000222e-01 -4.578582474512741918e+00
5.879999999999999671e-01 -4.520130598653545384e+00
5.885000000000000231e-01 -4.461150526169147312e+00
5.889999999999999680e-01 -4.401688123442967893e+00
5.895000000000000240e-01 -4.341669822250900701e+00
5.899999999999999689e-01 -4.281224346069158138e+00
5.905000000000000249e-01 -4.220274021806706521e+00
5.909999999999999698e-01 -4.158874048823911984e+00
5.915000000000000258e-01 -4.097082878588376609e+00
5.919999999999999707e-01 -4.034892170559007063e+00
5.925000000000000266e-01 -3.972333481496608698e+00
5.929999999999999716e-01 -3.909385402102588447e+00
5.935000000000000275e-01 -3.846135480929257611e+00
5.939999999999999725e-01 -3.782550120568181740e+00
5.945000000000000284e-01 -3.718716935734061479e+00
5.949999999999999734e-01 -3.654612901342980003e+00
5.955000000000000293e-01 -3.590260441183510842e+00
5.959999999999999742e-01 -3.525739805644815483e+00
5.965000000000000302e-01 -3.461019592344994678e+00
5.969999999999999751e-01 -3.396147570156486495e+00
5.975000000000000311e-01 -3.331162843950054686e+00
5.979999999999999760e-01 -3.266082756431793133e+00
5.985000000000000320e-01 -3.200953850311774485e+00
5.989999999999999769e-01 -3.135813666135078392e+00
5.995000000000000329e-01 -3.070622696222765846e+00
5.999999999999999778e-01 -3.005499047618271469e+00
6.005000000000000338e-01 -2.940423417833019748e+00
6.009999999999999787e-01 -2.875429023521402616e+00
6.015000000000000346e-01 -2.810567238529171341e+00
6.019999999999999796e-01 -2.745868503725424237e+00
6.025000000000000355e-01 -2.681328436408460192e+00
6.029999999999999805e-01 -2.617028770427984430e+00
6.035000000000000364e-01 -2.552981701245215618e+00
6.039999999999999813e-01 -2.489188896105115401e+00
6.045000000000000373e-01 -2.425724724531846732e+00
6.049999999999999822e-01 -2.362593092905168390e+00
6.055000000000000382e-01 -2.299835624582959426e+00
6.059999999999999831e-01 -2.237483003029746342e+00
6.065000000000000391e-01 -2.175570610520952908e+00
6.069999999999999840e-01 -2.114104923383087531e+00
6.075000000000000400e-01 -2.053149430057975788e+00
6.079999999999999849e-01 -1.992722464170016750e+00
6.085000000000000409e-01 -1.932832947019062830e+00
6.089999999999999858e-01 -1.873545512344158448e+00
6.095000000000000417e-01 -1.814866386525003206e+00
6.099999999999999867e-01 -1.756817721349236638e+00
6.105000000000000426e-01 -1.699435046119815329e+00
6.109999999999999876e-01 -1.642749081058149985e+00
6.115000000000000435e-01 -1.586801251034948512e+00
6.119999999999999885e-01 -1.531589338969542968e+00
6.125000000000000444e-01 -1.477150056218991203e+00
6.129999999999999893e-01 -1.423507896625002989e+00
6.135000000000000453e-01 -1.370682515542234858e+00
6.139999999999999902e-01 -1.318699669731641544e+00
6.145000000000000462e-01 -1.267586312711030283e+00
6.149999999999999911e-01 -1.217365660700113761e+00
6.155000000000000471e-01 -1.168047655322558498e+00
6.159999999999999920e-01 -1.119664037123589528e+00
6.165000000000000480e-01 -1.072223308374588902e+00
6.169999999999999929e-01 -1.025720990805960575e+00
6.175000000000000488e-01 -9.802227972915750209e-01
6.179999999999999938e-01 -9.357118482620714328e-01
6.185000000000000497e-01 -8.922186286948065037e-01
6.189999999999999947e-01 -8.497456056172555394e-01
6.195000000000000506e-01 -8.082978454091485077e-01
6.199999999999999956e-01 -7.679069636423069278e-01
6.205000000000000515e-01 -7.285609559913055477e-01
6.209999999999999964e-01 -6.902903294876321372e-01
6.215000000000000524e-01 -6.531010458614266989e-01
6.219999999999999973e-01 -6.169713650021452223e-01
6.225000000000000533e-01 -5.819342315632429763e-01
6.229999999999999982e-01 -5.479957101941340669e-01
6.235000000000000542e-01 -5.151508153802316636e-01
6.239999999999999991e-01 -4.833815075522039928e-01
6.245000000000000551e-01 -4.527278016339808531e-01
6.250000000000000000e-01 -4.231555929721361742e-01
6.254999999999999449e-01 -3.946686115133892780e-01
6.260000000000000009e-01 -3.672790527189580545e-01
6.264999999999999458e-01 -3.409878192906298788e-01
6.270000000000000018e-01 -3.157428993304266518e-01
6.274999999999999467e-01 -2.916095572782418932e-01
6.280000000000000027e-01 -2.684968160414880622e-01
6.284999999999999476e-01 -2.464758503305625181e-01
6.290000000000000036e-01 -2.254266904049860298e-01
6.294999999999999485e-01 -2.056622353231024880e-01
6.300000000000000044e-01 -1.865244199226232247e-01
6.304999999999999494e-01 -1.686329117447756820e-01
6.310000000000000053e-01 -1.516686102043893758e-01
6.314999999999999503e-01 -1.356693866584932351e-01
6.320000000000000062e-01 -1.206494772159330819e-01
6.324999999999999512e-01 -1.065443363541858368e-01
6.330000000000000071e-01 -9.336220904645008145e-02
6.334999999999999520e-01 -8.105556166434403631e-02
6.340000000000000080e-01 -6.962421777482742657e-02
6.344999999999999529e-01 -5.903877888674717578e-02
6.350000000000000089e-01 -4.927470705013339142e-02
6.354999999999999538e-01 -4.030501934167125822e-02
6.360000000000000098e-01 -3.210150667568504451e-02
6.364999999999999547e-01 -2.463477791239837567e-02
6.370000000000000107e-01 -1.788148450731877684e-02
6.374999999999999556e-01 -1.180975359044149006e-02
6.380000000000000115e-01 -6.388923751369159076e-03
6.384999999999999565e-01 -1.587114768720337748e-03
6.390000000000000124e-01 2.627553578886470797e-03
6.394999999999999574e-01 6.286983566962746177e-03
6.400000000000000133e-01 9.426711849842431615e-03
6.404999999999999583e-01 1.207864805441368448e-02
6.410000000000000142e-01 1.427956970012462384e-02
6.414999999999999591e-01 1.606503549543918802e-02
6.420000000000000151e-01 1.747060414882133442e-02
6.424999999999999600e-01 1.853184907148836338e-02
6.430000000000000160e-01 1.928678864800255355e-02
6.434999999999999609e-01 1.977463801978030650e-02
6.440000000000000169e-01 2.003097794941559665e-02
6.444999999999999618e-01 2.009503828107818413e-02
6.450000000000000178e-01 2.000483004795366657e-02
6.454999999999999627e-01 1.979839368873435174e-02
6.460000000000000187e-01 1.951858607503573553e-02
6.464999999999999636e-01 1.919858710436688279e-02
6.470000000000000195e-01 1.888369862168826421e-02
6.474999999999999645e-01 1.860828992998638312e-02
6.480000000000000204e-01 1.841283173854517397e-02
6.484999999999999654e-01 1.833896945937265807e-02
6.490000000000000213e-01 1.842108709820869036e-02
6.494999999999999662e-01 1.870206358079879935e-02
6.500000000000000222e-01 1.921869848072111503e-02
6.504999999999999671e-01 2.001020693939203551e-02
6.510000000000000231e-01 2.111216971940554910e-02
6.514999999999999680e-01 2.256381666493138816e-02
6.520000000000000240e-01 2.440313675502514892e-02
6.524999999999999689e-01 2.666449194129664330e-02
6.530000000000000249e-01 2.938707531103225759e-02
6.534999999999999698e-01 3.260279649112016176e-02
6.540000000000000258e-01 3.634841829825510157e-02
6.544999999999999707e-01 4.065704711617937339e-02
6.550000000000000266e-01 4.556181138276532011e-02
6.554999999999999716e-01 5.109942245507095165e-02
6.560000000000000275e-01 5.729446974270286513e-02
6.564999999999999725e-01 6.418247519724162853e-02
6.570000000000000284e-01 7.179285201259372196e-02
6.574999999999999734e-01 8.015258311207397457e-02
6.580000000000000293e-01 8.928986287860474214e-02
6.584999999999999742e-01 9.923167423550080524e-02
6.590000000000000302e-01 1.100061601060478150e-01
6.594999999999999751e-01 1.216317496825415068e-01
6.600000000000000311e-01 1.341329809149517660e-01
6.604999999999999760e-01 1.475367632128266604e-01
6.610000000000000320e-01 1.618590660923636682e-01
6.614999999999999769e-01 1.771206902054366927e-01
6.620000000000000329e-01 1.933351747976516932e-01
6.624999999999999778e-01 2.105245393318666280e-01
6.630000000000000338e-01 2.287022495399206878e-01
6.634999999999999787e-01 2.478781441262070673e-01
6.640000000000000346e-01 2.680669076335491230e-01
6.644999999999999796e-01 2.892783273067032757e-01
6.650000000000000355e-01 3.115185780657339087e-01
6.654999999999999805e-01 3.348010447773363540e-01
6.660000000000000364e-01 3.591221371709485966e-01
6.664999999999999813e-01 3.844928245454276583e-01
6.670000000000000373e-01 4.109130774952670095e-01
6.674999999999999822e-01 4.383780648847901418e-01
6.680000000000000382e-01 4.668950334175118178e-01
6.684999999999999831e-01 4.964530284973279195e-01
6.690000000000000391e-01 5.270543995296868012e-01
6.694999999999999840e-01 5.586845134314020189e-01
6.700000000000000400e-01 5.913420631749690681e-01
6.704999999999999849e-01 6.250123201093049641e-01
6.710000000000000409e-01 6.596782208806313275e-01
6.714999999999999858e-01 6.953396037586615508e-01
6.720000000000000417e-01 7.319695813879774082e-01
6.724999999999999867e-01 7.695558333339572732e-01
6.730000000000000426e-01 8.080763033768597614e-01
6.734999999999999876e-01 8.475113288106513876e-01
6.740000000000000435e-01 8.878339561175243588e-01
6.744999999999999885e-01 9.290209029153758680e-01
6.750000000000000444e-01 9.710512288761753430e-01
6.754999999999999893e-01 1.013888244696994567e+00
6.760000000000000453e-01 1.057511061509439854e+00
6.764999999999999902e-01 1.101891359957185124e+00
6.770000000000000462e-01 1.146981429978808587e+00
6.774999999999999911e-01 1.192751762812506389e+00
6.780000000000000471e-01 1.239159597154560588e+00
6.784999999999999920e-01 1.286187502082358325e+00
6.790000000000000480e-01 1.333774353262276335e+00
6.794999999999999929e-01 1.381889364310512791e+00
6.800000000000000488e-01 1.430479913164826478e+00
6.804999999999999938e-01 1.479510367602985932e+00
6.810000000000000497e-01 1.528932892590166182e+00
6.814999999999999947e-01 1.578697237523702945e+00
6.820000000000000506e-01 1.628756771477001708e+00
6.824999999999999956e-01 1.679058842982313893e+00
6.830000000000000515e-01 1.729562790194561828e+00
6.834999999999999964e-01 1.780195227156512683e+00
6.840000000000000524e-01 1.830913157320394280e+00
6.844999999999999973e-01 1.881660250731375328e+00
6.850000000000000533e-01 1.932392189111425962e+00
6.854999999999999982e-01 1.983035512989546723e+00
6.860000000000000542e-01 2.033535103870513616e+00
6.864999999999999991e-01 2.083845395259806388e+00
6.870000000000000551e-01 2.133888052442488359e+00
6.875000000000000000e-01 2.183607846652686035e+00
6.879999999999999449e-01 2.232941083610026745e+00
6.885000000000000009e-01 2.281834935413721066e+00
6.889999999999999458e-01 2.330219525511955325e+00
6.895000000000000018e-01 2.378027451731767883e+00
6.899999999999999467e-01 2.425197428009246980e+00
6.905000000000000027e-01 2.471671751199667089e+00
6.909999999999999476e-01 2.517380507994331662e+00
6.915000000000000036e-01 2.562250253624994478e+00
6.919999999999999485e-01 2.606228145488112435e+00
6.925000000000000044e-01 2.649241906166787786e+00
6.929999999999999494e-01 2.691230139326458826e+00
6.935000000000000053e-01 2.732116962576910613e+00
6.939999999999999503e-01 2.771849496557718506e+00
6.945000000000000062e-01 2.810349480067712236e+00
6.949999999999999512e-01 2.847573673963689878e+00
6.955000000000000071e-01 2.883425542231096816e+00
6.959999999999999520e-01 2.917863196862493069e+00
6.965000000000000080e-01 2.950811893413507025e+00
6.969999999999999529e-01 2.982205529387303766e+00
6.975000000000000089e-01 3.011996071261886510e+00
6.979999999999999538e-01 3.040100323781136371e+00
6.985000000000000098e-01 3.066465584017668888e+00
6.989999999999999547e-01 3.091042621692632775e+00
6.995000000000000107e-01 3.113751905334238401e+00
6.999999999999999556e-01 3.134541862609564689e+00
7.005000000000000115e-01 3.153348828643744994e+00
7.009999999999999565e-01 3.170124872834056529e+00
7.015000000000000124e-01 3.184803877980912912e+00
7.019999999999999574e-01 3.197335571427518897e+00
7.025000000000000133e-01 3.207669614354691223e+00
7.029999999999999583e-01 3.215744750104025051e+00
7.035000000000000142e-01 3.221508356613278501e+00
7.039999999999999591e-01 3.224924735497831207e+00
7.045000000000000151e-01 3.225935111829505875e+00
7.049999999999999600e-01 3.224494117600953391e+00
7.055000000000000160e-01 3.220556392156197933e+00
7.059999999999999609e-01 3.214077764244744895e+00
7.065000000000000169e-01 3.205009349102447391e+00
7.069999999999999618e-01 3.193328928779277209e+00
7.075000000000000178e-01 3.178989931159652560e+00
7.079999999999999627e-01 3.161949528777464824e+00
7.085000000000000187e-01 3.142179519898415485e+00
7.089999999999999636e-01 3.119651643977190858e+00
7.095000000000000195e-01 3.094327963494374334e+00
7.099999999999999645e-01 3.066182736391762642e+00
7.105000000000000204e-01 3.035191380611128142e+00
7.109999999999999654e-01 3.001319769444913188e+00
7.115000000000000213e-01 2.964567697054571127e+00
7.119999999999999662e-01 2.924900926461895700e+00
7.125000000000000222e-01 2.882301124042488283e+00
7.129999999999999671e-01 2.836759566983666048e+00
7.135000000000000231e-01 2.788244720578751057e+00
7.139999999999999680e-01 2.736781974019864005e+00
7.145000000000000240e-01 2.682337149139811139e+00
7.149999999999999689e-01 2.624901839235107559e+00
7.155000000000000249e-01 2.564496572956690201e+00
7.159999999999999698e-01 2.501089845003388046e+00
7.165000000000000258e-01 2.434712037433284681e+00
7.169999999999999707e-01 2.365348568622829717e+00
7.175000000000000266e-01 2.293006832303072784e+00
7.179999999999999716e-01 2.217700301557228748e+00
7.185000000000000275e-01 2.139439989792415009e+00
7.189999999999999725e-01 2.058233349550693703e+00
7.195000000000000284e-01 1.974103677916920319e+00
7.199999999999999734e-01 1.887074139651170102e+00
7.205000000000000293e-01 1.797146174105728189e+00
7.209999999999999742e-01 1.704356470583522132e+00
7.215000000000000302e-01 1.608725903250192157e+00
7.219999999999999751e-01 1.510280258272199916e+00
7.225000000000000311e-01 1.409051386465419720e+00
7.229999999999999760e-01 1.305066373672439939e+00
7.235000000000000320e-01 1.198370492332714310e+00
7.239999999999999769e-01 1.088993192397032850e+00
7.245000000000000329e-01 9.769676390601506055e-01
7.249999999999999778e-01 8.623367700588276952e-01
7.255000000000000338e-01 7.451471281031377680e-01
7.259999999999999787e-01 6.254367756859036120e-01
7.265000000000000346e-01 5.032523437337197425e-01
7.269999999999999796e-01 3.786465057684652580e-01
7.275000000000000355e-01 2.516634697975195234e-01
7.279999999999999805e-01 1.223583763702369154e-01
7.285000000000000364e-01 -9.219757424456888339e-03
7.289999999999999813e-01 -1.430265103892577883e-01
7.295000000000000373e-01 -2.789715140782991210e-01
7.299999999999999822e-01 -4.170252009187636055e-01
7.305000000000000382e-01 -5.571347062529795613e-01
7.309999999999999831e-01 -6.992241917989918676e-01
7.315000000000000391e-01 -8.432480690081506358e-01
7.319999999999999840e-01 -9.891244349490867505e-01
7.325000000000000400e-01 -1.136812539560202895e+00
7.329999999999999849e-01 -1.286224260881806192e+00
7.335000000000000409e-01 -1.437298452526142745e+00
7.339999999999999858e-01 -1.590000252647988610e+00
7.345000000000000417e-01 -1.744207772797551792e+00
7.349999999999999867e-01 -1.899919059026180523e+00
7.355000000000000426e-01 -2.057012039099666900e+00
7.359999999999999876e-01 -2.215454509336054922e+00
7.365000000000000435e-01 -2.375160829505881033e+00
7.369999999999999885e-01 -2.536076864680850917e+00
7.375000000000000444e-01 -2.698118237550746645e+00
7.379999999999999893e-01 -2.861238037836657089e+00
7.385000000000000453e-01 -3.025337306604813925e+00
7.389999999999999902e-01 -3.190376439090837124e+00
7.395000000000000462e-01 -3.356255309009609000e+00
7.399999999999999911e-01 -3.522943019706679113e+00
7.405000000000000471e-01 -3.690368372899975657e+00
7.409999999999999920e-01 -3.858447086847174745e+00
7.415000000000000480e-01 -4.027148059055280171e+00
7.419999999999999929e-01 -4.196366148319079947e+00
7.425000000000000488e-01 -4.366047631387376171e+00
7.429999999999999938e-01 -4.536175921228327468e+00
7.435000000000000497e-01 -4.706627785607758518e+00
7.439999999999999947e-01 -4.877380778682961271e+00
7.445000000000000506e-01 -5.048350971577693969e+00
7.449999999999999956e-01 -5.219565330994973884e+00
7.455000000000000515e-01 -5.390847291072385694e+00
7.459999999999999964e-01 -5.562223312785500973e+00
7.465000000000000524e-01 -5.733634650611649342e+00
7.469999999999999973e-01 -5.905040414813077732e+00
7.475000000000000533e-01 -6.076329759752617576e+00
7.479999999999999982e-01 -6.247513551809851684e+00
7.485000000000000542e-01 -6.418574227737391169e+00
7.489999999999999991e-01 -6.589429217146131279e+00
7.495000000000000551e-01 -6.760128835283582660e+00
7.500000000000000000e-01 -6.930528036291256022e+00
7.504999999999999449e-01 -7.100625395519617911e+00
7.510000000000000009e-01 -7.270386800963867913e+00
7.514999999999999458e-01 -7.439815101923066720e+00
7.520000000000000018e-01 -7.608977177104889300e+00
7.524999999999999467e-01 -7.777646013074628328e+00
7.530000000000000027e-01 -7.945971104554867104e+00
7.534999999999999476e-01 -8.113883442456238271e+00
7.540000000000000036e-01 -8.281458878245905098e+00
7.544999999999999485e-01 -8.448543211039014622e+00
7.550000000000000044e-01 -8.615233923660168713e+00
7.554999999999999494e-01 -8.781527514055325057e+00
7.560000000000000053e-01 -8.947449349362475601e+00
7.564999999999999503e-01 -9.112961536170459453e+00
7.570000000000000062e-01 -9.278046564209066815e+00
7.574999999999999512e-01 -9.442832085171056988e+00
7.580000000000000071e-01 -9.607264758076821565e+00
7.584999999999999520e-01 -9.771392741421756511e+00
7.590000000000000080e-01 -9.935318766677070812e+00
7.594999999999999529e-01 -1.009890045501645872e+01
7.600000000000000089e-01 -1.026237600971478514e+01
7.604999999999999538e-01 -1.042563333843593476e+01
7.610000000000000098e-01 -1.058888021093704879e+01
7.614999999999999547e-01 -1.075201022461122236e+01
7.620000000000000107e-01 -1.091516530553448305e+01
7.624999999999999556e-01 -1.107843592507197528e+01
7.630000000000000115e-01 -1.124186822160805654e+01
7.634999999999999565e-01 -1.140543414195350636e+01
7.640000000000000124e-01 -1.156933290365198985e+01
7.644999999999999574e-01 -1.173365574844565451e+01
7.650000000000000133e-01 -1.189837585665901898e+01
7.654999999999999583e-01 -1.206369420713106244e+01
7.660000000000000142e-01 -1.222959152829626106e+01
7.664999999999999591e-01 -1.239630841846072862e+01
7.670000000000000151e-01 -1.256392665558242783e+01
7.674999999999999600e-01 -1.273246630669311052e+01
7.680000000000000160e-01 -1.290202275667628840e+01
7.684999999999999609e-01 -1.307285071497350692e+01
7.690000000000000169e-01 -1.324494717207297079e+01
7.694999999999999618e-01 -1.341842116972580889e+01
7.700000000000000178e-01 -1.359356967294985985e+01
7.704999999999999627e-01 -1.377052351938272423e+01
7.710000000000000187e-01 -1.394915365041995337e+01
7.714999999999999636e-01 -1.412988660579773992e+01
7.720000000000000195e-01 -1.431271702076499253e+01
7.724999999999999645e-01 -1.449796779201599861e+01
7.730000000000000204e-01 -1.468562460992814245e+01
7.734999999999999654e-01 -1.487574336057491031e+01
7.740000000000000213e-01 -1.506889905657371465e+01
7.744999999999999662e-01 -1.526484818135824462e+01
7.750000000000000222e-01 -1.546403591704691927e+01
7.754999999999999671e-01 -1.566651575316441480e+01
7.760000000000000231e-01 -1.587246872952646370e+01
7.764999999999999680e-01 -1.608220524595967760e+01
7.770000000000000240e-01 -1.629566216257202882e+01
7.774999999999999689e-01 -1.651328356029296884e+01
7.780000000000000249e-01 -1.673514260605597670e+01
7.784999999999999698e-01 -1.696144873838068889e+01
7.790000000000000258e-01 -1.719237378324546839e+01
7.794999999999999707e-01 -1.742831656967689113e+01
7.800000000000000266e-01 -1.766912464793529836e+01
7.804999999999999716e-01 -1.791538785637463249e+01
7.810000000000000275e-01 -1.816709685770165450e+01
7.814999999999999725e-01 -1.842452329390446053e+01
7.820000000000000284e-01 -1.868784525993182299e+01
7.824999999999999734e-01 -1.895729202025724547e+01
7.830000000000000293e-01 -1.923328782985632657e+01
7.834999999999999742e-01 -1.951565252979733955e+01
7.840000000000000302e-01 -1.980502971844230586e+01
7.844999999999999751e-01 -2.010143173244614445e+01
7.850000000000000311e-01 -2.040508690265751923e+01
7.854999999999999760e-01 -2.071626684165904564e+01
7.860000000000000320e-01 -2.103514485002067858e+01
7.864999999999999769e-01 -2.136196398875972235e+01
7.870000000000000329e-01 -2.169721282313023281e+01
7.874999999999999778e-01 -2.204066377084276240e+01
7.880000000000000338e-01 -2.239297885945162747e+01
7.884999999999999787e-01 -2.275419480183142795e+01
7.890000000000000346e-01 -2.312453974504641963e+01
7.894999999999999796e-01 -2.350425508870277724e+01
7.900000000000000355e-01 -2.389355681380904883e+01
7.904999999999999805e-01 -2.429269014548601646e+01
7.910000000000000364e-01 -2.470190040593991654e+01
7.914999999999999813e-01 -2.512164821015485572e+01
7.920000000000000373e-01 -2.555191782385869104e+01
7.924999999999999822e-01 -2.599273166804125168e+01
7.930000000000000382e-01 -2.644477577890771514e+01
7.934999999999999831e-01 -2.690802617137889285e+01
7.940000000000000391e-01 -2.738275087511819805e+01
7.944999999999999840e-01 -2.786913544496782791e+01
7.950000000000000400e-01 -2.836743369805401827e+01
7.954999999999999849e-01 -2.887809854535447585e+01
7.960000000000000409e-01 -2.940085169235789664e+01
7.964999999999999858e-01 -2.993643374976277727e+01
7.970000000000000417e-01 -3.048477534977986636e+01
7.974999999999999867e-01 -3.104609724574234875e+01
7.980000000000000426e-01 -3.162062715833464921e+01
7.984999999999999876e-01 -3.220853567115246108e+01
7.990000000000000435e-01 -3.281001797190381097e+01
7.994999999999999885e-01 -3.342530992052830641e+01
8.000000000000000444e-01 -3.405511658499994354e+01
