0.000000000000000000e+00 -2.092126573337133699e+00
1.430000000000000021e-02 -3.712892822935748516e+00
2.860000000000000042e-02 -6.039249189307206223e+00
4.290000000000000063e-02 -9.401300706797272255e+00
5.720000000000000084e-02 -1.422624439081081427e+01
7.149999999999999412e-02 -2.098482522929575822e+01
8.580000000000000127e-02 -3.011371817936340634e+01
1.000999999999999945e-01 -4.192835616949474087e+01
1.144000000000000017e-01 -5.654199510871021772e+01
1.287000000000000088e-01 -7.381070089957019320e+01
1.429999999999999882e-01 -9.331508745286451756e+01
1.572999999999999954e-01 -1.143835807036251850e+02
1.716000000000000025e-01 -1.361609486207548798e+02
1.859000000000000097e-01 -1.577040502127915431e+02
2.001999999999999891e-01 -1.780938805252125974e+02
2.144999999999999962e-01 -1.965399946336443975e+02
2.288000000000000034e-01 -2.124657356288528263e+02
2.431000000000000105e-01 -2.255510326035299045e+02
2.574000000000000177e-01 -2.357378456360109737e+02
2.716999999999999971e-01 -2.431895807806442917e+02
2.859999999999999765e-01 -2.482232810603305211e+02
3.003000000000000114e-01 -2.512207274665236127e+02
3.145999999999999908e-01 -2.525395419653196143e+02
3.289000000000000257e-01 -2.524415035061407764e+02
3.432000000000000051e-01 -2.510454130343159420e+02
3.574999999999999845e-01 -2.483155215018876163e+02
3.718000000000000194e-01 -2.440805088789155093e+02
3.860999999999999988e-01 -2.380844171585985691e+02
4.003999999999999782e-01 -2.300520623598426653e+02
4.147000000000000131e-01 -2.197617055244575965e+02
4.289999999999999925e-01 -2.071097997112300106e+02
4.433000000000000274e-01 -1.921589819866897244e+02
4.576000000000000068e-01 -1.751599624155815320e+02
4.718999999999999861e-01 -1.565464780511599088e+02
4.862000000000000210e-01 -1.369028109275608642e+02
5.004999999999999449e-01 -1.169097420555834930e+02
5.148000000000000353e-01 -9.727858042098745273e+01
5.291000000000000147e-01 -7.868037898744850622e+01
5.433999999999999941e-01 -6.168350570193396010e+01
5.576999999999999735e-01 -4.670641050198597100e+01
5.719999999999999529e-01 -3.399098132427472763e+01
5.863000000000000433e-01 -2.360007911320890273e+01
6.006000000000000227e-01 -1.543941382633137671e+01
6.149000000000000021e-01 -9.294673438487730976e+00
6.291999999999999815e-01 -4.880436942346606521e+00
6.434999999999999609e-01 -1.890558346071013807e+00
6.578000000000000513e-01 -4.196766880879010397e-02
6.721000000000000307e-01 8.942760652057323290e-01
6.864000000000000101e-01 1.078605832551834842e+00
7.006999999999999895e-01 6.052466155546709636e-01
7.149999999999999689e-01 -4.815415946244204770e-01
7.292999999999999483e-01 -2.162484797085513666e+00
7.436000000000000387e-01 -4.415764982428200369e+00
7.579000000000000181e-01 -7.192990135555724862e+00
7.721999999999999975e-01 -1.040309123935215752e+01
7.864999999999999769e-01 -1.390661427849611442e+01
8.007999999999999563e-01 -1.752079324239966596e+01
8.151000000000000467e-01 -2.103293112734460735e+01
8.294000000000000261e-01 -2.421981993714712900e+01
8.437000000000000055e-01 -2.686903968290278755e+01
8.579999999999999849e-01 -2.879953638177703468e+01
8.722999999999999643e-01 -2.987878105528531947e+01
8.866000000000000547e-01 -3.003506672741011485e+01
9.009000000000000341e-01 -2.926448242254633669e+01
9.152000000000000135e-01 -2.763207916335311154e+01
9.294999999999999929e-01 -2.526696296879184445e+01
9.437999999999999723e-01 -2.235184185205118723e+01
9.580999999999999517e-01 -1.910670681894706746e+01
9.724000000000000421e-01 -1.576798986689678550e+01
9.867000000000000215e-01 -1.256482198470610179e+01
1.000999999999999890e+00 -9.694689153877728671e+00
1.015300000000000091e+00 -7.302787350883014561e+00
1.029600000000000071e+00 -5.467799550684298460e+00
1.043900000000000050e+00 -4.197629730715860319e+00
1.058200000000000029e+00 -3.436390874465613976e+00
1.072500000000000009e+00 -3.081517974091396272e+00
1.086799999999999988e+00 -3.008277031159587889e+00
1.101099999999999968e+00 -3.096362055306897787e+00
1.115399999999999947e+00 -3.252709061108661537e+00
1.129699999999999926e+00 -3.425457063809855374e+00
1.143999999999999906e+00 -3.605841074905406174e+00
1.158300000000000107e+00 -3.817591098880088740e+00
1.172600000000000087e+00 -4.097115132006141636e+00
1.186900000000000066e+00 -4.470283163392480219e+00
1.201200000000000045e+00 -4.932177178366487169e+00
1.215500000000000025e+00 -5.436401163230465627e+00
1.229800000000000004e+00 -5.897837109899938923e+00
1.244099999999999984e+00 -6.208513019361499907e+00
1.258399999999999963e+00 -6.263245902729802417e+00
1.272699999999999942e+00 -5.988272779420824143e+00
1.286999999999999922e+00 -5.364717672859172559e+00
1.301299999999999901e+00 -4.439923604889635556e+00
1.315600000000000103e+00 -3.322986590128936601e+00
1.329900000000000082e+00 -2.164322632437137628e+00
1.344200000000000061e+00 -1.125259724159559216e+00
1.358500000000000041e+00 -3.454868489592177738e-01
1.372800000000000020e+00 8.149001241360338821e-02
1.387100000000000000e+00 1.165818748370458097e-01
1.401399999999999979e+00 -2.372412580407230465e-01
1.415699999999999958e+00 -9.666963981147170815e-01
1.429999999999999938e+00 -2.092126573337122153e+00
