0.000000000000000000e+00 -1.389025120972651450e+01
4.901960784313725422e-03 -1.277524500734625512e+01
9.803921568627450844e-03 -1.117467386495955850e+01
1.470588235294117627e-02 -9.184915006121002534e+00
1.960784313725490169e-02 -6.941051546182098519e+00
2.450980392156862711e-02 -4.615014822337403899e+00
2.941176470588235253e-02 -2.412126268273002694e+00
3.431372549019608142e-02 -5.661101507084471685e-01
3.921568627450980338e-02 6.672865523056292769e-01
4.411764705882352533e-02 1.017870126526256414e+00
4.901960784313725422e-02 2.095211082393308166e-01
5.392156862745098311e-02 -2.030635122433939621e+00
5.882352941176470507e-02 -5.962736821005074184e+00
6.372549019607842702e-02 -1.182472254323393379e+01
6.862745098039216285e-02 -1.982325167993980131e+01
7.352941176470588480e-02 -3.012535682214710420e+01
7.843137254901960675e-02 -4.285115406143257388e+01
8.333333333333332871e-02 -5.806790211264667789e+01
8.823529411764705066e-02 -7.578565390452662598e+01
9.313725490196078649e-02 -9.595468687177591960e+01
9.803921568627450844e-02 -1.184648328907846633e+02
1.029411764705882304e-01 -1.431467582609674025e+02
1.078431372549019662e-01 -1.697751712028574502e+02
1.127450980392156882e-01 -1.980738619860024983e+02
1.176470588235294101e-01 -2.277224119560356144e+02
1.225490196078431321e-01 -2.583643451952492001e+02
1.274509803921568540e-01 -2.896164428520850720e+02
1.323529411764705899e-01 -3.210788974656944674e+02
1.372549019607843257e-01 -3.523459545809650422e+02
1.421568627450980338e-01 -3.830166727511993940e+02
1.470588235294117696e-01 -4.127054312326542913e+02
1.519607843137254777e-01 -4.410518272577158427e+02
1.568627450980392135e-01 -4.677296311048539792e+02
1.617647058823529493e-01 -4.924545060710249800e+02
1.666666666666666574e-01 -5.149902501930879453e+02
1.715686274509803932e-01 -5.351533750232939610e+02
1.764705882352941013e-01 -5.528159014669257658e+02
1.813725490196078372e-01 -5.679063209364660452e+02
1.862745098039215730e-01 -5.804087390549566408e+02
1.911764705882352811e-01 -5.903602860516759847e+02
1.960784313725490169e-01 -5.978469401671402466e+02
2.009803921568627527e-01 -6.029979653963604278e+02
2.058823529411764608e-01 -6.059792106675246259e+02
2.107843137254901966e-01 -6.069855524233275901e+02
2.156862745098039325e-01 -6.062327853806896201e+02
2.205882352941176405e-01 -6.039492763603973344e+02
2.254901960784313764e-01 -6.003676934194554633e+02
2.303921568627450844e-01 -5.957171075457575853e+02
2.352941176470588203e-01 -5.902157378578975795e+02
2.401960784313725561e-01 -5.840645750208931304e+02
2.450980392156862642e-01 -5.774420732546491308e+02
2.500000000000000000e-01 -5.705000509863693878e+02
2.549019607843137081e-01 -5.633608861883085410e+02
2.598039215686274717e-01 -5.561160371466988863e+02
2.647058823529411797e-01 -5.488258652077004172e+02
2.696078431372548878e-01 -5.415206852011449428e+02
2.745098039215686514e-01 -5.342029237929637020e+02
2.794117647058823595e-01 -5.268502276989821667e+02
2.843137254901960675e-01 -5.194193338698245270e+02
2.892156862745097756e-01 -5.118504933693627663e+02
2.941176470588235392e-01 -5.040722302048004622e+02
2.990196078431372473e-01 -4.960062158511068446e+02
3.039215686274509554e-01 -4.875720492239401551e+02
3.088235294117647189e-01 -4.786917495565276113e+02
3.137254901960784270e-01 -4.692937948273586812e+02
3.186274509803921351e-01 -4.593165695714760659e+02
3.235294117647058987e-01 -4.487111213765990101e+02
3.284313725490196068e-01 -4.374431632749352161e+02
3.333333333333333148e-01 -4.254942977124208028e+02
3.382352941176470784e-01 -4.128624749808737988e+02
3.431372549019607865e-01 -3.995617332432098578e+02
3.480392156862744946e-01 -3.856212970880885109e+02
3.529411764705882026e-01 -3.710841357149548685e+02
3.578431372549019662e-01 -3.560050994949359051e+02
3.627450980392156743e-01 -3.404487642550745932e+02
3.676470588235293824e-01 -3.244871160397601670e+02
3.725490196078431460e-01 -3.081972055247437652e+02
3.774509803921568540e-01 -2.916588912475091320e+02
3.823529411764705621e-01 -2.749527752264672813e+02
3.872549019607843257e-01 -2.581584144726547265e+02
3.921568627450980338e-01 -2.413528686382605031e+02
3.970588235294117418e-01 -2.246096189967252030e+02
4.019607843137255054e-01 -2.079978685478380669e+02
4.068627450980392135e-01 -1.915822086898238865e+02
4.117647058823529216e-01 -1.754226158923774506e+02
4.166666666666666852e-01 -1.595747232615060227e+02
4.215686274509803932e-01 -1.440902977049519222e+02
4.264705882352941013e-01 -1.290178442159687506e+02
4.313725490196078649e-01 -1.144032549314816123e+02
4.362745098039215730e-01 -1.002904221242380629e+02
4.411764705882352811e-01 -8.672174089718605217e+01
4.460784313725489891e-01 -7.373843852638475482e+01
4.509803921568627527e-01 -6.138068237029220597e+01
4.558823529411764608e-01 -4.968743605884719017e+01
4.607843137254901689e-01 -3.869605318853313491e+01
4.656862745098039325e-01 -2.844161779773385845e+01
4.705882352941176405e-01 -1.895606028842581026e+01
4.754901960784313486e-01 -1.026709505868786820e+01
4.803921568627451122e-01 -2.397040894235465736e+00
4.852941176470588203e-01 4.638403715970087049e+00
4.901960784313725283e-01 1.083135136393085141e+01
4.950980392156862919e-01 1.618280151880779627e+01
5.000000000000000000e-01 2.070352296432658434e+01
5.049019607843137081e-01 2.441467191332639430e+01
5.098039215686274161e-01 2.734808653386309629e+01
5.147058823529411242e-01 2.954621397835204277e+01
5.196078431372549433e-01 3.106164419014763212e+01
5.245098039215686514e-01 3.195624478440027971e+01
5.294117647058823595e-01 3.229991207593572256e+01
5.343137254901960675e-01 3.216897372911540742e+01
5.392156862745097756e-01 3.164429742542938229e+01
5.441176470588234837e-01 3.080917635468665949e+01
5.490196078431373028e-01 2.974707533894481415e+01
5.539215686274510109e-01 2.853933027898447250e+01
5.588235294117647189e-01 2.726289787334538417e+01
5.637254901960784270e-01 2.598825194570700248e+01
5.686274509803921351e-01 2.477751723053891908e+01
5.735294117647058432e-01 2.368292136851203722e+01
5.784313725490195512e-01 2.274563165338490478e+01
5.833333333333333703e-01 2.199502546767114808e+01
5.882352941176470784e-01 2.144842323962059893e+01
5.931372549019607865e-01 2.111129117360844987e+01
5.980392156862744946e-01 2.097789905124481535e+01
6.029411764705882026e-01 2.103239719163515531e+01
6.078431372549019107e-01 2.125025727687256349e+01
6.127450980392157298e-01 2.160000517770893325e+01
6.176470588235294379e-01 2.204516099196872858e+01
6.225490196078431460e-01 2.254629288161716261e+01
6.274509803921568540e-01 2.306308738652401402e+01
6.323529411764705621e-01 2.355633988138209389e+01
6.372549019607842702e-01 2.398977465013888732e+01
6.421568627450979783e-01 2.433161435309140685e+01
6.470588235294117974e-01 2.455583289666316205e+01
6.519607843137255054e-01 2.464304312344645354e+01
6.568627450980392135e-01 2.458099039659854768e+01
6.617647058823529216e-01 2.436464402063051082e+01
6.666666666666666297e-01 2.399589942329582115e+01
6.715686274509803377e-01 2.348292402228501885e+01
6.764705882352941568e-01 2.283919767330164774e+01
6.813725490196078649e-01 2.208231361094193801e+01
6.862745098039215730e-01 2.123261707811658283e+01
6.911764705882352811e-01 2.031176582085789306e+01
6.960784313725489891e-01 1.934129896037363849e+01
7.009803921568626972e-01 1.834129834797546010e+01
7.058823529411764053e-01 1.732921951848430453e+01
7.107843137254902244e-01 1.631895818562146161e+01
7.156862745098039325e-01 1.532020349349390642e+01
7.205882352941176405e-01 1.433811176638896789e+01
7.254901960784313486e-01 1.337331524651476222e+01
7.303921568627450567e-01 1.242226033395817275e+01
7.352941176470587648e-01 1.147785024288676858e+01
7.401960784313725839e-01 1.053034884243093394e+01
7.450980392156862919e-01 9.568486763324997924e+00
7.500000000000000000e-01 8.580698496076053061e+00
7.549019607843137081e-01 7.556410880046207090e+00
7.598039215686274161e-01 6.487299567265627509e+00
7.647058823529411242e-01 5.368430980063150670e+00
7.696078431372549433e-01 4.199212951587062648e+00
7.745098039215686514e-01 2.984087369928750455e+00
7.794117647058823595e-01 1.732912222582924766e+00
7.843137254901960675e-01 4.609977226429730068e-01
7.892156862745097756e-01 -8.112192253347275672e-01
7.941176470588234837e-01 -2.058857143947217416e+00
7.990196078431371918e-01 -3.253602680393814950e+00
8.039215686274510109e-01 -4.365007984539785113e+00
8.088235294117647189e-01 -5.362009121830299208e+00
8.137254901960784270e-01 -6.214587279869072667e+00
8.186274509803921351e-01 -6.895483935961429722e+00
8.235294117647058432e-01 -7.381875214693681464e+00
8.284313725490195512e-01 -7.656909789742545769e+00
8.333333333333333703e-01 -7.711019018499958300e+00
8.382352941176470784e-01 -7.542917412304475100e+00
8.431372549019607865e-01 -7.160225637258056608e+00
8.480392156862744946e-01 -6.579666353877330565e+00
8.529411764705882026e-01 -5.826804456993652792e+00
8.578431372549019107e-01 -4.935326607826514334e+00
8.627450980392157298e-01 -3.945879166968738971e+00
8.676470588235294379e-01 -2.904507480885466286e+00
8.725490196078431460e-01 -1.860761682605752032e+00
8.774509803921568540e-01 -8.655535388755221105e-01
8.823529411764705621e-01 3.113566400959777436e-02
8.872549019607842702e-01 7.825855469345701643e-01
8.921568627450979783e-01 1.347589534547998014e+00
8.970588235294117974e-01 1.692515036252085103e+00
9.019607843137255054e-01 1.793062328140372141e+00
9.068627450980392135e-01 1.635625887702063075e+00
9.117647058823529216e-01 1.218179491008444915e+00
9.166666666666666297e-01 5.506283738060515631e-01
9.215686274509803377e-01 -3.454028478460449136e-01
9.264705882352941568e-01 -1.437350230244561988e+00
9.313725490196078649e-01 -2.683033871950946114e+00
9.362745098039215730e-01 -4.032472166133465485e+00
9.411764705882352811e-01 -5.430108755699861511e+00
9.460784313725489891e-01 -6.817351648128139985e+00
9.509803921568626972e-01 -8.135306166299118402e+00
9.558823529411764053e-01 -9.327571205904952478e+00
9.607843137254902244e-01 -1.034296236783571921e+01
9.656862745098039325e-01 -1.113802635925594053e+01
9.705882352941176405e-01 -1.167921870225806913e+01
9.754901960784313486e-01 -1.194463100440543712e+01
9.803921568627450567e-01 -1.192517424606018572e+01
9.852941176470587648e-01 -1.162514982808938591e+01
9.901960784313725839e-01 -1.106216933087912224e+01
9.950980392156862919e-01 -1.026641567351578566e+01
1.000000000000000000e+00 -9.279271089554857355e+00
1.004901960784313708e+00 -8.151369433514256357e+00
1.009803921568627416e+00 -6.940160181667375916e+00
1.014705882352941124e+00 -5.707097555294175173e+00
1.019607843137254832e+00 -4.514589097663630923e+00
1.024509803921568540e+00 -3.422852632460654299e+00
1.029411764705882248e+00 -2.486837968490047679e+00
1.034313725490195957e+00 -1.753369480879161557e+00
1.039215686274509887e+00 -1.258657652096242696e+00
1.044117647058823595e+00 -1.026312041938600705e+00
1.049019607843137303e+00 -1.065965599785825724e+00
1.053921568627451011e+00 -1.372591716997273448e+00
1.058823529411764719e+00 -1.926562239139337107e+00
1.063725490196078427e+00 -2.694458370040881956e+00
1.068627450980392135e+00 -3.630608740499459586e+00
1.073529411764705843e+00 -4.679291724468901847e+00
1.078431372549019551e+00 -5.777504219540641195e+00
1.083333333333333259e+00 -6.858168344628684743e+00
1.088235294117646967e+00 -7.853622458865401335e+00
1.093137254901960675e+00 -8.699224937334379959e+00
1.098039215686274606e+00 -9.336889298086854083e+00
1.102941176470588314e+00 -9.718368231507222177e+00
1.107843137254902022e+00 -9.808112092038026475e+00
1.112745098039215730e+00 -9.585544291516031379e+00
1.117647058823529438e+00 -9.046621164554574435e+00
1.122549019607843146e+00 -8.204576226220455126e+00
1.127450980392156854e+00 -7.089786904154761871e+00
1.132352941176470562e+00 -5.748744081962989583e+00
1.137254901960784270e+00 -4.242149182605810864e+00
1.142156862745097978e+00 -2.642207947131254731e+00
1.147058823529411686e+00 -1.029232373724183525e+00
1.151960784313725394e+00 5.122996241857671329e-01
1.156862745098039102e+00 1.898045349030170970e+00
1.161764705882353033e+00 3.048253670782636870e+00
1.166666666666666741e+00 3.892156169917383224e+00
1.171568627450980449e+00 4.372067951958705123e+00
1.176470588235294157e+00 4.446978988495025042e+00
1.181372549019607865e+00 4.095433482073352671e+00
1.186274509803921573e+00 3.317521564433249637e+00
1.191176470588235281e+00 2.135843632701138084e+00
1.196078431372548989e+00 5.953513687700571211e-01
1.200980392156862697e+00 -1.237980857516070676e+00
1.205882352941176405e+00 -3.279647076622076884e+00
1.210784313725490113e+00 -5.430201349397430377e+00
1.215686274509803821e+00 -7.579834248389666129e+00
1.220588235294117530e+00 -9.613768331890558017e+00
1.225490196078431460e+00 -1.141826253661552926e+01
1.230392156862745168e+00 -1.288697931033067690e+01
1.235294117647058876e+00 -1.392744214786925205e+01
1.240196078431372584e+00 -1.446729640650702819e+01
1.245098039215686292e+00 -1.446008379985702241e+01
1.250000000000000000e+00 -1.389025120972651450e+01
