0.000000000000000000e+00 -1.871260949579880206e+00
7.599999999999999985e-03 -3.320907362990363598e+00
1.519999999999999997e-02 -5.401673969796278563e+00
2.280000000000000082e-02 -8.408801826903795629e+00
3.039999999999999994e-02 -1.272440595975018418e+01
3.799999999999999906e-02 -1.876943434852236336e+01
4.560000000000000164e-02 -2.693458792200739182e+01
5.319999999999999729e-02 -3.750185256203819506e+01
6.079999999999999988e-02 -5.057281811766610957e+01
6.840000000000000246e-02 -6.601863342724888639e+01
7.599999999999999811e-02 -8.346368134386113979e+01
8.359999999999999376e-02 -1.023080457591240844e+02
9.120000000000000329e-02 -1.217863576218854575e+02
9.879999999999999893e-02 -1.410551579462666609e+02
1.063999999999999946e-01 -1.592925458074089420e+02
1.140000000000000041e-01 -1.757913323305760969e+02
1.215999999999999998e-01 -1.900355586670947616e+02
1.292000000000000093e-01 -2.017402839681389253e+02
1.368000000000000049e-01 -2.108513523655942663e+02
1.444000000000000006e-01 -2.175159469496043982e+02
1.519999999999999962e-01 -2.220188657557525858e+02
1.595999999999999919e-01 -2.246992287729077020e+02
1.671999999999999875e-01 -2.258791629431717922e+02
1.748000000000000109e-01 -2.257924071814941271e+02
1.824000000000000066e-01 -2.245428604004161173e+02
1.900000000000000022e-01 -2.221009055190183119e+02
1.975999999999999979e-01 -2.183133924874854017e+02
2.051999999999999935e-01 -2.129511222936165780e+02
2.127999999999999892e-01 -2.057662699709873095e+02
2.204000000000000126e-01 -1.965622675874633103e+02
2.280000000000000082e-01 -1.852461522404632035e+02
2.356000000000000039e-01 -1.718736820405719072e+02
2.431999999999999995e-01 -1.566694360944198365e+02
2.508000000000000229e-01 -1.400207774909074487e+02
2.584000000000000186e-01 -1.224507862862066219e+02
2.660000000000000142e-01 -1.045682954982170543e+02
2.736000000000000099e-01 -8.700946410344168669e+01
2.812000000000000055e-01 -7.037458004177055670e+01
2.888000000000000012e-01 -5.517216622506179391e+01
2.963999999999999968e-01 -4.177618655004658166e+01
3.039999999999999925e-01 -3.040295291205242378e+01
3.115999999999999881e-01 -2.110898221868489344e+01
3.191999999999999837e-01 -1.380974039981250989e+01
3.267999999999999794e-01 -8.313629413709717753e+00
3.343999999999999750e-01 -4.365352248217612363e+00
3.420000000000000262e-01 -1.691049916907368722e+00
3.496000000000000218e-01 -3.758145144571109486e-02
3.572000000000000175e-01 7.998511080119392602e-01
3.648000000000000131e-01 9.647437226765800400e-01
3.724000000000000088e-01 5.413763632730469455e-01
3.800000000000000044e-01 -4.306629848336212540e-01
3.876000000000000001e-01 -1.934128320166303761e+00
3.951999999999999957e-01 -3.949518627145467420e+00
4.027999999999999914e-01 -6.433548880740624476e+00
4.103999999999999870e-01 -9.304722052686031475e+00
4.179999999999999827e-01 -1.243839011747891554e+01
4.255999999999999783e-01 -1.567097205771675839e+01
4.331999999999999740e-01 -1.881231986723168248e+01
4.408000000000000251e-01 -2.166286955219090871e+01
4.484000000000000208e-01 -2.403247213104633673e+01
4.560000000000000164e-01 -2.575914763231851623e+01
4.636000000000000121e-01 -2.672445609159133184e+01
4.712000000000000077e-01 -2.686428054852957459e+01
4.788000000000000034e-01 -2.617505704361422403e+01
4.863999999999999990e-01 -2.471502061436218867e+01
4.939999999999999947e-01 -2.259968029211660223e+01
5.016000000000000458e-01 -1.999239409868710737e+01
5.091999999999999860e-01 -1.708981504387707417e+01
5.168000000000000371e-01 -1.410356212327544156e+01
5.243999999999999773e-01 -1.123852031840739052e+01
5.320000000000000284e-01 -8.671370598587452960e+00
5.395999999999999686e-01 -6.531948924880547125e+00
5.472000000000000197e-01 -4.890652255814619487e+00
5.547999999999999599e-01 -3.754565553970358405e+00
5.624000000000000110e-01 -3.073648792067862789e+00
5.699999999999999512e-01 -2.756215957085539348e+00
5.776000000000000023e-01 -2.690702051597050559e+00
5.852000000000000535e-01 -2.769471091591986234e+00
5.927999999999999936e-01 -2.909297101227008131e+00
6.004000000000000448e-01 -3.063832105680643014e+00
6.079999999999999849e-01 -3.225166124059172912e+00
6.156000000000000361e-01 -3.414557163769820214e+00
6.231999999999999762e-01 -3.664571218642739048e+00
6.308000000000000274e-01 -3.998355270595477684e+00
6.383999999999999675e-01 -4.411451295436657816e+00
6.460000000000000187e-01 -4.862470270352456936e+00
6.535999999999999588e-01 -5.275195182027167640e+00
6.612000000000000099e-01 -5.553081032071540690e+00
6.687999999999999501e-01 -5.602041838908649041e+00
6.764000000000000012e-01 -5.356116634678157240e+00
6.840000000000000524e-01 -4.798409458199855315e+00
6.915999999999999925e-01 -3.971287345601962837e+00
6.992000000000000437e-01 -2.972271321147257339e+00
7.067999999999999838e-01 -1.935922391219784489e+00
7.144000000000000350e-01 -1.006547543122852995e+00
7.219999999999999751e-01 -3.090707498195801040e-01
7.296000000000000263e-01 7.285902058209349497e-02
7.371999999999999664e-01 1.042797927215951548e-01
7.448000000000000176e-01 -2.121554273583072248e-01
7.523999999999999577e-01 -8.645686594261441371e-01
7.600000000000000089e-01 -1.871260949579883537e+00
