0.000000000000000000e+00 -2.757903862204927670e+00
8.600000000000000006e-03 -4.893827562486609217e+00
1.710000000000000062e-02 -7.959586485793012756e+00
2.570000000000000062e-02 -1.239025036372184374e+01
3.429999999999999716e-02 -1.874859691472405743e+01
4.290000000000000063e-02 -2.765479509986219142e+01
5.140000000000000124e-02 -3.968348305587044678e+01
5.999999999999999778e-02 -5.525045189683604718e+01
6.859999999999999432e-02 -7.450481463256346615e+01
7.710000000000000187e-02 -9.725619825107999361e+01
8.569999999999999840e-02 -1.229515189133060744e+02
9.429999999999999494e-02 -1.507068305310713470e+02
1.029000000000000054e-01 -1.793950008104419283e+02
1.113999999999999990e-01 -2.077729578583672208e+02
1.199999999999999956e-01 -2.346308130847424138e+02
1.285999999999999921e-01 -2.589282424501847117e+02
1.370999999999999996e-01 -2.799045911304649508e+02
1.456999999999999962e-01 -2.971389058266384495e+02
1.542999999999999927e-01 -3.105549794610649883e+02
1.628000000000000003e-01 -3.203689396625459267e+02
1.713999999999999968e-01 -3.269980234774893120e+02
1.799999999999999933e-01 -3.309443536887482651e+02
1.885999999999999899e-01 -3.326798591330742170e+02
1.970999999999999974e-01 -3.325493427432307385e+02
2.056999999999999940e-01 -3.307088654430698966e+02
2.142999999999999905e-01 -3.271109697678234056e+02
2.227999999999999980e-01 -3.215300301530243132e+02
2.313999999999999946e-01 -3.136289679210062786e+02
2.399999999999999911e-01 -3.030455619092281268e+02
2.485999999999999877e-01 -2.894868457634128731e+02
2.570999999999999952e-01 -2.728176369640108305e+02
2.656999999999999917e-01 -2.531197369784941031e+02
2.742999999999999883e-01 -2.307243702583371316e+02
2.827999999999999958e-01 -2.062030689224511377e+02
2.913999999999999924e-01 -1.803252630289193235e+02
2.999999999999999889e-01 -1.539881739980292821e+02
3.085999999999999854e-01 -1.281277123805527935e+02
3.170999999999999930e-01 -1.036298152189706343e+02
3.256999999999999895e-01 -8.124146159437796655e+01
3.342999999999999861e-01 -6.151387300593452068e+01
3.427999999999999936e-01 -4.476606118444921378e+01
3.513999999999999901e-01 -3.108019869259777224e+01
3.599999999999999867e-01 -2.033216961081201646e+01
3.685999999999999832e-01 -1.223934253979382625e+01
3.770999999999999908e-01 -6.425979891297705748e+00
3.856999999999999873e-01 -2.488536961324947505e+00
3.942999999999999838e-01 -5.430683415369865624e-02
4.027999999999999914e-01 1.178215735828386457e+00
4.113999999999999879e-01 1.420335303251309078e+00
4.199999999999999845e-01 7.960893557903302442e-01
4.284999999999999920e-01 -6.362036047367184421e-01
4.370999999999999885e-01 -2.851194107867286220e+00
4.456999999999999851e-01 -5.820110477644945490e+00
4.542999999999999816e-01 -9.479159078610203792e+00
4.627999999999999892e-01 -1.370821051665851265e+01
4.713999999999999857e-01 -1.832370573069958652e+01
4.799999999999999822e-01 -2.308470039490376990e+01
4.884999999999999898e-01 -2.771098140234809648e+01
4.970999999999999863e-01 -3.190854917939503110e+01
5.057000000000000384e-01 -3.539769812604752275e+01
5.142999999999999794e-01 -3.794005483507133647e+01
5.228000000000000425e-01 -3.936069501395915893e+01
5.313999999999999835e-01 -3.956531875738587445e+01
5.400000000000000355e-01 -3.854924739512864562e+01
5.484999999999999876e-01 -3.639802842057358845e+01
5.571000000000000396e-01 -3.328195464860309727e+01
5.656999999999999806e-01 -2.944139405247670283e+01
5.743000000000000327e-01 -2.516629307001537086e+01
5.827999999999999847e-01 -2.076831166448128130e+01
5.914000000000000368e-01 -1.654899177796222176e+01
5.999999999999999778e-01 -1.276857352182284799e+01
6.085000000000000409e-01 -9.618273720340496880e+00
6.170999999999999819e-01 -7.201561542284533601e+00
6.257000000000000339e-01 -5.528901503929202654e+00
6.342999999999999750e-01 -4.526529717908924333e+00
6.428000000000000380e-01 -4.059313089811738884e+00
6.513999999999999790e-01 -3.963011084241614856e+00
6.600000000000000311e-01 -4.079097371465143951e+00
6.684999999999999831e-01 -4.285068267449283042e+00
6.771000000000000352e-01 -4.512654127275536275e+00
6.856999999999999762e-01 -4.750335425459219607e+00
6.943000000000000282e-01 -5.029310880865407007e+00
7.027999999999999803e-01 -5.397675580928845918e+00
7.114000000000000323e-01 -5.889348434289267686e+00
7.199999999999999734e-01 -6.497853433830619529e+00
7.285000000000000364e-01 -7.162066953810013459e+00
7.370999999999999774e-01 -7.769795142081235007e+00
7.457000000000000295e-01 -8.178752229961522957e+00
7.541999999999999815e-01 -8.250509241614556899e+00
7.628000000000000336e-01 -7.887879155041501278e+00
7.713999999999999746e-01 -7.066113981263248967e+00
7.800000000000000266e-01 -5.847670933153524153e+00
7.884999999999999787e-01 -4.376233817603961462e+00
7.971000000000000307e-01 -2.850026450828870850e+00
8.056999999999999718e-01 -1.481508383689154940e+00
8.142000000000000348e-01 -4.546749928480089964e-01
8.227999999999999758e-01 1.073797157768290322e-01
8.314000000000000279e-01 1.531968643163299781e-01
8.399999999999999689e-01 -3.133125334716893029e-01
8.485000000000000320e-01 -1.274655751095664424e+00
8.570999999999999730e-01 -2.757903862204925005e+00
