0.000000000000000000e+00 -1.746992770094273695e+01
1.000000000000000021e-02 -1.890417687014899073e+01
2.000000000000000042e-02 -2.068465116293824479e+01
2.999999999999999889e-02 -2.306422257348644678e+01
4.000000000000000083e-02 -2.628384605874295232e+01
5.000000000000000278e-02 -3.049638755049452143e+01
5.999999999999999778e-02 -3.571513697792205022e+01
7.000000000000000666e-02 -4.180847629390633102e+01
8.000000000000000167e-02 -4.854837349474482977e+01
8.999999999999999667e-02 -5.569922062728748813e+01
1.000000000000000056e-01 -6.312127277728372121e+01
1.100000000000000006e-01 -7.085024304234167403e+01
1.199999999999999956e-01 -7.912156749706456083e+01
1.300000000000000044e-01 -8.832333315838698695e+01
1.400000000000000133e-01 -9.887827796927358293e+01
1.499999999999999944e-01 -1.110924357980800039e+02
1.600000000000000033e-01 -1.250024734674789642e+02
1.700000000000000122e-01 -1.402822157961283551e+02
1.799999999999999933e-01 -1.562344306508286991e+02
1.900000000000000022e-01 -1.718893369859196127e+02
2.000000000000000111e-01 -1.861837248662787943e+02
2.099999999999999922e-01 -1.981871354565357137e+02
2.200000000000000011e-01 -2.073059699852117888e+02
2.300000000000000100e-01 -2.134142236880447854e+02
2.399999999999999911e-01 -2.168682517470678874e+02
2.500000000000000000e-01 -2.183968802426883826e+02
2.600000000000000089e-01 -2.188934621320944984e+02
2.700000000000000178e-01 -2.191637502630497920e+02
2.800000000000000266e-01 -2.197019954164172191e+02
2.899999999999999800e-01 -2.205540563707338606e+02
2.999999999999999889e-01 -2.213126409666450343e+02
3.099999999999999978e-01 -2.212443901544124856e+02
3.200000000000000067e-01 -2.195141720119569015e+02
3.300000000000000155e-01 -2.154462937246502747e+02
3.400000000000000244e-01 -2.087443655336322763e+02
3.499999999999999778e-01 -1.996054106683225768e+02
3.599999999999999867e-01 -1.886958842792266182e+02
3.699999999999999956e-01 -1.769902013934018328e+02
3.800000000000000044e-01 -1.655181409029544284e+02
3.900000000000000133e-01 -1.550887125949692802e+02
4.000000000000000222e-01 -1.460752652074893092e+02
4.099999999999999756e-01 -1.383151385039102479e+02
4.199999999999999845e-01 -1.311615393409238663e+02
4.299999999999999933e-01 -1.236744417093536299e+02
4.400000000000000022e-01 -1.148950427413340662e+02
4.500000000000000111e-01 -1.041349096742993225e+02
4.600000000000000200e-01 -9.119144079222512289e+01
4.699999999999999734e-01 -7.644309734715488958e+01
4.799999999999999822e-01 -6.078406449504572606e+01
4.899999999999999911e-01 -4.542764225518340737e+01
5.000000000000000000e-01 -3.162659250637378250e+01
5.100000000000000089e-01 -2.038569302122775184e+01
5.200000000000000178e-01 -1.224444452609581369e+01
5.300000000000000266e-01 -7.182413770771111317e+00
5.400000000000000355e-01 -4.667201588707476034e+00
5.500000000000000444e-01 -3.825626931515512474e+00
5.600000000000000533e-01 -3.685495870307053057e+00
5.699999999999999512e-01 -3.420121564941139169e+00
5.799999999999999600e-01 -2.529916211980483887e+00
5.899999999999999689e-01 -9.174929871122254887e-01
5.999999999999999778e-01 1.155049001593021929e+00
6.099999999999999867e-01 3.204479737022322361e+00
6.199999999999999956e-01 4.712553288221211112e+00
6.300000000000000044e-01 5.302302780912294011e+00
6.400000000000000133e-01 4.854011353735959489e+00
6.500000000000000222e-01 3.531644114642597199e+00
6.600000000000000311e-01 1.720051109631286712e+00
6.700000000000000400e-01 -1.017956868432415285e-01
6.800000000000000488e-01 -1.507194359072557832e+00
6.899999999999999467e-01 -2.241918020126368649e+00
6.999999999999999556e-01 -2.283099775216778760e+00
7.099999999999999645e-01 -1.823154690116381094e+00
7.199999999999999734e-01 -1.189079774171411419e+00
7.299999999999999822e-01 -7.269959821588748428e-01
7.399999999999999911e-01 -6.904902332258182618e-01
7.500000000000000000e-01 -1.167710439782805087e+00
7.600000000000000089e-01 -2.067581536527388852e+00
7.700000000000000178e-01 -3.165408500270406655e+00
7.800000000000000266e-01 -4.189047354755715880e+00
7.900000000000000355e-01 -4.914938159692877839e+00
8.000000000000000444e-01 -5.241696988649045430e+00
8.100000000000000533e-01 -5.218470903486579715e+00
8.199999999999999512e-01 -5.020987933932709701e+00
8.299999999999999600e-01 -4.885803069112000685e+00
8.399999999999999689e-01 -5.027218263034660239e+00
8.499999999999999778e-01 -5.565432451540862857e+00
8.599999999999999867e-01 -6.489362574809127260e+00
8.699999999999999956e-01 -7.665520597375174994e+00
8.800000000000000044e-01 -8.887852518861713236e+00
8.900000000000000133e-01 -9.949532372690185866e+00
9.000000000000000222e-01 -1.071212021295381156e+01
9.100000000000000311e-01 -1.114786009490114083e+01
9.200000000000000400e-01 -1.134204405612775091e+01
9.300000000000000488e-01 -1.145689110473023042e+01
9.399999999999999467e-01 -1.167118721890834721e+01
9.499999999999999556e-01 -1.211911135780287019e+01
9.599999999999999645e-01 -1.285123747896720481e+01
9.699999999999999734e-01 -1.383128655703202448e+01
9.799999999999999822e-01 -1.497106959515932978e+01
9.899999999999999911e-01 -1.618886762607657914e+01
1.000000000000000000e+00 -1.746992770094274405e+01
