0.000000000000000000e+00 -2.085198768855186291e+00
9.700000000000000289e-03 -3.700380579458812491e+00
1.940000000000000058e-02 -6.018772824205625760e+00
2.900000000000000147e-02 -9.369270587609630496e+00
3.869999999999999829e-02 -1.417762356243655120e+01
4.839999999999999858e-02 -2.091281935927179347e+01
5.809999999999999887e-02 -3.001006041918132539e+01
6.769999999999999629e-02 -4.178290889046755296e+01
7.739999999999999658e-02 -5.634516650160423978e+01
8.709999999999999687e-02 -7.355279262417867869e+01
9.679999999999999716e-02 -9.298771231246006153e+01
1.063999999999999946e-01 -1.139805525776779120e+02
1.160999999999999949e-01 -1.356796173457715611e+02
1.257999999999999952e-01 -1.571449905669862801e+02
1.355000000000000093e-01 -1.774605751185381735e+02
1.451999999999999957e-01 -1.958399260996121427e+02
1.547999999999999932e-01 -2.117074900751506448e+02
1.645000000000000073e-01 -2.247446625574598613e+02
1.741999999999999937e-01 -2.348930757383426737e+02
1.839000000000000079e-01 -2.423170620692697526e+02
1.935000000000000053e-01 -2.473327686688487574e+02
2.031999999999999917e-01 -2.503187997223600121e+02
2.129000000000000059e-01 -2.516326958673187448e+02
2.225999999999999923e-01 -2.515344334869199940e+02
2.321999999999999897e-01 -2.501425817129714346e+02
2.419000000000000039e-01 -2.474216106201390062e+02
2.515999999999999903e-01 -2.432011097018426256e+02
2.612999999999999767e-01 -2.372271685899811189e+02
2.710000000000000187e-01 -2.292232215371238624e+02
2.806000000000000161e-01 -2.189689572472879888e+02
2.903000000000000025e-01 -2.063610149072513877e+02
2.999999999999999889e-01 -1.914628758672416780e+02
3.096999999999999753e-01 -1.745243100152712827e+02
3.192999999999999727e-01 -1.559774270305269681e+02
3.290000000000000147e-01 -1.364040893882929311e+02
3.387000000000000011e-01 -1.164828936515517199e+02
3.483999999999999875e-01 -9.692249866829718030e+01
3.579999999999999849e-01 -7.839172464843690591e+01
3.677000000000000268e-01 -6.145668237696523306e+01
3.774000000000000132e-01 -4.653433995444086690e+01
3.870999999999999996e-01 -3.386506704833178816e+01
3.967999999999999861e-01 -2.351241188151324124e+01
4.063999999999999835e-01 -1.538181745463706740e+01
4.161000000000000254e-01 -9.259758649051931911e+00
4.258000000000000118e-01 -4.861905090832389753e+00
4.354999999999999982e-01 -1.883137236963122740e+00
4.450999999999999956e-01 -4.150525861982307108e-02
4.547999999999999821e-01 8.911258804701079894e-01
4.645000000000000240e-01 1.074575712166655928e+00
4.742000000000000104e-01 6.027078395808769251e-01
4.838999999999999968e-01 -4.803953803652214471e-01
4.934999999999999942e-01 -2.155500679588703949e+00
5.031999999999999806e-01 -4.400897595639380100e+00
5.129000000000000226e-01 -7.168312977942585817e+00
5.225999999999999535e-01 -1.036699646754257920e+01
5.322000000000000064e-01 -1.385798576348403266e+01
5.419000000000000483e-01 -1.745914016596933394e+01
5.515999999999999792e-01 -2.095846943172591637e+01
5.613000000000000211e-01 -2.413371661439989069e+01
5.708999999999999631e-01 -2.677312583481402442e+01
5.806000000000000050e-01 -2.869640942217094803e+01
5.903000000000000469e-01 -2.977153756640198878e+01
5.999999999999999778e-01 -2.992697724801679726e+01
6.097000000000000197e-01 -2.915878964994967859e+01
6.192999999999999616e-01 -2.753191422488617590e+01
6.290000000000000036e-01 -2.517529863517009048e+01
6.387000000000000455e-01 -2.227053408614438368e+01
6.483999999999999764e-01 -1.903691886480134343e+01
6.580000000000000293e-01 -1.571028055817039970e+01
6.676999999999999602e-01 -1.251870418845307853e+01
6.774000000000000021e-01 -9.659032280721756791e+00
6.871000000000000441e-01 -7.275907300789887344e+00
6.966999999999999860e-01 -5.447709317928445039e+00
7.064000000000000279e-01 -4.182297707595661329e+00
7.160999999999999588e-01 -3.423945329762461576e+00
7.258000000000000007e-01 -3.070441031396530907e+00
7.355000000000000426e-01 -2.997520771121334970e+00
7.450999999999999845e-01 -3.085313557163633646e+00
7.548000000000000265e-01 -3.241075613459087457e+00
7.644999999999999574e-01 -3.413223418592945535e+00
7.741999999999999993e-01 -3.592971766738789263e+00
7.838000000000000522e-01 -3.803949925242785746e+00
7.934999999999999831e-01 -4.082511410171200339e+00
8.032000000000000250e-01 -4.454391065905492830e+00
8.128999999999999559e-01 -4.914625602422662887e+00
8.225000000000000089e-01 -5.417046904049527711e+00
8.322000000000000508e-01 -5.876770392257505193e+00
8.418999999999999817e-01 -6.186234159197383065e+00
8.516000000000000236e-01 -6.240665750594659222e+00
8.612999999999999545e-01 -5.966543009749149640e+00
8.709000000000000075e-01 -5.345115490525097712e+00
8.806000000000000494e-01 -4.423588730275231029e+00
8.902999999999999803e-01 -3.310632374282942436e+00
9.000000000000000222e-01 -2.156176430481670625e+00
9.095999999999999641e-01 -1.120960881930072262e+00
9.193000000000000060e-01 -3.441177831670103049e-01
9.290000000000000480e-01 8.118392519654075989e-02
9.386999999999999789e-01 1.160163696280120532e-01
9.483000000000000318e-01 -2.366545803884666510e-01
9.579999999999999627e-01 -9.636083985705572452e-01
9.677000000000000046e-01 -2.085198768855190288e+00
