0.000000000000000000e+00 -2.038999337857496208e+00
1.299999999999999940e-02 -3.618645540397224636e+00
2.610000000000000167e-02 -5.886043942429818543e+00
3.910000000000000281e-02 -9.162833408075714559e+00
5.220000000000000334e-02 -1.386550323391815454e+01
6.519999999999999407e-02 -2.045276860463535229e+01
7.829999999999999460e-02 -2.935040443278771249e+01
9.130000000000000615e-02 -4.086560115261928416e+01
1.044000000000000067e-01 -5.510924595121454672e+01
1.174000000000000044e-01 -7.194095693193887087e+01
1.303999999999999881e-01 -9.095170828080304659e+01
1.434999999999999887e-01 -1.114871355604210521e+02
1.565000000000000002e-01 -1.327139026561447110e+02
1.696000000000000008e-01 -1.537126364811614962e+02
1.826000000000000123e-01 -1.735870177437676318e+02
1.957000000000000128e-01 -1.915678143283569739e+02
2.086999999999999966e-01 -2.070912944366270096e+02
2.217000000000000082e-01 -2.198464929191010810e+02
2.348000000000000087e-01 -2.297770416316203352e+02
2.477999999999999925e-01 -2.370415546259714290e+02
2.609000000000000208e-01 -2.419467444203422133e+02
2.738999999999999768e-01 -2.448692760232955834e+02
2.869999999999999774e-01 -2.461561474997665755e+02
2.999999999999999889e-01 -2.460599995416801846e+02
3.130999999999999894e-01 -2.447003722882437557e+02
3.261000000000000010e-01 -2.420404390969946462e+02
3.391000000000000125e-01 -2.379127152446567663e+02
3.522000000000000131e-01 -2.320689150910290834e+02
3.652000000000000246e-01 -2.242392605426561545e+02
3.783000000000000251e-01 -2.142095406780712494e+02
3.912999999999999812e-01 -2.018780639999472157e+02
4.043999999999999817e-01 -1.873055556494234111e+02
4.173999999999999932e-01 -1.707367528838415183e+02
4.304999999999999938e-01 -1.525941680511302536e+02
4.435000000000000053e-01 -1.334471499063706972e+02
4.565000000000000169e-01 -1.139594929738564417e+02
4.696000000000000174e-01 -9.482425829278267315e+01
4.825999999999999734e-01 -7.669605019922984468e+01
4.956999999999999740e-01 -6.012837652454408044e+01
5.087000000000000410e-01 -4.552962595944750035e+01
5.218000000000000416e-01 -3.313475510415179315e+01
5.348000000000000531e-01 -2.300591428984760967e+01
5.477999999999999536e-01 -1.505113482259115720e+01
5.608999999999999542e-01 -9.061225251787128343e+00
5.738999999999999657e-01 -4.758157843085855987e+00
5.869999999999999662e-01 -1.843503658309386228e+00
5.999999999999999778e-01 -4.136565355924504139e-02
6.130999999999999783e-01 8.714430294386792397e-01
6.260999999999999899e-01 1.051301158155973914e+00
6.391999999999999904e-01 5.900687184774614513e-01
6.522000000000000020e-01 -4.690985292704153986e-01
6.652000000000000135e-01 -2.107412219897743633e+00
6.783000000000000140e-01 -4.303605191446221667e+00
6.913000000000000256e-01 -7.010524485108682313e+00
7.044000000000000261e-01 -1.013936637236089844e+01
7.174000000000000377e-01 -1.355425675437733446e+01
7.305000000000000382e-01 -1.707705799949177461e+01
7.435000000000000497e-01 -2.050042870796427152e+01
7.566000000000000503e-01 -2.360686584099426710e+01
7.695999999999999508e-01 -2.618909197122218302e+01
7.825999999999999623e-01 -2.807116581901927432e+01
7.956999999999999629e-01 -2.912326829800730366e+01
8.086999999999999744e-01 -2.927579283736322679e+01
8.217999999999999750e-01 -2.852481489156439665e+01
8.347999999999999865e-01 -2.693395221800264139e+01
8.478999999999999870e-01 -2.462884019092641807e+01
8.608999999999999986e-01 -2.178756229971203950e+01
8.739000000000000101e-01 -1.862452079564715035e+01
8.870000000000000107e-01 -1.537021898636318262e+01
9.000000000000000222e-01 -1.224796281855996583e+01
9.131000000000000227e-01 -9.450318388973720118e+00
9.261000000000000343e-01 -7.118759869648178196e+00
9.392000000000000348e-01 -5.330013086464518324e+00
9.522000000000000464e-01 -4.091829082727288736e+00
9.653000000000000469e-01 -3.349720661253040355e+00
9.782999999999999474e-01 -3.003706403619990972e+00
9.912999999999999590e-01 -2.932264415372896060e+00
1.004399999999999959e+00 -3.018075212897665338e+00
1.017400000000000082e+00 -3.170434820527348485e+00
1.030499999999999972e+00 -3.338818227506425984e+00
1.043500000000000094e+00 -3.514646097793114876e+00
1.056599999999999984e+00 -3.721002032163460704e+00
1.069600000000000106e+00 -3.993460516585217945e+00
1.082699999999999996e+00 -4.357208918319185997e+00
1.095699999999999896e+00 -4.807399149073728672e+00
1.108700000000000019e+00 -5.298885075851247350e+00
1.121799999999999908e+00 -5.748696087390300136e+00
1.134800000000000031e+00 -6.051554111727261542e+00
1.147899999999999920e+00 -6.104957084000830037e+00
1.160900000000000043e+00 -5.836992402014674397e+00
1.173999999999999932e+00 -5.229246176820204539e+00
1.187000000000000055e+00 -4.327928937554821331e+00
1.199999999999999956e+00 -3.239239649401201238e+00
1.213100000000000067e+00 -2.109870462419752180e+00
1.226099999999999968e+00 -1.097054118956442892e+00
1.239200000000000079e+00 -3.369390356754717875e-01
1.252199999999999980e+00 7.931545477311113812e-02
1.265300000000000091e+00 1.136027204140149793e-01
1.278299999999999992e+00 -2.311888489181628814e-01
1.291400000000000103e+00 -9.421108391404571236e-01
1.304400000000000004e+00 -2.038999337857488214e+00
